WheatHead 0.0 654.0 37.0 765.0
WheatHead 0.0 817.0 135.0 915.0
WheatHead 0.0 192.0 22.0 273.0
WheatHead 4.0 342.0 67.0 380.0
WheatHead 82.0 334.0 164.0 415.0
WheatHead 30.0 296.0 78.0 345.0
WheatHead 176.0 316.0 246.0 370.0
WheatHead 176.0 126.0 245.0 177.0
WheatHead 203.0 38.0 245.0 123.0
WheatHead 3.0 142.0 92.0 200.0
WheatHead 236.0 0.0 296.0 25.0
WheatHead 329.0 0.0 404.0 57.0
WheatHead 796.0 0.0 865.0 96.0
WheatHead 659.0 24.0 718.0 114.0
WheatHead 540.0 81.0 680.0 161.0
WheatHead 233.0 152.0 322.0 203.0
WheatHead 422.0 159.0 480.0 209.0
WheatHead 462.0 153.0 667.0 217.0
WheatHead 468.0 210.0 576.0 263.0
WheatHead 417.0 235.0 553.0 323.0
WheatHead 287.0 257.0 343.0 308.0
WheatHead 283.0 322.0 400.0 398.0
WheatHead 393.0 329.0 567.0 429.0
WheatHead 606.0 346.0 653.0 403.0
WheatHead 611.0 286.0 681.0 342.0
WheatHead 718.0 305.0 772.0 374.0
WheatHead 709.0 179.0 811.0 259.0
WheatHead 813.0 191.0 933.0 256.0
WheatHead 862.0 121.0 927.0 173.0
WheatHead 876.0 400.0 956.0 504.0
WheatHead 951.0 422.0 1003.0 477.0
WheatHead 763.0 414.0 832.0 468.0
WheatHead 633.0 462.0 710.0 507.0
WheatHead 438.0 436.0 542.0 487.0
WheatHead 356.0 448.0 421.0 498.0
WheatHead 292.0 418.0 361.0 497.0
WheatHead 251.0 528.0 326.0 590.0
WheatHead 421.0 501.0 473.0 550.0
WheatHead 692.0 487.0 769.0 553.0
WheatHead 769.0 474.0 859.0 575.0
WheatHead 692.0 685.0 775.0 743.0
WheatHead 611.0 710.0 683.0 802.0
WheatHead 417.0 635.0 487.0 706.0
WheatHead 706.0 768.0 809.0 825.0
WheatHead 820.0 755.0 947.0 811.0
WheatHead 899.0 730.0 982.0 782.0
WheatHead 855.0 850.0 1009.0 1004.0
WheatHead 792.0 939.0 855.0 1024.0
WheatHead 605.0 875.0 780.0 965.0
WheatHead 364.0 832.0 422.0 896.0
WheatHead 246.0 929.0 385.0 1006.0
WheatHead 400.0 937.0 482.0 1024.0
WheatHead 471.0 899.0 534.0 959.0
WheatHead 701.0 506.0 863.0 593.0
WheatHead 552.0 404.0 639.0 478.0
