WheatHead 765.0 879.0 881.0 958.0
WheatHead 84.0 539.0 237.0 635.0
WheatHead 855.0 781.0 951.0 857.0
WheatHead 798.0 934.0 931.0 1022.0
WheatHead 330.0 395.0 475.0 610.0
WheatHead 0.0 0.0 72.0 106.0
WheatHead 711.0 60.0 849.0 157.0
WheatHead 157.0 393.0 377.0 501.0
WheatHead 967.0 545.0 1024.0 684.0
WheatHead 305.0 577.0 525.0 680.0
WheatHead 562.0 518.0 756.0 628.0
WheatHead 737.0 555.0 860.0 736.0
WheatHead 212.0 151.0 396.0 267.0
WheatHead 606.0 229.0 773.0 379.0
WheatHead 322.0 860.0 406.0 1024.0
WheatHead 933.0 43.0 1022.0 275.0
WheatHead 192.0 289.0 454.0 387.0
WheatHead 1.0 643.0 81.0 731.0
WheatHead 97.0 477.0 223.0 533.0
WheatHead 1.0 399.0 81.0 507.0
