WheatHead 89.0 256.0 202.0 363.0
WheatHead 216.0 282.0 341.0 401.0
WheatHead 197.0 0.0 279.0 34.0
WheatHead 504.0 558.0 704.0 642.0
WheatHead 419.0 361.0 556.0 458.0
WheatHead 384.0 243.0 477.0 326.0
WheatHead 754.0 184.0 838.0 300.0
WheatHead 329.0 410.0 429.0 495.0
WheatHead 437.0 41.0 512.0 123.0
WheatHead 338.0 877.0 554.0 962.0
WheatHead 258.0 0.0 350.0 76.0
WheatHead 274.0 63.0 389.0 166.0
WheatHead 875.0 778.0 1024.0 851.0
WheatHead 708.0 587.0 798.0 667.0
WheatHead 128.0 363.0 215.0 437.0
WheatHead 811.0 960.0 972.0 1024.0
WheatHead 719.0 0.0 807.0 63.0
WheatHead 401.0 145.0 501.0 229.0
WheatHead 529.0 89.0 619.0 164.0
WheatHead 76.0 750.0 230.0 837.0
WheatHead 867.0 672.0 1022.0 787.0
WheatHead 946.0 457.0 1024.0 513.0
WheatHead 939.0 852.0 1021.0 990.0
WheatHead 130.0 184.0 202.0 258.0
WheatHead 0.0 291.0 49.0 355.0
WheatHead 350.0 691.0 432.0 765.0
WheatHead 284.0 629.0 360.0 732.0
WheatHead 0.0 650.0 94.0 755.0
WheatHead 0.0 614.0 40.0 696.0
WheatHead 71.0 663.0 135.0 760.0
WheatHead 185.0 652.0 243.0 714.0
WheatHead 471.0 952.0 547.0 1024.0
WheatHead 199.0 696.0 317.0 773.0
WheatHead 960.0 506.0 1024.0 609.0
WheatHead 238.0 957.0 317.0 1024.0
WheatHead 365.0 61.0 416.0 122.0
WheatHead 478.0 0.0 559.0 47.0
WheatHead 804.0 815.0 869.0 890.0
WheatHead 715.0 859.0 783.0 926.0
WheatHead 968.0 384.0 1024.0 459.0
WheatHead 893.0 105.0 985.0 181.0
