WheatHead 0.0 103.0 22.0 175.0
WheatHead 0.0 8.0 76.0 98.0
WheatHead 59.0 64.0 120.0 124.0
WheatHead 52.0 112.0 142.0 201.0
WheatHead 111.0 227.0 206.0 354.0
WheatHead 244.0 204.0 339.0 323.0
WheatHead 16.0 402.0 129.0 577.0
WheatHead 163.0 367.0 265.0 472.0
WheatHead 22.0 603.0 99.0 760.0
WheatHead 166.0 752.0 281.0 905.0
WheatHead 3.0 868.0 78.0 921.0
WheatHead 92.0 938.0 207.0 1004.0
WheatHead 39.0 1009.0 118.0 1024.0
WheatHead 157.0 996.0 240.0 1024.0
WheatHead 231.0 984.0 294.0 1024.0
WheatHead 786.0 918.0 876.0 1024.0
WheatHead 725.0 1009.0 776.0 1024.0
WheatHead 556.0 886.0 648.0 945.0
WheatHead 323.0 903.0 419.0 1024.0
WheatHead 315.0 620.0 462.0 768.0
WheatHead 452.0 790.0 546.0 890.0
WheatHead 536.0 702.0 669.0 887.0
WheatHead 608.0 671.0 688.0 789.0
WheatHead 696.0 688.0 779.0 769.0
WheatHead 719.0 751.0 784.0 820.0
WheatHead 769.0 787.0 853.0 846.0
WheatHead 924.0 692.0 1024.0 745.0
WheatHead 1007.0 738.0 1024.0 803.0
WheatHead 832.0 590.0 914.0 661.0
WheatHead 715.0 530.0 795.0 648.0
WheatHead 540.0 472.0 671.0 571.0
WheatHead 382.0 379.0 452.0 500.0
WheatHead 379.0 297.0 495.0 376.0
WheatHead 719.0 195.0 837.0 290.0
WheatHead 507.0 146.0 567.0 234.0
WheatHead 448.0 62.0 592.0 164.0
WheatHead 331.0 95.0 463.0 157.0
WheatHead 645.0 21.0 740.0 115.0
WheatHead 917.0 3.0 1012.0 115.0
WheatHead 871.0 451.0 972.0 553.0
WheatHead 26.0 0.0 189.0 29.0
WheatHead 236.0 32.0 325.0 101.0
WheatHead 687.0 120.0 813.0 192.0
