WheatHead 327.0 3.0 362.0 52.0
WheatHead 928.0 0.0 1018.0 38.0
WheatHead 952.0 38.0 1021.0 82.0
WheatHead 994.0 82.0 1024.0 136.0
WheatHead 921.0 174.0 993.0 202.0
WheatHead 937.0 243.0 1008.0 284.0
WheatHead 973.0 318.0 1024.0 357.0
WheatHead 871.0 297.0 954.0 353.0
WheatHead 793.0 349.0 887.0 468.0
WheatHead 726.0 237.0 790.0 271.0
WheatHead 713.0 89.0 775.0 128.0
WheatHead 760.0 17.0 839.0 60.0
WheatHead 784.0 201.0 825.0 240.0
WheatHead 668.0 249.0 751.0 307.0
WheatHead 606.0 266.0 685.0 311.0
WheatHead 512.0 189.0 590.0 238.0
WheatHead 429.0 107.0 480.0 158.0
WheatHead 498.0 60.0 548.0 110.0
WheatHead 283.0 75.0 325.0 123.0
WheatHead 378.0 285.0 424.0 327.0
WheatHead 224.0 214.0 285.0 247.0
WheatHead 271.0 258.0 310.0 308.0
WheatHead 83.0 195.0 124.0 263.0
WheatHead 165.0 254.0 217.0 306.0
WheatHead 3.0 380.0 72.0 438.0
WheatHead 26.0 151.0 62.0 194.0
WheatHead 270.0 586.0 332.0 630.0
WheatHead 355.0 663.0 400.0 700.0
WheatHead 243.0 705.0 331.0 744.0
WheatHead 349.0 713.0 438.0 760.0
WheatHead 824.0 651.0 907.0 690.0
WheatHead 821.0 723.0 929.0 769.0
WheatHead 672.0 735.0 721.0 779.0
WheatHead 631.0 758.0 691.0 813.0
WheatHead 754.0 832.0 815.0 865.0
WheatHead 813.0 882.0 887.0 950.0
WheatHead 713.0 967.0 787.0 1024.0
WheatHead 678.0 848.0 722.0 875.0
WheatHead 521.0 862.0 580.0 926.0
WheatHead 456.0 907.0 504.0 1001.0
WheatHead 349.0 833.0 428.0 888.0
WheatHead 360.0 785.0 471.0 855.0
WheatHead 303.0 865.0 365.0 945.0
WheatHead 238.0 969.0 282.0 1024.0
WheatHead 146.0 658.0 190.0 696.0
WheatHead 97.0 672.0 131.0 704.0
WheatHead 79.0 778.0 135.0 812.0
WheatHead 117.0 822.0 163.0 875.0
WheatHead 102.0 911.0 160.0 995.0
WheatHead 71.0 890.0 116.0 968.0
WheatHead 38.0 962.0 72.0 1024.0
WheatHead 406.0 782.0 484.0 863.0
WheatHead 368.0 836.0 448.0 877.0
WheatHead 794.0 633.0 837.0 676.0
WheatHead 854.0 76.0 919.0 114.0
