WheatHead 185.0 559.0 331.0 672.0
WheatHead 691.0 809.0 819.0 881.0
WheatHead 171.0 282.0 302.0 400.0
WheatHead 0.0 438.0 92.0 538.0
WheatHead 94.0 724.0 209.0 829.0
WheatHead 647.0 518.0 855.0 657.0
WheatHead 785.0 0.0 918.0 40.0
WheatHead 43.0 550.0 138.0 660.0
WheatHead 903.0 867.0 1021.0 988.0
WheatHead 929.0 460.0 1024.0 555.0
WheatHead 901.0 64.0 1024.0 243.0
WheatHead 471.0 59.0 625.0 162.0
WheatHead 382.0 9.0 546.0 113.0
WheatHead 929.0 638.0 1024.0 748.0
WheatHead 946.0 351.0 1024.0 446.0
WheatHead 654.0 525.0 872.0 643.0
