WheatHead 322.0 46.0 412.0 192.0
WheatHead 514.0 217.0 604.0 304.0
WheatHead 586.0 17.0 709.0 133.0
WheatHead 322.0 906.0 403.0 979.0
WheatHead 437.0 414.0 583.0 550.0
WheatHead 0.0 345.0 115.0 422.0
WheatHead 970.0 215.0 1024.0 309.0
WheatHead 555.0 524.0 701.0 640.0
WheatHead 266.0 271.0 366.0 407.0
WheatHead 330.0 504.0 427.0 627.0
WheatHead 448.0 857.0 529.0 965.0
WheatHead 560.0 706.0 698.0 855.0
WheatHead 514.0 15.0 593.0 133.0
WheatHead 207.0 541.0 305.0 628.0
WheatHead 760.0 446.0 844.0 526.0
WheatHead 834.0 691.0 939.0 801.0
WheatHead 453.0 38.0 529.0 174.0
WheatHead 898.0 506.0 980.0 576.0
WheatHead 410.0 0.0 489.0 50.0
WheatHead 189.0 0.0 248.0 55.0
WheatHead 720.0 0.0 816.0 52.0
