WheatHead 611.0 266.0 704.0 373.0
WheatHead 225.0 486.0 320.0 581.0
WheatHead 970.0 43.0 1024.0 194.0
WheatHead 800.0 519.0 854.0 580.0
WheatHead 232.0 291.0 300.0 365.0
WheatHead 792.0 963.0 888.0 1023.0
WheatHead 455.0 592.0 513.0 666.0
WheatHead 839.0 184.0 916.0 273.0
WheatHead 923.0 964.0 987.0 1023.0
WheatHead 186.0 847.0 248.0 921.0
WheatHead 908.0 540.0 983.0 637.0
WheatHead 727.0 670.0 808.0 808.0
WheatHead 521.0 352.0 586.0 469.0
WheatHead 66.0 773.0 151.0 857.0
WheatHead 10.0 963.0 81.0 1022.0
WheatHead 207.0 737.0 295.0 823.0
WheatHead 371.0 729.0 455.0 801.0
WheatHead 610.0 158.0 674.0 235.0
WheatHead 926.0 289.0 964.0 355.0
WheatHead 563.0 673.0 634.0 757.0
WheatHead 747.0 376.0 811.0 460.0
WheatHead 158.0 493.0 206.0 580.0
WheatHead 552.0 495.0 614.0 555.0
WheatHead 346.0 316.0 425.0 399.0
WheatHead 249.0 128.0 304.0 221.0
WheatHead 230.0 655.0 307.0 724.0
WheatHead 2.0 488.0 53.0 552.0
WheatHead 890.0 627.0 952.0 704.0
WheatHead 256.0 823.0 307.0 882.0
WheatHead 957.0 314.0 1024.0 424.0
WheatHead 113.0 0.0 183.0 92.0
WheatHead 40.0 264.0 76.0 328.0
WheatHead 19.0 177.0 72.0 248.0
WheatHead 0.0 250.0 36.0 342.0
WheatHead 404.0 158.0 476.0 294.0
WheatHead 340.0 166.0 419.0 245.0
WheatHead 290.0 3.0 345.0 73.0
WheatHead 324.0 31.0 375.0 126.0
WheatHead 331.0 105.0 380.0 215.0
WheatHead 394.0 325.0 460.0 412.0
WheatHead 529.0 273.0 591.0 340.0
WheatHead 719.0 337.0 778.0 407.0
WheatHead 508.0 615.0 560.0 667.0
WheatHead 449.0 669.0 517.0 719.0
WheatHead 515.0 632.0 595.0 727.0
WheatHead 366.0 893.0 453.0 960.0
WheatHead 265.0 957.0 318.0 1021.0
WheatHead 777.0 805.0 841.0 875.0
WheatHead 593.0 455.0 706.0 552.0
WheatHead 931.0 56.0 1011.0 181.0
WheatHead 967.0 248.0 1024.0 327.0
WheatHead 857.0 496.0 939.0 570.0
