WheatHead 94.0 384.0 238.0 491.0
WheatHead 35.0 506.0 145.0 622.0
WheatHead 617.0 741.0 727.0 820.0
WheatHead 501.0 87.0 609.0 217.0
WheatHead 350.0 89.0 506.0 199.0
WheatHead 655.0 668.0 782.0 754.0
WheatHead 401.0 842.0 601.0 1024.0
WheatHead 51.0 276.0 146.0 396.0
WheatHead 128.0 660.0 327.0 811.0
WheatHead 563.0 563.0 663.0 660.0
WheatHead 179.0 908.0 286.0 1011.0
WheatHead 908.0 530.0 1024.0 624.0
WheatHead 635.0 897.0 803.0 1017.0
WheatHead 263.0 642.0 345.0 734.0
WheatHead 261.0 637.0 343.0 732.0
WheatHead 135.0 289.0 220.0 384.0
WheatHead 143.0 308.0 225.0 395.0
WheatHead 12.0 957.0 99.0 1021.0
WheatHead 728.0 943.0 927.0 1024.0
WheatHead 564.0 415.0 666.0 497.0
