WheatHead 894.0 692.0 989.0 785.0
WheatHead 806.0 684.0 880.0 771.0
WheatHead 852.0 256.0 949.0 353.0
WheatHead 737.0 947.0 829.0 1024.0
WheatHead 679.0 863.0 748.0 937.0
WheatHead 51.0 140.0 143.0 245.0
WheatHead 299.0 371.0 389.0 451.0
WheatHead 135.0 89.0 212.0 179.0
WheatHead 276.0 593.0 371.0 665.0
WheatHead 273.0 494.0 391.0 591.0
WheatHead 151.0 299.0 248.0 409.0
WheatHead 626.0 754.0 690.0 836.0
WheatHead 597.0 718.0 661.0 803.0
WheatHead 661.0 0.0 730.0 61.0
WheatHead 199.0 104.0 266.0 202.0
WheatHead 829.0 486.0 962.0 624.0
WheatHead 92.0 338.0 138.0 402.0
WheatHead 982.0 143.0 1024.0 213.0
WheatHead 750.0 545.0 865.0 668.0
WheatHead 749.0 98.0 818.0 147.0
WheatHead 865.0 69.0 926.0 133.0
WheatHead 760.0 34.0 826.0 88.0
WheatHead 307.0 2.0 373.0 74.0
