WheatHead 985.0 673.0 1024.0 764.0
WheatHead 92.0 686.0 163.0 785.0
WheatHead 727.0 613.0 839.0 673.0
WheatHead 43.0 252.0 124.0 324.0
WheatHead 341.0 370.0 432.0 454.0
WheatHead 903.0 856.0 983.0 968.0
WheatHead 673.0 512.0 736.0 594.0
WheatHead 409.0 5.0 496.0 88.0
WheatHead 550.0 940.0 626.0 1013.0
WheatHead 460.0 80.0 561.0 155.0
WheatHead 185.0 614.0 267.0 669.0
WheatHead 455.0 118.0 536.0 214.0
WheatHead 356.0 175.0 469.0 256.0
WheatHead 67.0 38.0 184.0 108.0
WheatHead 621.0 77.0 717.0 174.0
WheatHead 133.0 0.0 176.0 86.0
WheatHead 852.0 575.0 935.0 650.0
WheatHead 734.0 152.0 817.0 251.0
WheatHead 331.0 625.0 441.0 689.0
WheatHead 819.0 70.0 901.0 131.0
WheatHead 1.0 490.0 103.0 589.0
WheatHead 293.0 625.0 368.0 752.0
WheatHead 935.0 349.0 1024.0 402.0
WheatHead 607.0 309.0 678.0 370.0
WheatHead 925.0 0.0 972.0 103.0
WheatHead 178.0 141.0 314.0 211.0
WheatHead 281.0 827.0 376.0 873.0
WheatHead 2.0 968.0 146.0 1023.0
WheatHead 790.0 865.0 846.0 990.0
WheatHead 450.0 166.0 592.0 312.0
WheatHead 507.0 1.0 628.0 73.0
WheatHead 277.0 569.0 365.0 625.0
WheatHead 968.0 535.0 1024.0 667.0
WheatHead 264.0 21.0 338.0 72.0
WheatHead 170.0 0.0 244.0 51.0
WheatHead 464.0 965.0 560.0 1024.0
WheatHead 459.0 340.0 555.0 416.0
WheatHead 402.0 348.0 493.0 401.0
WheatHead 228.0 308.0 270.0 394.0
WheatHead 604.0 817.0 690.0 849.0
WheatHead 281.0 211.0 375.0 252.0
WheatHead 1.0 567.0 60.0 618.0
WheatHead 771.0 163.0 860.0 233.0
WheatHead 909.0 945.0 1024.0 1007.0
WheatHead 495.0 768.0 594.0 800.0
WheatHead 298.0 729.0 388.0 762.0
WheatHead 503.0 344.0 576.0 389.0
WheatHead 283.0 136.0 354.0 208.0
WheatHead 375.0 441.0 427.0 487.0
WheatHead 184.0 764.0 240.0 797.0
WheatHead 95.0 940.0 227.0 982.0
WheatHead 663.0 887.0 792.0 975.0
WheatHead 131.0 432.0 270.0 560.0
WheatHead 519.0 149.0 663.0 273.0
WheatHead 404.0 1010.0 468.0 1024.0
WheatHead 981.0 330.0 1024.0 357.0
WheatHead 4.0 304.0 111.0 348.0
WheatHead 646.7999877929688 656.0 751.0 739.7999877929688
WheatHead 734.0 823.0 795.0 853.0
WheatHead 658.0 770.0 686.0 836.0
WheatHead 822.0 495.0 903.0 561.0
WheatHead 465.0 876.0 585.0 913.0
WheatHead 275.0 775.0 339.0 839.0
WheatHead 308.0 1.0 352.0 68.0
WheatHead 654.0 42.0 776.0 97.0
WheatHead 517.0 516.0 662.0 565.0
WheatHead 202.0 846.0 368.0 888.0
WheatHead 1.0 757.0 86.0 820.0
WheatHead 1.0 99.0 49.0 174.0
WheatHead 140.0 898.0 197.0 939.0
WheatHead 824.0 496.0 895.0 535.0
WheatHead 199.0 905.0 339.0 1024.0
WheatHead 3.0 884.0 54.0 924.0
WheatHead 59.0 101.0 138.0 203.0
WheatHead 724.0 963.0 842.0 1015.0
