WheatHead 66.0 450.0 158.0 568.0
WheatHead 581.0 261.0 655.0 368.0
WheatHead 256.0 857.0 343.0 960.0
WheatHead 888.0 71.0 962.0 189.0
WheatHead 488.0 465.0 558.0 560.0
WheatHead 913.0 796.0 1011.0 875.0
WheatHead 698.0 645.0 778.0 721.0
WheatHead 332.0 381.0 430.0 491.0
WheatHead 58.0 12.0 128.0 135.0
WheatHead 279.0 286.0 378.0 358.0
WheatHead 104.0 112.0 176.0 202.0
WheatHead 327.0 977.0 419.0 1024.0
WheatHead 378.0 558.0 440.0 645.0
WheatHead 396.0 235.0 471.0 340.0
WheatHead 954.0 673.0 1024.0 770.0
WheatHead 217.0 496.0 281.0 560.0
WheatHead 345.0 38.0 417.0 94.0
WheatHead 20.0 276.0 79.0 391.0
WheatHead 227.0 314.0 291.0 399.0
WheatHead 755.0 501.0 816.0 570.0
WheatHead 711.0 156.0 775.0 243.0
WheatHead 458.0 944.0 517.0 1021.0
WheatHead 576.0 53.0 632.0 122.0
WheatHead 701.0 552.0 760.0 604.0
WheatHead 979.0 224.0 1023.0 295.0
WheatHead 614.0 471.0 675.0 529.0
WheatHead 330.0 465.0 394.0 532.0
WheatHead 522.0 911.0 583.0 967.0
WheatHead 650.0 117.0 704.0 209.0
WheatHead 399.0 939.0 453.0 995.0
WheatHead 335.0 137.0 412.0 206.0
WheatHead 598.0 783.0 662.0 839.0
WheatHead 670.0 934.0 734.0 993.0
WheatHead 857.0 711.0 913.0 780.0
WheatHead 138.0 2.0 197.0 87.0
WheatHead 384.0 317.0 435.0 381.0
WheatHead 524.0 542.0 604.0 609.0
WheatHead 135.0 353.0 212.0 427.0
WheatHead 849.0 148.0 908.0 215.0
WheatHead 979.0 10.0 1024.0 92.0
WheatHead 706.0 419.0 775.0 483.0
WheatHead 483.0 181.0 542.0 291.0
WheatHead 432.0 117.0 488.0 184.0
WheatHead 494.0 199.0 583.0 312.0
WheatHead 427.0 691.0 511.0 784.0
WheatHead 494.0 650.0 545.0 696.0
WheatHead 663.0 215.0 714.0 268.0
WheatHead 953.0 623.0 981.0 694.0
WheatHead 1.0 636.0 55.0 715.0
WheatHead 2.0 885.0 71.0 939.0
WheatHead 71.0 721.0 130.0 780.0
WheatHead 38.0 696.0 92.0 755.0
WheatHead 43.0 286.0 120.0 386.0
WheatHead 519.0 279.0 568.0 363.0
WheatHead 460.0 286.0 512.0 360.0
WheatHead 304.0 473.0 345.0 540.0
WheatHead 942.0 222.0 1000.0 348.0
WheatHead 600.0 438.0 620.0 456.0
WheatHead 84.0 796.0 143.0 826.0
WheatHead 905.0 0.0 977.0 42.0
WheatHead 510.0 66.0 556.0 108.0
