WheatHead 885.0 688.0 1006.0 785.0
WheatHead 762.0 522.0 839.0 606.0
WheatHead 143.0 271.0 239.0 379.0
WheatHead 919.0 355.0 1013.0 422.0
WheatHead 84.0 788.0 158.0 893.0
WheatHead 269.0 39.0 341.0 139.0
WheatHead 770.0 335.0 855.0 437.0
WheatHead 637.0 76.0 708.0 179.0
WheatHead 171.0 658.0 237.0 743.0
WheatHead 532.0 622.0 622.0 727.0
WheatHead 537.0 384.0 634.0 545.0
WheatHead 669.0 197.0 724.0 307.0
WheatHead 679.0 831.0 753.0 903.0
WheatHead 48.0 50.0 107.0 152.0
WheatHead 76.0 967.0 202.0 1024.0
WheatHead 42.0 502.0 102.0 584.0
WheatHead 622.0 714.0 683.0 806.0
WheatHead 522.0 486.0 586.0 555.0
WheatHead 617.0 954.0 686.0 1023.0
WheatHead 686.0 73.0 735.0 130.0
WheatHead 731.0 2.0 791.0 61.0
