WheatHead 281.0 257.0 407.0 387.0
WheatHead 442.0 280.0 550.0 460.0
WheatHead 491.0 478.0 585.0 664.0
WheatHead 495.0 643.0 652.0 715.0
WheatHead 629.0 599.0 815.0 719.0
WheatHead 608.0 495.0 693.0 589.0
WheatHead 593.0 453.0 715.0 531.0
WheatHead 866.0 77.0 1016.0 199.0
WheatHead 141.0 67.0 248.0 235.0
WheatHead 0.0 166.0 105.0 264.0
WheatHead 49.0 214.0 171.0 369.0
WheatHead 68.0 543.0 266.0 690.0
WheatHead 0.0 470.0 84.0 585.0
WheatHead 0.0 559.0 38.0 672.0
WheatHead 275.0 738.0 354.0 830.0
WheatHead 261.0 837.0 344.0 963.0
WheatHead 117.0 915.0 205.0 1011.0
WheatHead 19.0 943.0 128.0 1024.0
WheatHead 32.0 873.0 113.0 939.0
WheatHead 395.0 760.0 521.0 875.0
WheatHead 451.0 813.0 694.0 962.0
WheatHead 387.0 942.0 538.0 1024.0
WheatHead 726.0 918.0 936.0 1024.0
WheatHead 924.0 719.0 1016.0 796.0
WheatHead 472.0 0.0 581.0 88.0
WheatHead 284.0 59.0 373.0 136.0
