WheatHead 627.0 373.0 803.0 476.0
WheatHead 58.0 803.0 192.0 908.0
WheatHead 614.0 778.0 757.0 883.0
WheatHead 862.0 476.0 1011.0 570.0
WheatHead 604.0 0.0 747.0 53.0
WheatHead 747.0 519.0 865.0 599.0
WheatHead 0.0 807.0 57.0 912.0
WheatHead 511.0 125.0 735.0 229.0
WheatHead 832.0 606.0 975.0 683.0
WheatHead 709.0 596.0 867.0 719.0
WheatHead 632.0 883.0 796.0 1021.0
WheatHead 378.0 335.0 430.0 401.0
WheatHead 7.0 919.0 115.0 1006.0
WheatHead 814.0 901.0 1008.0 970.0
WheatHead 781.0 278.0 846.0 342.0
