WheatHead 913.0 491.0 1024.0 614.0
WheatHead 102.0 401.0 232.0 545.0
WheatHead 688.0 69.0 793.0 161.0
WheatHead 450.0 0.0 552.0 40.0
WheatHead 599.0 445.0 698.0 522.0
WheatHead 506.0 396.0 614.0 483.0
WheatHead 791.0 481.0 888.0 588.0
WheatHead 499.0 496.0 609.0 583.0
WheatHead 532.0 120.0 663.0 232.0
WheatHead 875.0 7.0 964.0 92.0
WheatHead 901.0 194.0 995.0 284.0
WheatHead 950.0 757.0 1024.0 842.0
WheatHead 309.0 181.0 430.0 279.0
WheatHead 727.0 168.0 819.0 258.0
WheatHead 289.0 0.0 386.0 38.0
WheatHead 322.0 48.0 424.0 138.0
WheatHead 673.0 711.0 773.0 808.0
WheatHead 739.0 381.0 837.0 471.0
WheatHead 755.0 811.0 936.0 977.0
WheatHead 43.0 760.0 189.0 893.0
WheatHead 327.0 268.0 514.0 401.0
WheatHead 148.0 606.0 245.0 704.0
WheatHead 364.0 769.0 502.0 928.0
WheatHead 734.0 570.0 814.0 657.0
WheatHead 345.0 506.0 427.0 583.0
WheatHead 540.0 225.0 642.0 309.0
WheatHead 40.0 560.0 117.0 650.0
WheatHead 437.0 931.0 540.0 1011.0
WheatHead 632.0 770.0 734.0 862.0
WheatHead 568.0 916.0 647.0 985.0
WheatHead 312.0 399.0 391.0 481.0
WheatHead 299.0 860.0 358.0 962.0
WheatHead 186.0 0.0 261.0 38.0
WheatHead 107.0 657.0 176.0 739.0
WheatHead 2.0 238.0 87.0 335.0
WheatHead 0.0 0.0 76.0 45.0
WheatHead 422.0 660.0 486.0 714.0
WheatHead 0.0 903.0 86.0 1024.0
WheatHead 144.0 964.0 284.0 1024.0
WheatHead 896.0 363.0 962.0 414.0
WheatHead 2.0 419.0 87.0 506.0
WheatHead 2.0 619.0 38.0 719.0
WheatHead 458.0 765.0 529.0 819.0
WheatHead 248.0 890.0 335.0 965.0
