WheatHead 0.0 287.0 88.0 386.0
WheatHead 35.0 181.0 181.0 260.0
WheatHead 356.0 31.0 502.0 112.0
WheatHead 519.0 74.0 608.0 153.0
WheatHead 683.0 6.0 833.0 67.0
WheatHead 760.0 69.0 846.0 143.0
WheatHead 931.0 39.0 1016.0 139.0
WheatHead 923.0 165.0 1002.0 228.0
WheatHead 698.0 249.0 777.0 332.0
WheatHead 478.0 352.0 559.0 514.0
WheatHead 923.0 301.0 1024.0 391.0
WheatHead 961.0 476.0 1024.0 579.0
WheatHead 889.0 651.0 961.0 728.0
WheatHead 693.0 695.0 770.0 761.0
WheatHead 787.0 581.0 872.0 698.0
WheatHead 774.0 712.0 854.0 774.0
WheatHead 240.0 618.0 346.0 698.0
WheatHead 362.0 553.0 462.0 633.0
WheatHead 0.0 547.0 94.0 610.0
WheatHead 275.0 752.0 356.0 828.0
WheatHead 92.0 980.0 171.0 1024.0
WheatHead 210.0 868.0 305.0 965.0
WheatHead 323.0 939.0 431.0 1024.0
WheatHead 547.0 990.0 647.0 1024.0
WheatHead 563.0 898.0 642.0 974.0
WheatHead 606.0 803.0 707.0 882.0
WheatHead 858.0 954.0 949.0 1024.0
WheatHead 0.0 160.0 49.0 255.0
WheatHead 820.0 399.0 896.0 522.0
WheatHead 512.0 656.0 601.0 754.0
