WheatHead 283.0 764.0 346.0 856.0
WheatHead 787.0 199.0 838.0 283.0
WheatHead 480.0 816.0 533.0 892.0
WheatHead 582.0 494.0 652.0 565.0
WheatHead 46.0 1.0 148.0 51.0
WheatHead 948.0 454.0 996.0 595.0
WheatHead 495.0 182.0 542.0 259.0
WheatHead 233.0 645.0 315.0 693.0
WheatHead 375.0 268.0 435.0 382.0
WheatHead 417.0 364.0 487.0 436.0
WheatHead 53.0 861.0 131.0 970.0
WheatHead 192.0 434.0 324.0 566.0
WheatHead 808.0 0.0 849.0 83.0
WheatHead 184.0 890.0 279.0 943.0
WheatHead 344.0 899.0 456.0 948.0
WheatHead 322.0 221.0 376.0 300.0
WheatHead 811.0 602.0 879.0 708.0
WheatHead 0.0 798.0 132.0 895.0
WheatHead 864.0 452.0 916.0 559.0
WheatHead 850.0 292.0 918.0 363.0
WheatHead 531.0 940.0 676.0 1024.0
WheatHead 543.0 421.0 572.0 499.0
WheatHead 831.0 580.0 879.0 653.0
WheatHead 481.0 628.0 535.0 709.0
WheatHead 899.0 0.0 942.0 75.0
WheatHead 711.0 598.0 816.0 682.0
WheatHead 338.0 584.0 391.0 655.0
WheatHead 0.0 913.0 31.0 968.0
WheatHead 207.0 251.0 262.0 320.0
WheatHead 697.0 524.0 774.0 604.0
WheatHead 418.0 75.0 458.0 237.0
WheatHead 406.0 724.0 516.0 764.0
WheatHead 181.0 776.0 247.0 827.0
WheatHead 989.0 918.0 1022.0 996.0
WheatHead 474.0 477.0 526.0 571.0
WheatHead 863.0 683.0 950.0 725.0
WheatHead 68.0 598.0 135.0 649.0
WheatHead 735.0 40.0 776.0 118.0
WheatHead 883.0 47.0 924.0 113.0
WheatHead 698.0 6.0 737.0 85.0
WheatHead 24.0 616.0 90.0 661.0
WheatHead 727.0 617.0 780.0 699.0
WheatHead 895.0 778.0 925.0 851.0
WheatHead 267.0 619.0 327.0 677.0
WheatHead 218.0 826.0 279.0 890.0
WheatHead 301.0 421.0 330.0 547.0
WheatHead 498.0 939.0 550.0 1004.0
WheatHead 262.0 270.0 385.0 341.0
WheatHead 137.0 930.0 256.0 1005.0
WheatHead 761.0 856.0 790.0 951.0
WheatHead 117.0 981.0 158.0 1024.0
WheatHead 536.0 808.0 565.0 903.0
WheatHead 258.0 75.0 327.0 126.0
WheatHead 906.0 312.0 962.0 365.0
WheatHead 600.0 581.0 644.0 674.0
WheatHead 498.0 628.0 561.0 707.0
WheatHead 647.0 614.0 673.0 677.0
WheatHead 290.0 989.0 335.0 1024.0
WheatHead 475.0 260.0 509.0 318.0
WheatHead 5.0 570.0 47.0 636.0
WheatHead 368.0 860.0 401.0 920.0
WheatHead 842.0 0.0 869.0 47.0
WheatHead 481.0 380.0 554.0 409.0
WheatHead 914.0 245.0 1019.0 289.0
WheatHead 548.0 868.0 610.0 912.0
WheatHead 199.0 0.0 236.0 31.0
WheatHead 793.0 1004.0 846.0 1024.0
WheatHead 57.0 736.4000244140625 111.5 827.0
WheatHead 730.0 771.0 770.0 809.0
WheatHead 778.0 942.0 834.0 983.0
WheatHead 350.0 122.0 398.0 189.0
WheatHead 653.0 301.0 700.0 349.0
WheatHead 618.0 395.0 662.0 447.0
WheatHead 513.0 909.0 567.0 946.0
WheatHead 576.0 312.0 628.0 350.0
WheatHead 764.0 550.0 843.0 595.0
WheatHead 669.0 528.0 733.0 574.0
WheatHead 114.0 99.0 148.0 161.0
WheatHead 965.0 279.0 1006.0 339.0
WheatHead 0.0 1014.0 43.0 1024.0
WheatHead 238.0 43.0 277.0 114.0
WheatHead 574.0 569.0 649.0 626.0
WheatHead 937.0 0.0 966.0 30.0
WheatHead 0.0 23.0 38.0 57.0
WheatHead 461.0 341.0 503.0 378.0
WheatHead 594.0 305.0 661.0 376.0
WheatHead 582.0 572.0 648.0 653.0
