WheatHead 150.0 2.0 250.0 78.0
WheatHead 319.0 0.0 401.0 45.0
WheatHead 352.0 47.0 429.0 92.0
WheatHead 369.0 86.0 445.0 129.0
WheatHead 115.0 146.0 190.0 211.0
WheatHead 105.0 204.0 195.0 268.0
WheatHead 242.0 252.0 300.0 319.0
WheatHead 404.0 203.0 471.0 304.0
WheatHead 330.0 329.0 395.0 400.0
WheatHead 280.0 342.0 344.0 413.0
WheatHead 119.0 316.0 194.0 401.0
WheatHead 0.0 356.0 100.0 463.0
WheatHead 63.0 470.0 122.0 562.0
WheatHead 10.0 586.0 95.0 675.0
WheatHead 68.0 781.0 127.0 844.0
WheatHead 379.0 736.0 477.0 818.0
WheatHead 337.0 830.0 414.0 887.0
WheatHead 409.0 844.0 495.0 912.0
WheatHead 78.0 881.0 174.0 945.0
WheatHead 4.0 895.0 58.0 969.0
WheatHead 22.0 979.0 117.0 1024.0
WheatHead 139.0 985.0 272.0 1024.0
WheatHead 376.0 975.0 435.0 1024.0
WheatHead 529.0 919.0 611.0 997.0
WheatHead 558.0 859.0 645.0 923.0
WheatHead 952.0 902.0 1024.0 979.0
WheatHead 920.0 543.0 996.0 605.0
WheatHead 688.0 586.0 764.0 671.0
WheatHead 686.0 414.0 756.0 490.0
WheatHead 717.0 479.0 780.0 552.0
WheatHead 773.0 393.0 865.0 482.0
WheatHead 862.0 265.0 938.0 364.0
WheatHead 648.0 280.0 716.0 348.0
WheatHead 946.0 17.0 998.0 81.0
WheatHead 675.0 69.0 796.0 149.0
WheatHead 506.0 249.0 614.0 370.0
WheatHead 544.0 370.0 650.0 431.0
WheatHead 442.0 375.0 527.0 472.0
WheatHead 124.0 475.0 186.0 536.0
WheatHead 972.0 160.0 1024.0 248.0
WheatHead 333.0 273.0 420.0 345.0
WheatHead 63.0 862.0 137.0 925.0
WheatHead 994.0 557.0 1024.0 629.0
WheatHead 648.0 465.0 771.0 516.0
