WheatHead 985.0 115.0 1024.0 210.0
WheatHead 900.0 183.0 970.0 260.0
WheatHead 802.0 85.0 881.0 190.0
WheatHead 774.0 213.0 833.0 283.0
WheatHead 600.0 250.0 727.0 324.0
WheatHead 580.0 176.0 672.0 246.0
WheatHead 568.0 100.0 634.0 171.0
WheatHead 455.0 19.0 516.0 122.0
WheatHead 97.0 38.0 217.0 142.0
WheatHead 150.0 2.0 298.0 116.0
WheatHead 58.0 112.0 122.0 231.0
WheatHead 49.0 213.0 120.0 279.0
WheatHead 164.0 171.0 247.0 245.0
WheatHead 258.0 186.0 328.0 294.0
WheatHead 441.0 262.0 509.0 335.0
WheatHead 477.0 205.0 582.0 276.0
WheatHead 575.0 359.0 650.0 419.0
WheatHead 815.0 433.0 901.0 544.0
WheatHead 904.0 245.0 990.0 305.0
WheatHead 916.0 303.0 1024.0 452.0
WheatHead 983.0 467.0 1024.0 617.0
WheatHead 948.0 600.0 1023.0 742.0
WheatHead 845.0 656.0 925.0 752.0
WheatHead 780.0 508.0 856.0 626.0
WheatHead 567.0 630.0 631.0 703.0
WheatHead 195.0 710.0 318.0 783.0
WheatHead 292.0 657.0 369.0 733.0
WheatHead 245.0 617.0 313.0 698.0
WheatHead 295.0 550.0 378.0 624.0
WheatHead 324.0 468.0 432.0 548.0
WheatHead 382.0 583.0 460.0 639.0
WheatHead 365.0 759.0 418.0 815.0
WheatHead 75.0 677.0 185.0 742.0
WheatHead 392.0 731.0 563.0 844.0
WheatHead 78.0 572.0 146.0 654.0
WheatHead 18.0 608.0 88.0 649.0
WheatHead 48.0 475.0 123.0 574.0
WheatHead 123.0 392.0 208.0 509.0
WheatHead 133.0 511.0 189.0 586.0
WheatHead 216.0 515.0 279.0 610.0
WheatHead 108.0 316.0 209.0 377.0
WheatHead 299.0 299.0 362.0 367.0
WheatHead 406.0 276.0 471.0 342.0
WheatHead 217.0 925.0 275.0 1020.0
WheatHead 48.0 881.0 126.0 1024.0
WheatHead 0.0 811.0 62.0 930.0
WheatHead 372.0 971.0 434.0 1024.0
WheatHead 607.0 973.0 693.0 1024.0
WheatHead 552.0 930.0 642.0 1016.0
WheatHead 830.0 961.0 907.0 1024.0
WheatHead 724.0 318.0 774.0 381.0
WheatHead 658.0 0.0 735.0 58.0
WheatHead 910.0 567.0 977.0 656.0
