WheatHead 244.0 864.0 356.0 956.0
WheatHead 53.0 811.0 121.0 913.0
WheatHead 0.0 1006.0 96.0 1024.0
WheatHead 90.0 702.0 175.0 797.0
WheatHead 116.0 809.0 200.0 864.0
WheatHead 181.0 606.0 267.0 667.0
WheatHead 362.0 626.0 442.0 728.0
WheatHead 370.0 496.0 472.0 616.0
WheatHead 468.0 537.0 527.0 594.0
WheatHead 185.0 403.0 258.0 484.0
WheatHead 468.0 323.0 565.0 421.0
WheatHead 442.0 208.0 531.0 301.0
WheatHead 372.0 760.0 460.0 835.0
WheatHead 531.0 795.0 628.0 888.0
WheatHead 698.0 935.0 770.0 1024.0
WheatHead 913.0 992.0 974.0 1024.0
WheatHead 931.0 775.0 1024.0 907.0
WheatHead 772.0 683.0 884.0 754.0
WheatHead 651.0 644.0 730.0 726.0
WheatHead 878.0 574.0 965.0 665.0
WheatHead 659.0 460.0 744.0 533.0
WheatHead 860.0 403.0 927.0 496.0
WheatHead 931.0 370.0 1002.0 512.0
WheatHead 787.0 92.0 876.0 210.0
WheatHead 655.0 67.0 730.0 185.0
WheatHead 616.0 171.0 667.0 260.0
WheatHead 577.0 67.0 635.0 143.0
WheatHead 929.0 67.0 1024.0 194.0
WheatHead 244.0 90.0 342.0 147.0
WheatHead 238.0 193.0 321.0 275.0
WheatHead 153.0 256.0 224.0 332.0
WheatHead 11.0 305.0 82.0 388.0
WheatHead 13.0 177.0 96.0 244.0
WheatHead 47.0 51.0 135.0 149.0
WheatHead 20.0 0.0 123.0 31.0
WheatHead 769.0 0.0 852.0 67.0
WheatHead 292.0 425.0 349.0 524.0
WheatHead 316.0 0.0 539.0 71.0
