WheatHead 409.0 0.0 527.0 31.0
WheatHead 139.0 78.0 212.0 157.0
WheatHead 23.0 70.0 128.0 202.0
WheatHead 125.0 167.0 224.0 318.0
WheatHead 86.0 311.0 147.0 395.0
WheatHead 0.0 496.0 74.0 620.0
WheatHead 135.0 413.0 216.0 514.0
WheatHead 253.0 305.0 399.0 429.0
WheatHead 318.0 423.0 419.0 626.0
WheatHead 518.0 234.0 630.0 405.0
WheatHead 620.0 281.0 707.0 498.0
WheatHead 781.0 271.0 903.0 449.0
WheatHead 572.0 69.0 655.0 145.0
WheatHead 919.0 45.0 1014.0 145.0
WheatHead 500.0 516.0 592.0 604.0
WheatHead 340.0 622.0 460.0 720.0
WheatHead 51.0 698.0 153.0 774.0
WheatHead 179.0 803.0 263.0 923.0
WheatHead 33.0 903.0 123.0 1024.0
WheatHead 377.0 807.0 582.0 891.0
WheatHead 689.0 893.0 823.0 980.0
WheatHead 791.0 774.0 900.0 943.0
WheatHead 512.0 108.0 574.0 167.0
