WheatHead 0.0 819.0 38.0 963.0
WheatHead 66.0 914.0 186.0 972.0
WheatHead 52.0 526.0 126.0 645.0
WheatHead 40.0 34.0 174.0 153.0
WheatHead 75.0 148.0 217.0 238.0
WheatHead 191.0 183.0 332.0 243.0
WheatHead 167.0 0.0 244.0 90.0
WheatHead 212.0 0.0 262.0 40.0
WheatHead 518.0 12.0 613.0 81.0
WheatHead 393.0 12.0 516.0 124.0
WheatHead 396.0 212.0 451.0 284.0
WheatHead 451.0 279.0 549.0 346.0
WheatHead 774.0 146.0 893.0 245.0
WheatHead 722.0 81.0 798.0 144.0
WheatHead 940.0 0.0 1021.0 74.0
WheatHead 538.0 387.0 616.0 467.0
WheatHead 646.0 366.0 740.0 519.0
WheatHead 748.0 380.0 808.0 459.0
WheatHead 923.0 254.0 1002.0 348.0
WheatHead 899.0 568.0 1001.0 641.0
WheatHead 71.0 438.0 175.0 519.0
WheatHead 115.0 335.0 235.0 404.0
WheatHead 256.0 481.0 333.0 569.0
WheatHead 272.0 563.0 332.0 665.0
WheatHead 182.0 641.0 253.0 803.0
WheatHead 219.0 632.0 326.0 802.0
WheatHead 347.0 638.0 428.0 755.0
WheatHead 463.0 598.0 546.0 710.0
WheatHead 415.0 414.0 520.0 563.0
WheatHead 585.0 527.0 641.0 639.0
WheatHead 658.0 509.0 732.0 619.0
WheatHead 656.0 645.0 825.0 762.0
WheatHead 866.0 705.0 945.0 987.0
WheatHead 761.0 746.0 854.0 991.0
WheatHead 458.0 900.0 511.0 957.0
WheatHead 305.0 911.0 380.0 1001.0
WheatHead 6.0 845.0 86.0 904.0
WheatHead 438.0 490.0 547.0 561.0
WheatHead 433.0 663.0 509.0 729.0
WheatHead 473.0 584.0 626.0 791.0
WheatHead 201.0 796.0 299.0 990.0
