WheatHead 890.0 844.0 1024.0 952.0
WheatHead 683.0 0.0 819.0 28.0
WheatHead 244.0 270.0 344.0 367.0
WheatHead 962.0 0.0 1024.0 64.0
WheatHead 560.0 916.0 670.0 1024.0
WheatHead 156.0 117.0 273.0 217.0
WheatHead 382.0 168.0 515.0 268.0
WheatHead 796.0 217.0 916.0 296.0
WheatHead 954.0 752.0 1024.0 847.0
WheatHead 865.0 716.0 977.0 783.0
WheatHead 647.0 606.0 706.0 680.0
WheatHead 555.0 714.0 665.0 826.0
WheatHead 92.0 622.0 207.0 727.0
WheatHead 916.0 471.0 993.0 560.0
WheatHead 66.0 181.0 135.0 248.0
WheatHead 611.0 358.0 729.0 455.0
WheatHead 181.0 783.0 266.0 872.0
WheatHead 663.0 527.0 744.0 606.0
WheatHead 698.0 424.0 775.0 509.0
WheatHead 488.0 632.0 576.0 729.0
WheatHead 683.0 66.0 770.0 168.0
WheatHead 43.0 563.0 115.0 622.0
WheatHead 791.0 371.0 885.0 458.0
WheatHead 192.0 2.0 281.0 81.0
WheatHead 248.0 46.0 335.0 110.0
WheatHead 2.0 79.0 74.0 140.0
WheatHead 166.0 335.0 232.0 401.0
WheatHead 770.0 112.0 865.0 258.0
WheatHead 870.0 76.0 954.0 207.0
