WheatHead 832.0 456.0 897.0 546.0
WheatHead 539.0 602.0 644.0 663.0
WheatHead 914.0 103.0 977.0 197.0
WheatHead 1.0 270.0 86.0 400.0
WheatHead 434.0 507.0 509.0 593.0
WheatHead 544.0 446.0 619.0 514.0
WheatHead 862.0 791.0 955.0 862.0
WheatHead 524.0 152.0 574.0 264.0
WheatHead 232.0 901.0 320.0 987.0
WheatHead 786.0 782.0 861.0 860.0
WheatHead 303.0 184.0 387.0 297.0
WheatHead 188.0 1.0 274.0 87.0
WheatHead 860.0 68.0 921.0 163.0
WheatHead 804.0 723.0 880.0 804.0
WheatHead 408.0 354.0 494.0 438.0
WheatHead 308.0 458.0 412.0 542.0
WheatHead 644.0 700.0 718.0 815.0
WheatHead 460.0 629.0 551.0 722.0
WheatHead 133.0 495.0 237.0 599.0
WheatHead 368.0 69.0 462.0 157.0
WheatHead 200.0 275.0 316.0 382.0
WheatHead 771.0 961.0 831.0 1022.0
WheatHead 745.0 264.0 826.0 364.0
WheatHead 652.0 787.0 722.0 839.0
WheatHead 955.0 724.0 1024.0 778.0
WheatHead 49.0 406.0 144.0 479.0
WheatHead 243.0 498.0 346.0 582.0
WheatHead 224.0 817.0 313.0 903.0
WheatHead 0.0 166.0 84.0 242.0
WheatHead 53.0 727.0 136.0 805.0
WheatHead 106.0 260.0 196.0 371.0
WheatHead 365.0 0.0 436.0 84.0
WheatHead 0.0 84.0 83.0 185.0
WheatHead 786.0 473.0 858.0 539.0
WheatHead 221.0 212.0 304.0 300.0
WheatHead 664.0 606.0 723.0 688.0
WheatHead 730.0 596.0 799.0 639.0
WheatHead 558.0 730.0 622.0 791.0
WheatHead 967.0 5.0 1018.0 87.0
WheatHead 1.0 823.0 83.0 884.0
WheatHead 173.0 668.0 250.0 720.0
WheatHead 259.0 451.0 342.0 522.0
WheatHead 237.0 748.0 300.0 839.0
WheatHead 700.0 85.0 846.0 155.0
WheatHead 148.0 435.0 241.0 512.0
WheatHead 0.0 580.0 62.0 644.0
WheatHead 869.0 989.0 909.0 1024.0
WheatHead 774.0 0.0 813.0 43.0
WheatHead 199.0 977.0 283.0 1022.0
WheatHead 112.0 286.0 189.0 374.0
WheatHead 206.0 322.0 288.0 427.0
WheatHead 606.0 869.0 637.0 964.0
WheatHead 329.0 266.0 405.0 367.0
WheatHead 38.0 985.0 126.0 1022.0
WheatHead 135.0 167.0 204.0 240.0
WheatHead 973.0 0.0 1024.0 66.0
WheatHead 0.0 686.0 55.0 749.0
WheatHead 275.0 1.0 323.0 61.0
WheatHead 397.0 299.0 535.0 404.0
WheatHead 656.0 582.0 716.0 640.0
WheatHead 192.0 390.0 279.0 451.0
WheatHead 877.0 214.0 927.0 258.0
WheatHead 259.0 0.0 309.0 60.0
WheatHead 709.0 998.0 749.0 1024.0
WheatHead 107.0 107.0 193.0 202.0
WheatHead 480.0 240.0 583.0 385.0
WheatHead 637.0 1.0 730.0 88.0
WheatHead 129.0 350.0 208.0 417.0
WheatHead 393.0 273.0 467.0 364.0
