WheatHead 889.0 425.0 979.0 589.0
WheatHead 295.0 59.0 400.0 197.0
WheatHead 568.0 483.0 736.0 597.0
WheatHead 581.0 355.0 743.0 483.0
WheatHead 401.0 483.0 550.0 586.0
WheatHead 734.0 509.0 834.0 607.0
WheatHead 762.0 406.0 849.0 502.0
WheatHead 302.0 878.0 376.0 954.0
WheatHead 378.0 192.0 497.0 308.0
WheatHead 158.0 792.0 255.0 933.0
WheatHead 875.0 888.0 937.0 990.0
WheatHead 725.0 89.0 803.0 173.0
WheatHead 391.0 64.0 460.0 157.0
WheatHead 202.0 166.0 289.0 269.0
WheatHead 28.0 113.0 130.0 212.0
WheatHead 320.0 637.0 404.0 734.0
WheatHead 932.0 684.0 1014.0 807.0
WheatHead 244.0 233.0 326.0 315.0
WheatHead 536.0 0.0 637.0 44.0
WheatHead 240.0 394.0 323.0 479.0
WheatHead 170.0 125.0 259.0 199.0
WheatHead 263.0 957.0 355.0 1024.0
WheatHead 788.0 138.0 901.0 245.0
WheatHead 2.0 742.0 130.0 870.0
WheatHead 755.0 960.0 837.0 1024.0
WheatHead 248.0 437.0 342.0 627.0
WheatHead 2.0 40.0 74.0 125.0
WheatHead 2.0 563.0 102.0 647.0
WheatHead 309.0 386.0 403.0 506.0
WheatHead 96.0 842.0 186.0 957.0
