WheatHead 826.0 398.0 894.0 472.0
WheatHead 82.0 830.0 189.0 894.0
WheatHead 1008.0 191.0 1024.0 258.0
WheatHead 404.0 802.0 484.0 856.0
WheatHead 472.0 521.0 576.0 588.0
WheatHead 608.0 741.0 686.0 828.0
WheatHead 795.0 566.0 919.0 617.0
WheatHead 529.0 512.0 614.0 551.0
WheatHead 271.0 698.0 368.0 748.0
WheatHead 461.0 682.0 550.0 727.0
WheatHead 753.0 768.0 826.0 817.0
WheatHead 118.0 75.0 199.0 124.0
WheatHead 968.0 658.0 1024.0 692.0
WheatHead 12.0 652.0 135.0 714.0
WheatHead 995.0 562.0 1024.0 630.0
WheatHead 178.0 559.0 259.0 602.0
WheatHead 771.0 214.0 911.0 258.0
WheatHead 834.0 674.0 903.0 714.0
WheatHead 35.0 867.0 136.0 920.0
WheatHead 928.0 297.0 996.0 334.0
WheatHead 729.0 379.0 811.0 417.0
WheatHead 30.0 184.0 131.0 238.0
WheatHead 409.0 513.0 503.0 574.0
WheatHead 512.0 137.0 578.0 182.0
WheatHead 559.0 918.0 678.0 969.0
WheatHead 432.0 958.0 539.0 1013.0
WheatHead 419.0 79.0 508.0 133.0
WheatHead 330.0 903.0 417.0 956.0
WheatHead 99.0 572.0 199.0 608.0
WheatHead 793.0 694.0 854.0 729.0
WheatHead 414.0 899.0 532.0 944.0
WheatHead 883.0 524.0 965.0 562.0
WheatHead 629.0 165.0 699.0 263.0
WheatHead 602.0 709.0 734.0 765.0
WheatHead 278.0 139.0 357.0 187.0
WheatHead 348.0 543.0 419.0 584.0
WheatHead 642.0 494.0 747.0 554.0
WheatHead 942.0 890.0 1011.0 937.0
WheatHead 434.0 366.0 535.0 408.0
WheatHead 754.0 589.0 829.0 615.0
WheatHead 506.0 654.0 638.0 712.0
WheatHead 737.0 326.0 827.0 349.0
WheatHead 842.0 537.0 902.0 589.0
WheatHead 45.0 308.0 137.0 346.0
WheatHead 86.0 540.0 192.0 586.0
WheatHead 301.0 513.0 408.0 548.0
WheatHead 0.0 878.0 55.0 921.0
WheatHead 959.0 996.0 1014.0 1024.0
WheatHead 582.0 203.0 632.0 243.0
WheatHead 957.0 32.0 1024.0 69.0
WheatHead 299.0 1.0 364.0 39.0
WheatHead 342.0 0.0 395.0 27.0
WheatHead 618.0 574.0 756.0 615.0
WheatHead 300.0 502.0 401.0 533.0
WheatHead 826.0 342.0 907.0 364.0
WheatHead 70.0 872.0 140.0 899.0
WheatHead 30.0 137.0 121.0 217.0
WheatHead 162.0 890.0 251.0 932.0
WheatHead 442.0 980.0 540.0 1019.0
WheatHead 771.0 712.0 835.0 735.0
WheatHead 25.0 240.0 167.0 308.0
WheatHead 712.0 956.0 783.0 1013.0
WheatHead 501.0 478.0 618.0 526.0
WheatHead 595.0 470.0 701.0 524.0
