WheatHead 0.0 300.0 86.0 380.0
WheatHead 130.0 312.0 182.0 362.0
WheatHead 90.0 166.0 131.0 233.0
WheatHead 44.0 144.0 150.0 215.0
WheatHead 13.0 0.0 131.0 53.0
WheatHead 173.0 35.0 271.0 101.0
WheatHead 326.0 66.0 364.0 121.0
WheatHead 188.0 218.0 253.0 272.0
WheatHead 196.0 322.0 257.0 378.0
WheatHead 342.0 310.0 396.0 350.0
WheatHead 317.0 375.0 380.0 435.0
WheatHead 401.0 245.0 474.0 288.0
WheatHead 443.0 248.0 474.0 270.0
WheatHead 464.0 358.0 502.0 391.0
WheatHead 559.0 357.0 598.0 391.0
WheatHead 534.0 185.0 619.0 269.0
WheatHead 559.0 135.0 626.0 227.0
WheatHead 588.0 76.0 713.0 181.0
WheatHead 770.0 184.0 824.0 238.0
WheatHead 717.0 201.0 749.0 306.0
WheatHead 889.0 432.0 931.0 454.0
WheatHead 897.0 409.0 930.0 435.0
WheatHead 903.0 205.0 981.0 290.0
WheatHead 833.0 307.0 867.0 348.0
WheatHead 921.0 64.0 958.0 163.0
WheatHead 909.0 791.0 963.0 839.0
WheatHead 906.0 730.0 978.0 816.0
WheatHead 668.0 922.0 700.0 960.0
WheatHead 636.0 841.0 709.0 893.0
WheatHead 720.0 719.0 771.0 776.0
WheatHead 636.0 758.0 694.0 805.0
WheatHead 620.0 656.0 656.0 706.0
WheatHead 636.0 637.0 673.0 692.0
WheatHead 444.0 612.0 516.0 676.0
WheatHead 528.0 786.0 567.0 834.0
WheatHead 492.0 928.0 530.0 974.0
WheatHead 406.0 816.0 450.0 853.0
WheatHead 339.0 885.0 378.0 921.0
WheatHead 327.0 876.0 394.0 908.0
WheatHead 332.0 869.0 412.0 899.0
WheatHead 244.0 861.0 300.0 911.0
WheatHead 269.0 765.0 323.0 809.0
WheatHead 290.0 669.0 327.0 705.0
WheatHead 155.0 793.0 236.0 829.0
WheatHead 105.0 786.0 132.0 814.0
WheatHead 126.0 867.0 175.0 902.0
WheatHead 176.0 924.0 225.0 1023.0
