WheatHead 0.0 90.0 32.0 195.0
WheatHead 88.0 150.0 143.0 191.0
WheatHead 233.0 59.0 298.0 167.0
WheatHead 303.0 51.0 364.0 139.0
WheatHead 218.0 194.0 301.0 289.0
WheatHead 162.0 284.0 249.0 331.0
WheatHead 0.0 603.0 47.0 679.0
WheatHead 63.0 663.0 117.0 735.0
WheatHead 68.0 583.0 144.0 650.0
WheatHead 111.0 559.0 161.0 628.0
WheatHead 141.0 562.0 219.0 605.0
WheatHead 240.0 556.0 346.0 659.0
WheatHead 361.0 659.0 421.0 718.0
WheatHead 221.0 665.0 294.0 712.0
WheatHead 170.0 653.0 230.0 733.0
WheatHead 168.0 612.0 237.0 672.0
WheatHead 190.0 598.0 296.0 661.0
WheatHead 144.0 659.0 189.0 695.0
WheatHead 186.0 771.0 257.0 811.0
WheatHead 179.0 791.0 337.0 861.0
WheatHead 239.0 809.0 341.0 860.0
WheatHead 377.0 787.0 444.0 836.0
WheatHead 580.0 772.0 629.0 820.0
WheatHead 505.0 631.0 572.0 684.0
WheatHead 498.0 941.0 580.0 979.0
WheatHead 840.0 959.0 883.0 1024.0
WheatHead 566.0 27.0 632.0 142.0
WheatHead 602.0 9.0 639.0 76.0
WheatHead 411.0 148.0 469.0 205.0
WheatHead 485.0 146.0 543.0 210.0
WheatHead 537.0 138.0 613.0 250.0
WheatHead 379.0 239.0 429.0 286.0
WheatHead 571.0 324.0 615.0 381.0
WheatHead 619.0 300.0 685.0 349.0
WheatHead 504.0 340.0 562.0 382.0
WheatHead 559.0 429.0 623.0 474.0
WheatHead 585.0 396.0 633.0 425.0
WheatHead 449.0 465.0 501.0 566.0
WheatHead 790.0 838.0 843.0 869.0
WheatHead 762.0 770.0 802.0 813.0
WheatHead 902.0 762.0 965.0 801.0
WheatHead 919.0 900.0 948.0 947.0
WheatHead 816.0 640.0 872.0 749.0
WheatHead 722.0 671.0 774.0 721.0
WheatHead 753.0 704.0 798.0 754.0
WheatHead 787.0 709.0 840.0 766.0
WheatHead 797.0 645.0 835.0 699.0
WheatHead 934.0 394.0 964.0 444.0
WheatHead 970.0 396.0 1024.0 450.0
WheatHead 719.0 308.0 770.0 388.0
WheatHead 754.0 518.0 810.0 587.0
WheatHead 193.0 970.0 242.0 1024.0
WheatHead 969.0 795.0 1024.0 851.0
WheatHead 715.0 201.0 769.0 238.0
WheatHead 810.0 151.0 867.0 211.0
WheatHead 783.0 58.0 850.0 128.0
WheatHead 833.0 57.0 883.0 155.0
WheatHead 752.0 82.0 811.0 209.0
WheatHead 948.0 75.0 997.0 189.0
WheatHead 989.0 156.0 1024.0 224.0
WheatHead 954.0 181.0 1008.0 252.0
WheatHead 914.0 155.0 974.0 240.0
WheatHead 872.0 213.0 926.0 268.0
WheatHead 47.0 942.0 140.0 992.0
WheatHead 136.0 961.0 205.0 998.0
