WheatHead 133.0 0.0 247.0 107.0
WheatHead 408.0 0.0 508.0 42.0
WheatHead 918.0 0.0 1003.0 49.0
WheatHead 920.0 94.0 1018.0 248.0
WheatHead 742.0 58.0 864.0 263.0
WheatHead 491.0 0.0 616.0 128.0
WheatHead 431.0 94.0 510.0 188.0
WheatHead 225.0 126.0 378.0 235.0
WheatHead 960.0 657.0 1024.0 766.0
WheatHead 922.0 499.0 1024.0 619.0
WheatHead 866.0 753.0 930.0 843.0
WheatHead 410.0 521.0 500.0 715.0
WheatHead 380.0 689.0 459.0 806.0
WheatHead 232.0 588.0 370.0 704.0
WheatHead 92.0 585.0 205.0 683.0
WheatHead 126.0 399.0 245.0 485.0
WheatHead 0.0 382.0 147.0 505.0
WheatHead 602.0 723.0 704.0 905.0
WheatHead 433.0 772.0 578.0 992.0
WheatHead 286.0 758.0 375.0 870.0
WheatHead 72.0 95.0 132.0 173.0
WheatHead 222.0 106.0 385.0 185.0
WheatHead 34.0 513.0 96.0 598.0
WheatHead 659.0 724.0 766.0 864.0
