WheatHead 794.0 820.0 877.0 879.0
WheatHead 566.0 32.0 662.0 82.0
WheatHead 461.0 589.0 533.0 662.0
WheatHead 758.0 135.0 859.0 211.0
WheatHead 804.0 54.0 872.0 125.0
WheatHead 361.0 898.0 451.0 948.0
WheatHead 420.0 178.0 520.0 255.0
WheatHead 688.0 80.0 786.0 135.0
WheatHead 970.0 155.0 1024.0 204.0
WheatHead 213.0 816.0 307.0 882.0
WheatHead 27.0 330.0 116.0 376.0
WheatHead 679.0 623.0 766.0 674.0
WheatHead 416.0 219.0 526.0 298.0
WheatHead 72.0 653.0 150.0 716.0
WheatHead 447.0 83.0 527.0 137.0
WheatHead 233.0 111.0 347.0 159.0
WheatHead 832.0 12.0 937.0 64.0
WheatHead 31.0 0.0 131.0 31.0
WheatHead 806.0 479.0 850.0 546.0
WheatHead 528.0 212.0 614.0 263.0
WheatHead 307.0 826.0 441.0 884.0
WheatHead 317.0 366.0 403.0 415.0
WheatHead 866.0 372.0 946.0 409.0
WheatHead 210.0 709.0 295.0 758.0
WheatHead 290.0 439.0 391.0 484.0
WheatHead 973.0 793.0 1024.0 828.0
WheatHead 447.0 565.0 524.0 602.0
WheatHead 846.0 480.0 918.0 518.0
WheatHead 218.0 298.0 302.0 342.0
WheatHead 99.0 607.0 199.0 643.0
WheatHead 308.0 4.0 393.0 62.0
WheatHead 169.0 228.0 252.0 274.0
WheatHead 618.0 392.0 730.0 433.0
WheatHead 181.0 420.0 291.0 458.0
WheatHead 652.0 815.0 722.0 857.0
WheatHead 656.0 2.0 719.0 43.0
WheatHead 135.0 352.0 211.0 402.0
WheatHead 169.0 866.0 267.0 909.0
WheatHead 259.0 506.0 366.0 547.0
WheatHead 223.0 537.0 294.0 573.0
WheatHead 811.0 736.0 892.0 777.0
WheatHead 324.0 329.0 395.0 360.0
WheatHead 243.0 363.0 297.0 389.0
WheatHead 461.0 870.0 533.0 917.0
WheatHead 477.0 732.0 611.0 768.0
WheatHead 0.0 42.0 56.0 89.0
WheatHead 655.0 684.0 753.0 742.0
WheatHead 909.0 721.0 991.0 756.0
WheatHead 368.0 808.0 474.0 846.0
WheatHead 419.0 440.0 521.0 483.0
WheatHead 580.0 793.0 649.0 821.0
WheatHead 950.0 81.0 1000.0 109.0
WheatHead 214.0 271.0 301.0 302.0
WheatHead 11.0 423.0 109.0 461.0
WheatHead 711.0 279.0 767.0 322.0
WheatHead 166.0 700.0 230.0 741.0
WheatHead 229.0 778.0 312.0 808.0
WheatHead 926.0 644.0 996.0 685.0
WheatHead 988.0 923.0 1023.0 957.0
WheatHead 15.0 667.0 106.0 699.0
WheatHead 824.0 912.0 915.0 952.0
WheatHead 110.0 836.0 188.0 878.0
WheatHead 9.0 161.0 111.0 203.0
WheatHead 0.0 899.0 67.0 934.0
WheatHead 223.0 0.0 333.0 55.0
WheatHead 986.0 528.0 1024.0 573.0
WheatHead 756.0 172.0 854.0 215.0
WheatHead 935.0 230.0 1004.0 248.0
WheatHead 337.0 356.0 412.0 388.0
WheatHead 686.0 847.0 796.0 895.0
WheatHead 437.0 963.0 538.0 1003.0
WheatHead 0.0 935.0 67.0 982.0
WheatHead 451.0 831.0 512.0 855.0
