WheatHead 296.0 785.0 437.0 898.0
WheatHead 186.0 212.0 307.0 276.0
WheatHead 604.0 591.0 680.0 657.0
WheatHead 757.0 783.0 824.0 890.0
WheatHead 645.0 194.0 755.0 273.0
WheatHead 189.0 837.0 256.0 921.0
WheatHead 852.0 0.0 939.0 79.0
WheatHead 476.0 506.0 547.0 578.0
WheatHead 391.0 23.0 529.0 135.0
WheatHead 934.0 844.0 1024.0 972.0
WheatHead 440.0 785.0 524.0 867.0
WheatHead 660.0 23.0 744.0 104.0
WheatHead 320.0 404.0 399.0 476.0
WheatHead 744.0 0.0 832.0 34.0
WheatHead 842.0 74.0 903.0 135.0
WheatHead 207.0 547.0 266.0 668.0
WheatHead 161.0 391.0 232.0 458.0
WheatHead 102.0 555.0 199.0 642.0
WheatHead 268.0 747.0 345.0 821.0
WheatHead 696.0 256.0 770.0 332.0
WheatHead 637.0 814.0 711.0 911.0
WheatHead 501.0 394.0 558.0 448.0
WheatHead 391.0 115.0 458.0 181.0
WheatHead 791.0 855.0 901.0 921.0
WheatHead 873.0 398.0 965.0 485.0
WheatHead 373.0 222.0 460.0 296.0
WheatHead 437.0 896.0 560.0 1024.0
WheatHead 38.0 75.0 120.0 151.0
WheatHead 312.0 345.0 376.0 404.0
WheatHead 645.0 893.0 683.0 980.0
WheatHead 107.0 325.0 166.0 419.0
WheatHead 130.0 637.0 197.0 762.0
WheatHead 890.0 501.0 1008.0 560.0
WheatHead 81.0 737.0 145.0 908.0
WheatHead 819.0 0.0 906.0 2.0
WheatHead 140.0 322.0 227.0 401.0
WheatHead 934.0 616.0 1006.0 673.0
WheatHead 276.0 61.0 363.0 143.0
WheatHead 2.0 209.0 53.0 263.0
WheatHead 0.0 825.0 81.0 929.0
WheatHead 0.0 318.0 53.0 430.0
WheatHead 427.0 250.0 491.0 317.0
WheatHead 894.0 449.0 1024.0 615.0
WheatHead 0.0 88.0 58.0 162.0
WheatHead 0.0 37.0 61.0 96.0
WheatHead 667.0 901.0 728.0 985.0
WheatHead 739.0 849.0 796.0 913.0
WheatHead 855.0 985.0 919.0 1024.0
WheatHead 547.0 245.0 593.0 309.0
