WheatHead 0.0 12.0 56.0 88.0
WheatHead 143.0 0.0 202.0 120.0
WheatHead 178.0 0.0 257.0 67.0
WheatHead 224.0 120.0 343.0 202.0
WheatHead 315.0 250.0 401.0 317.0
WheatHead 448.0 242.0 508.0 312.0
WheatHead 474.0 308.0 535.0 381.0
WheatHead 222.0 408.0 290.0 486.0
WheatHead 107.0 430.0 171.0 486.0
WheatHead 0.0 415.0 83.0 503.0
WheatHead 0.0 267.0 69.0 343.0
WheatHead 26.0 560.0 160.0 645.0
WheatHead 324.0 698.0 424.0 790.0
WheatHead 425.0 651.0 595.0 764.0
WheatHead 549.0 820.0 640.0 891.0
WheatHead 373.0 830.0 432.0 872.0
WheatHead 304.0 944.0 393.0 1024.0
WheatHead 558.0 962.0 632.0 1024.0
WheatHead 111.0 784.0 272.0 886.0
WheatHead 156.0 837.0 322.0 988.0
WheatHead 733.0 836.0 823.0 927.0
WheatHead 690.0 578.0 830.0 673.0
WheatHead 692.0 656.0 745.0 724.0
WheatHead 524.0 537.0 652.0 614.0
WheatHead 445.0 478.0 600.0 540.0
WheatHead 354.0 434.0 424.0 494.0
WheatHead 290.0 391.0 355.0 471.0
WheatHead 871.0 696.0 962.0 843.0
WheatHead 756.0 304.0 863.0 436.0
WheatHead 523.0 62.0 658.0 201.0
WheatHead 693.0 86.0 773.0 166.0
WheatHead 811.0 1.0 905.0 80.0
WheatHead 407.0 15.0 487.0 166.0
WheatHead 1000.0 0.0 1024.0 93.0
WheatHead 1000.0 168.0 1024.0 271.0
WheatHead 966.0 826.0 1024.0 901.0
