WheatHead 0.0 104.0 33.0 184.0
WheatHead 0.0 247.0 21.0 291.0
WheatHead 21.0 239.0 75.0 291.0
WheatHead 1.0 288.0 40.0 361.0
WheatHead 81.0 298.0 146.0 347.0
WheatHead 0.0 550.0 49.0 634.0
WheatHead 131.0 189.0 183.0 249.0
WheatHead 101.0 200.0 139.0 249.0
WheatHead 180.0 127.0 228.0 219.0
WheatHead 172.0 0.0 248.0 66.0
WheatHead 148.0 572.0 201.0 687.0
WheatHead 195.0 606.0 266.0 680.0
WheatHead 247.0 672.0 315.0 732.0
WheatHead 120.0 720.0 232.0 768.0
WheatHead 79.0 759.0 131.0 849.0
WheatHead 103.0 737.0 187.0 785.0
WheatHead 116.0 759.0 191.0 821.0
WheatHead 186.0 843.0 257.0 914.0
WheatHead 227.0 788.0 286.0 848.0
WheatHead 385.0 815.0 470.0 875.0
WheatHead 470.0 772.0 523.0 829.0
WheatHead 188.0 970.0 257.0 1021.0
WheatHead 828.0 957.0 889.0 1017.0
WheatHead 863.0 907.0 919.0 950.0
WheatHead 899.0 945.0 952.0 986.0
WheatHead 253.0 138.0 318.0 176.0
WheatHead 299.0 94.0 376.0 164.0
WheatHead 444.0 114.0 507.0 174.0
WheatHead 303.0 200.0 404.0 302.0
WheatHead 426.0 269.0 478.0 343.0
WheatHead 463.0 232.0 516.0 299.0
WheatHead 539.0 96.0 598.0 179.0
WheatHead 623.0 134.0 706.0 202.0
WheatHead 579.0 221.0 684.0 290.0
WheatHead 477.0 359.0 559.0 433.0
WheatHead 638.0 329.0 707.0 423.0
WheatHead 608.0 445.0 673.0 488.0
WheatHead 799.0 443.0 881.0 494.0
WheatHead 731.0 585.0 811.0 639.0
WheatHead 838.0 291.0 967.0 354.0
WheatHead 857.0 145.0 987.0 218.0
WheatHead 933.0 335.0 1024.0 402.0
WheatHead 957.0 520.0 1024.0 615.0
WheatHead 899.0 609.0 978.0 660.0
WheatHead 765.0 661.0 867.0 702.0
WheatHead 836.0 697.0 927.0 747.0
WheatHead 919.0 713.0 979.0 759.0
WheatHead 691.0 701.0 788.0 757.0
WheatHead 750.0 725.0 847.0 781.0
WheatHead 787.0 806.0 873.0 858.0
WheatHead 748.0 851.0 859.0 901.0
WheatHead 864.0 823.0 960.0 884.0
WheatHead 945.0 772.0 1021.0 864.0
WheatHead 706.0 229.0 762.0 301.0
WheatHead 0.0 181.0 43.0 246.0
WheatHead 644.0 923.0 694.0 972.0
WheatHead 734.0 543.0 783.0 576.0
WheatHead 172.0 930.0 230.0 992.0
