WheatHead 367.0 8.0 450.0 98.0
WheatHead 879.0 31.0 946.0 139.0
WheatHead 393.0 367.0 491.0 443.0
WheatHead 987.0 24.0 1024.0 131.0
WheatHead 334.0 193.0 446.0 251.0
WheatHead 242.0 52.0 353.0 169.0
WheatHead 820.0 339.0 901.0 393.0
WheatHead 731.0 753.0 838.0 807.0
WheatHead 367.0 939.0 474.0 992.0
WheatHead 563.0 953.0 631.0 1024.0
WheatHead 718.0 103.0 815.0 177.0
WheatHead 5.0 785.0 150.0 844.0
WheatHead 573.0 16.0 664.0 109.0
WheatHead 456.0 68.0 554.0 113.0
WheatHead 873.0 256.0 976.0 298.0
WheatHead 528.0 379.0 621.0 473.0
WheatHead 888.0 319.0 974.0 401.0
WheatHead 406.0 141.0 539.0 192.0
WheatHead 611.0 968.0 690.0 1024.0
WheatHead 64.0 27.0 140.0 83.0
WheatHead 524.0 662.0 616.0 747.0
WheatHead 57.0 95.0 184.0 152.0
WheatHead 177.0 776.0 322.0 842.0
WheatHead 531.0 723.0 603.0 782.0
WheatHead 69.0 409.0 146.0 453.0
WheatHead 200.0 856.0 293.0 898.0
WheatHead 588.0 333.0 671.0 417.0
WheatHead 544.0 813.0 638.0 849.0
WheatHead 546.0 49.0 614.0 135.0
WheatHead 224.0 74.0 301.0 175.0
WheatHead 147.0 647.0 200.0 764.0
WheatHead 175.0 919.0 260.0 980.0
WheatHead 740.0 357.0 857.0 445.0
WheatHead 622.0 341.0 774.0 430.0
WheatHead 765.0 802.0 831.0 847.0
WheatHead 633.0 470.0 735.0 525.0
WheatHead 492.0 251.0 679.0 342.0
WheatHead 441.0 211.0 554.0 249.0
WheatHead 245.0 414.0 385.0 518.0
WheatHead 70.0 1.0 144.0 69.0
WheatHead 256.0 961.0 342.0 1020.0
WheatHead 764.0 3.0 830.0 160.0
WheatHead 480.0 954.0 602.0 1024.0
WheatHead 0.0 500.0 34.0 540.0
WheatHead 865.0 438.0 1015.0 506.0
WheatHead 243.0 985.0 303.0 1024.0
WheatHead 939.0 118.0 995.0 154.0
WheatHead 342.0 316.0 434.0 376.0
WheatHead 1008.0 280.0 1024.0 390.0
WheatHead 494.0 451.0 600.0 500.0
WheatHead 895.0 836.0 981.0 883.0
WheatHead 0.0 447.0 50.0 486.0
WheatHead 891.0 434.0 1024.0 511.0
WheatHead 322.0 283.0 405.0 338.0
WheatHead 88.0 730.0 182.0 784.0
WheatHead 73.0 568.0 153.0 691.0
WheatHead 1.0 983.0 177.0 1024.0
WheatHead 184.0 836.0 286.0 880.0
WheatHead 171.0 436.0 260.0 488.0
WheatHead 0.0 813.0 59.0 867.0
WheatHead 544.0 798.0 636.0 831.0
WheatHead 10.0 573.0 121.0 617.0
WheatHead 707.0 676.0 779.0 735.0
WheatHead 897.0 336.0 979.0 408.0
WheatHead 662.0 627.0 787.0 674.0
WheatHead 736.0 967.0 902.0 1023.0
WheatHead 0.0 521.0 113.0 565.0
WheatHead 350.0 457.0 443.0 515.0
WheatHead 413.0 459.0 503.0 511.0
WheatHead 875.0 493.0 977.0 543.0
WheatHead 556.0 496.0 620.0 534.0
WheatHead 205.0 275.0 345.0 379.0
WheatHead 226.0 378.0 285.0 428.0
WheatHead 978.0 310.0 1014.0 354.0
WheatHead 972.0 225.0 1024.0 267.0
WheatHead 279.0 48.0 347.0 97.0
WheatHead 0.0 338.0 38.0 386.0
WheatHead 220.0 0.0 354.0 99.0
WheatHead 0.0 106.0 35.0 159.0
