WheatHead 734.0 0.0 787.0 31.0
WheatHead 647.0 0.0 714.0 33.0
WheatHead 0.0 0.0 43.0 121.0
WheatHead 51.0 25.0 130.0 139.0
WheatHead 444.0 45.0 521.0 147.0
WheatHead 525.0 104.0 598.0 190.0
WheatHead 646.0 116.0 716.0 179.0
WheatHead 582.0 163.0 720.0 291.0
WheatHead 825.0 173.0 929.0 279.0
WheatHead 734.0 444.0 844.0 610.0
WheatHead 291.0 179.0 439.0 275.0
WheatHead 98.0 262.0 240.0 401.0
WheatHead 360.0 279.0 574.0 409.0
WheatHead 512.0 419.0 596.0 594.0
WheatHead 19.0 377.0 86.0 525.0
WheatHead 0.0 577.0 134.0 705.0
WheatHead 90.0 738.0 218.0 830.0
WheatHead 198.0 685.0 279.0 761.0
WheatHead 313.0 667.0 386.0 754.0
WheatHead 336.0 797.0 498.0 902.0
WheatHead 388.0 911.0 502.0 990.0
WheatHead 505.0 858.0 633.0 937.0
WheatHead 594.0 691.0 742.0 795.0
WheatHead 606.0 569.0 724.0 691.0
WheatHead 651.0 504.0 768.0 663.0
WheatHead 744.0 951.0 833.0 1024.0
WheatHead 889.0 905.0 980.0 1021.0
WheatHead 913.0 722.0 1024.0 846.0
WheatHead 774.0 600.0 860.0 726.0
WheatHead 949.0 0.0 1024.0 157.0
WheatHead 1010.0 130.0 1024.0 200.0
WheatHead 545.0 378.0 656.0 513.0
WheatHead 145.0 154.0 221.0 238.0
WheatHead 153.0 0.0 202.0 51.0
