WheatHead 403.0 107.0 478.0 270.0
WheatHead 47.0 307.0 138.0 461.0
WheatHead 145.0 274.0 248.0 386.0
WheatHead 156.0 372.0 265.0 454.0
WheatHead 297.0 370.0 362.0 438.0
WheatHead 397.0 456.0 510.0 526.0
WheatHead 470.0 346.0 539.0 423.0
WheatHead 553.0 450.0 621.0 514.0
WheatHead 430.0 535.0 508.0 602.0
WheatHead 1.0 451.0 77.0 533.0
WheatHead 92.0 576.0 180.0 642.0
WheatHead 115.0 655.0 196.0 737.0
WheatHead 334.0 710.0 402.0 783.0
WheatHead 420.0 734.0 488.0 856.0
WheatHead 363.0 802.0 427.0 879.0
WheatHead 190.0 830.0 296.0 940.0
WheatHead 103.0 854.0 221.0 993.0
WheatHead 1.0 736.0 81.0 840.0
WheatHead 1.0 843.0 60.0 914.0
WheatHead 319.0 970.0 436.0 1024.0
WheatHead 538.0 932.0 641.0 1024.0
WheatHead 534.0 870.0 615.0 937.0
WheatHead 660.0 835.0 736.0 902.0
WheatHead 706.0 910.0 813.0 985.0
WheatHead 801.0 752.0 875.0 819.0
WheatHead 767.0 660.0 830.0 775.0
WheatHead 708.0 607.0 772.0 710.0
WheatHead 876.0 864.0 970.0 942.0
WheatHead 746.0 845.0 835.0 909.0
WheatHead 902.0 491.0 971.0 576.0
WheatHead 990.0 448.0 1024.0 519.0
WheatHead 802.0 395.0 875.0 468.0
WheatHead 875.0 433.0 941.0 516.0
WheatHead 675.0 482.0 763.0 549.0
WheatHead 799.0 512.0 860.0 574.0
WheatHead 663.0 276.0 757.0 381.0
WheatHead 677.0 346.0 729.0 418.0
WheatHead 665.0 193.0 732.0 295.0
WheatHead 757.0 160.0 827.0 242.0
WheatHead 825.0 292.0 930.0 374.0
WheatHead 774.0 329.0 855.0 405.0
WheatHead 947.0 232.0 1024.0 369.0
WheatHead 410.0 324.0 476.0 406.0
WheatHead 0.0 252.0 94.0 331.0
WheatHead 92.0 186.0 150.0 265.0
WheatHead 463.0 272.0 520.0 342.0
WheatHead 0.0 604.0 41.0 677.0
WheatHead 137.0 499.0 194.0 558.0
WheatHead 946.0 589.0 1008.0 634.0
WheatHead 404.0 684.0 472.0 777.0
WheatHead 0.0 913.0 67.0 1000.0
