WheatHead 390.0 891.0 505.0 1005.0
WheatHead 588.0 222.0 709.0 289.0
WheatHead 752.0 192.0 834.0 284.0
WheatHead 927.0 903.0 1017.0 1023.0
WheatHead 739.0 58.0 829.0 163.0
WheatHead 967.0 450.0 1024.0 535.0
WheatHead 870.0 432.0 934.0 555.0
WheatHead 673.0 916.0 747.0 990.0
WheatHead 563.0 0.0 660.0 104.0
WheatHead 391.0 99.0 483.0 192.0
WheatHead 750.0 791.0 870.0 860.0
WheatHead 637.0 565.0 721.0 663.0
WheatHead 563.0 750.0 660.0 844.0
WheatHead 744.0 437.0 839.0 506.0
WheatHead 640.0 765.0 716.0 883.0
WheatHead 857.0 660.0 957.0 837.0
WheatHead 952.0 309.0 1024.0 366.0
WheatHead 634.0 348.0 709.0 414.0
WheatHead 913.0 61.0 962.0 138.0
WheatHead 453.0 243.0 588.0 399.0
WheatHead 842.0 624.0 934.0 686.0
WheatHead 494.0 232.0 578.0 317.0
WheatHead 691.0 732.0 785.0 821.0
WheatHead 565.0 901.0 632.0 1003.0
WheatHead 524.0 327.0 604.0 409.0
WheatHead 855.0 51.0 913.0 140.0
WheatHead 496.0 307.0 609.0 378.0
WheatHead 857.0 752.0 965.0 883.0
WheatHead 742.0 752.0 796.0 837.0
WheatHead 522.0 629.0 580.0 680.0
WheatHead 784.0 982.0 879.0 1024.0
