WheatHead 2.0 0.0 107.0 81.0
WheatHead 71.0 328.0 171.0 458.0
WheatHead 943.0 35.0 1024.0 110.0
WheatHead 815.0 458.0 920.0 518.0
WheatHead 83.0 618.0 172.0 698.0
WheatHead 0.0 755.0 76.0 872.0
WheatHead 91.0 822.0 239.0 941.0
WheatHead 770.0 901.0 901.0 983.0
WheatHead 157.0 505.0 252.0 563.0
WheatHead 172.0 382.0 294.0 478.0
WheatHead 942.0 550.0 1024.0 632.0
WheatHead 825.0 416.0 945.0 481.0
WheatHead 900.0 905.0 1007.0 1010.0
WheatHead 139.0 2.0 261.0 47.0
WheatHead 888.0 380.0 1000.0 471.0
WheatHead 0.0 610.0 48.0 681.0
WheatHead 89.0 509.0 187.0 600.0
