WheatHead 134.0 34.0 234.0 92.0
WheatHead 291.0 32.0 347.0 93.0
WheatHead 296.0 94.0 357.0 153.0
WheatHead 325.0 55.0 402.0 115.0
WheatHead 347.0 0.0 425.0 79.0
WheatHead 395.0 0.0 467.0 52.0
WheatHead 0.0 0.0 47.0 78.0
WheatHead 458.0 174.0 533.0 245.0
WheatHead 630.0 183.0 763.0 261.0
WheatHead 780.0 109.0 854.0 195.0
WheatHead 976.0 109.0 1024.0 197.0
WheatHead 934.0 51.0 1020.0 116.0
WheatHead 890.0 92.0 952.0 141.0
WheatHead 847.0 32.0 957.0 100.0
WheatHead 728.0 0.0 834.0 93.0
WheatHead 213.0 464.0 291.0 538.0
WheatHead 273.0 492.0 359.0 556.0
WheatHead 322.0 533.0 392.0 616.0
WheatHead 0.0 443.0 78.0 523.0
WheatHead 6.0 568.0 75.0 631.0
WheatHead 19.0 626.0 97.0 698.0
WheatHead 187.0 572.0 268.0 631.0
WheatHead 186.0 642.0 276.0 701.0
WheatHead 168.0 712.0 247.0 763.0
WheatHead 70.0 698.0 159.0 774.0
WheatHead 74.0 907.0 182.0 971.0
WheatHead 247.0 972.0 317.0 1024.0
WheatHead 245.0 918.0 301.0 971.0
WheatHead 591.0 617.0 669.0 681.0
WheatHead 688.0 585.0 799.0 703.0
WheatHead 594.0 550.0 666.0 605.0
WheatHead 537.0 453.0 598.0 509.0
WheatHead 474.0 531.0 535.0 583.0
WheatHead 481.0 574.0 580.0 619.0
WheatHead 326.0 604.0 447.0 687.0
WheatHead 458.0 923.0 542.0 971.0
WheatHead 494.0 821.0 564.0 867.0
WheatHead 669.0 863.0 724.0 933.0
WheatHead 751.0 882.0 825.0 938.0
WheatHead 907.0 899.0 986.0 961.0
WheatHead 610.0 961.0 676.0 1024.0
WheatHead 653.0 1002.0 721.0 1024.0
WheatHead 710.0 970.0 796.0 1024.0
WheatHead 810.0 972.0 866.0 1024.0
WheatHead 882.0 944.0 949.0 989.0
WheatHead 897.0 990.0 961.0 1024.0
WheatHead 463.0 967.0 574.0 1024.0
WheatHead 391.0 1000.0 475.0 1024.0
WheatHead 1006.0 530.0 1024.0 582.0
WheatHead 893.0 430.0 982.0 496.0
WheatHead 873.0 516.0 935.0 572.0
WheatHead 391.0 68.0 441.0 131.0
WheatHead 429.0 68.0 504.0 141.0
WheatHead 568.0 0.0 664.0 64.0
WheatHead 47.0 798.0 112.0 870.0
