WheatHead 202.0 27.0 290.0 122.0
WheatHead 417.0 15.0 488.0 105.0
WheatHead 522.0 36.0 593.0 122.0
WheatHead 441.0 93.0 518.0 176.0
WheatHead 382.0 118.0 479.0 225.0
WheatHead 295.0 189.0 384.0 250.0
WheatHead 258.0 253.0 385.0 318.0
WheatHead 372.0 216.0 475.0 303.0
WheatHead 526.0 280.0 612.0 377.0
WheatHead 481.0 340.0 538.0 396.0
WheatHead 382.0 367.0 471.0 433.0
WheatHead 303.0 395.0 411.0 451.0
WheatHead 190.0 317.0 286.0 415.0
WheatHead 94.0 513.0 225.0 578.0
WheatHead 0.0 570.0 82.0 634.0
WheatHead 668.0 0.0 814.0 36.0
WheatHead 703.0 14.0 811.0 210.0
WheatHead 975.0 0.0 1024.0 30.0
WheatHead 789.0 261.0 858.0 352.0
WheatHead 739.0 339.0 841.0 406.0
WheatHead 610.0 363.0 695.0 428.0
WheatHead 885.0 432.0 983.0 508.0
WheatHead 979.0 395.0 1024.0 450.0
WheatHead 424.0 540.0 506.0 629.0
WheatHead 452.0 437.0 520.0 516.0
WheatHead 533.0 429.0 587.0 488.0
WheatHead 630.0 466.0 690.0 531.0
WheatHead 709.0 489.0 790.0 565.0
WheatHead 743.0 568.0 889.0 713.0
WheatHead 799.0 542.0 849.0 597.0
WheatHead 960.0 585.0 1024.0 653.0
WheatHead 631.0 654.0 718.0 707.0
WheatHead 325.0 697.0 425.0 773.0
WheatHead 93.0 665.0 156.0 733.0
WheatHead 660.0 691.0 825.0 806.0
WheatHead 92.0 729.0 242.0 829.0
WheatHead 228.0 783.0 413.0 848.0
WheatHead 832.0 841.0 1024.0 903.0
WheatHead 838.0 907.0 991.0 965.0
WheatHead 343.0 904.0 425.0 975.0
WheatHead 123.0 938.0 198.0 1005.0
WheatHead 38.0 912.0 115.0 991.0
WheatHead 96.0 436.0 138.0 489.0
WheatHead 148.0 406.0 197.0 465.0
WheatHead 637.0 125.0 729.0 254.0
WheatHead 539.0 135.0 634.0 189.0
WheatHead 704.0 629.0 745.0 676.0
WheatHead 750.0 39.0 838.0 91.0
WheatHead 982.0 23.0 1024.0 82.0
WheatHead 980.0 169.0 1024.0 238.0
WheatHead 972.0 258.0 1024.0 327.0
WheatHead 581.0 279.0 644.0 350.0
