WheatHead 0.0 953.0 62.0 1021.0
WheatHead 682.0 23.0 748.0 124.0
WheatHead 768.0 324.0 868.0 462.0
WheatHead 932.0 457.0 978.0 555.0
WheatHead 365.0 1.0 430.0 80.0
WheatHead 207.0 763.0 278.0 828.0
WheatHead 659.0 410.0 711.0 495.0
WheatHead 425.0 843.0 496.0 920.0
WheatHead 738.0 405.0 805.0 486.0
WheatHead 505.0 94.0 589.0 184.0
WheatHead 296.0 446.0 352.0 531.0
WheatHead 374.0 472.0 417.0 573.0
WheatHead 473.0 703.0 536.0 772.0
WheatHead 206.0 847.0 292.0 899.0
WheatHead 69.0 398.0 143.0 468.0
WheatHead 230.0 286.0 360.0 320.0
WheatHead 187.0 530.0 277.0 592.0
WheatHead 685.0 502.0 720.0 567.0
WheatHead 922.0 731.0 978.0 808.0
WheatHead 686.0 742.0 742.0 801.0
WheatHead 398.0 664.0 451.0 740.0
WheatHead 808.0 786.0 851.0 862.0
WheatHead 735.0 457.0 767.0 554.0
WheatHead 69.0 0.0 141.0 42.0
WheatHead 307.0 789.0 348.0 865.0
WheatHead 376.0 173.0 454.0 219.0
WheatHead 626.0 970.0 711.0 1024.0
WheatHead 935.0 167.0 969.0 245.0
WheatHead 0.0 451.0 13.0 505.0
WheatHead 960.0 880.0 1024.0 940.0
WheatHead 819.0 1.0 865.0 42.0
WheatHead 55.0 806.0 116.0 858.0
WheatHead 959.0 128.0 1024.0 181.0
WheatHead 241.0 431.0 271.0 498.0
WheatHead 210.0 955.0 253.0 989.0
WheatHead 350.0 221.0 401.0 266.0
WheatHead 607.0 746.0 663.0 804.0
WheatHead 727.0 136.0 774.0 202.0
WheatHead 674.0 178.0 708.0 256.0
WheatHead 480.0 917.0 529.0 970.0
WheatHead 468.0 741.0 516.0 805.0
WheatHead 540.0 841.0 587.0 868.0
WheatHead 191.0 790.0 236.0 836.0
WheatHead 804.0 177.0 831.0 255.0
WheatHead 128.0 551.0 203.0 595.0
WheatHead 160.0 301.0 240.0 353.0
WheatHead 673.0 410.0 722.0 498.0
WheatHead 471.0 8.0 566.0 125.0
WheatHead 733.0 146.0 856.0 214.0
WheatHead 385.0 444.0 446.0 486.0
WheatHead 466.0 539.0 539.0 563.0
WheatHead 638.0 837.0 706.0 891.0
WheatHead 844.0 899.0 901.0 968.0
WheatHead 760.0 877.0 803.0 915.0
WheatHead 0.0 780.0 46.0 844.0
