WheatHead 139.0 0.0 199.0 85.0
WheatHead 0.0 493.0 72.0 614.0
WheatHead 0.0 900.0 72.0 975.0
WheatHead 434.0 306.0 612.0 592.0
WheatHead 651.0 625.0 945.0 828.0
WheatHead 709.0 138.0 887.0 251.0
WheatHead 134.0 855.0 258.0 972.0
WheatHead 239.0 367.0 464.0 481.0
WheatHead 469.0 332.0 696.0 438.0
WheatHead 224.0 70.0 317.0 362.0
WheatHead 727.0 387.0 817.0 470.0
WheatHead 67.0 117.0 200.0 247.0
WheatHead 208.0 0.0 309.0 106.0
WheatHead 101.0 704.0 237.0 884.0
WheatHead 0.0 794.0 116.0 891.0
WheatHead 912.0 390.0 1024.0 760.0
WheatHead 668.0 0.0 746.0 36.0
WheatHead 80.0 939.0 200.0 1024.0
WheatHead 690.0 194.0 795.0 287.0
WheatHead 212.0 540.0 451.0 636.0
WheatHead 423.0 221.0 585.0 390.0
WheatHead 494.0 847.0 628.0 944.0
WheatHead 13.0 0.0 150.0 116.0
WheatHead 761.0 872.0 857.0 1024.0
WheatHead 521.0 604.0 737.0 740.0
WheatHead 0.0 696.0 64.0 776.0
WheatHead 327.0 0.0 438.0 216.0
WheatHead 408.0 0.0 561.0 75.0
WheatHead 285.0 2.0 379.0 95.0
WheatHead 0.0 161.0 46.0 236.0
