WheatHead 341.0 503.0 412.0 588.0
WheatHead 72.0 339.0 157.0 424.0
WheatHead 215.0 243.0 324.0 331.0
WheatHead 513.0 704.0 563.0 818.0
WheatHead 34.0 513.0 90.0 591.0
WheatHead 148.0 559.0 233.0 614.0
WheatHead 634.0 1.0 679.0 86.0
WheatHead 215.0 417.0 293.0 520.0
WheatHead 735.0 806.0 816.0 901.0
WheatHead 835.0 303.0 905.0 442.0
WheatHead 260.0 507.0 325.0 586.0
WheatHead 853.0 21.0 887.0 167.0
WheatHead 737.0 441.0 870.0 555.0
WheatHead 966.0 88.0 1024.0 128.0
WheatHead 886.0 456.0 984.0 490.0
WheatHead 16.0 572.0 98.0 626.0
WheatHead 57.0 140.0 149.0 197.0
WheatHead 838.0 518.0 999.0 624.0
WheatHead 234.0 99.0 275.0 223.0
WheatHead 22.0 0.0 279.0 50.0
WheatHead 268.0 102.0 307.0 199.0
WheatHead 25.0 273.0 95.0 337.0
WheatHead 634.0 141.0 758.0 406.0
WheatHead 342.0 83.0 391.0 206.0
WheatHead 595.0 218.0 651.0 286.0
WheatHead 529.0 342.0 593.0 379.0
WheatHead 333.0 445.0 457.0 515.0
WheatHead 49.0 207.0 177.0 283.0
WheatHead 484.0 524.0 524.0 618.0
WheatHead 782.0 77.0 839.0 133.0
WheatHead 370.0 292.0 463.0 343.0
WheatHead 488.0 107.0 591.0 240.0
WheatHead 434.0 23.0 538.0 67.0
WheatHead 701.0 0.0 746.0 79.0
WheatHead 532.0 207.0 637.0 398.0
WheatHead 831.0 630.0 955.0 678.0
WheatHead 197.0 645.0 256.0 714.0
WheatHead 685.0 929.0 730.0 998.0
WheatHead 985.0 1.0 1018.0 53.0
WheatHead 25.0 447.0 87.0 529.0
WheatHead 471.0 208.0 524.0 238.0
WheatHead 902.0 485.0 968.0 528.0
WheatHead 658.0 845.0 726.0 897.0
WheatHead 389.0 105.0 465.0 214.0
WheatHead 963.0 969.0 1022.0 1019.0
WheatHead 537.0 542.0 590.0 631.0
WheatHead 45.0 849.0 125.0 1024.0
WheatHead 0.0 715.0 34.0 759.0
WheatHead 0.0 317.0 76.0 512.0
WheatHead 169.0 489.0 236.0 546.0
WheatHead 401.0 137.0 469.0 219.0
WheatHead 333.0 75.0 367.0 193.0
WheatHead 940.0 1.0 983.0 30.0
WheatHead 963.0 789.0 1024.0 821.0
WheatHead 405.0 508.0 487.0 553.0
WheatHead 989.0 253.0 1024.0 311.0
WheatHead 637.0 686.0 697.0 716.0
WheatHead 735.0 259.0 767.0 301.0
WheatHead 0.0 614.0 117.0 679.0
WheatHead 231.0 825.0 345.0 871.0
WheatHead 170.0 684.0 263.0 716.0
WheatHead 454.0 282.0 599.0 350.0
WheatHead 0.0 656.0 41.0 707.0
WheatHead 141.0 965.0 202.0 1009.0
WheatHead 697.0 620.0 739.0 668.0
WheatHead 602.0 582.0 723.0 639.0
WheatHead 913.0 230.0 967.0 307.0
