WheatHead 955.0 43.0 1024.0 123.0
WheatHead 80.0 0.0 173.0 59.0
WheatHead 516.0 551.0 586.0 607.0
WheatHead 370.0 741.0 456.0 827.0
WheatHead 811.0 90.0 884.0 207.0
WheatHead 670.0 407.0 767.0 480.0
WheatHead 286.0 541.0 377.0 622.0
WheatHead 286.0 181.0 379.0 295.0
WheatHead 324.0 467.0 410.0 543.0
WheatHead 519.0 36.0 651.0 140.0
WheatHead 0.0 607.0 87.0 674.0
WheatHead 136.0 215.0 208.0 282.0
WheatHead 436.0 669.0 520.0 762.0
WheatHead 569.0 458.0 668.0 581.0
WheatHead 269.0 262.0 359.0 355.0
WheatHead 101.0 175.0 229.0 267.0
WheatHead 154.0 0.0 253.0 72.0
WheatHead 346.0 118.0 412.0 186.0
WheatHead 292.0 637.0 385.0 717.0
WheatHead 358.0 0.0 458.0 87.0
WheatHead 410.0 119.0 488.0 202.0
WheatHead 214.0 787.0 331.0 868.0
WheatHead 276.0 922.0 365.0 1024.0
WheatHead 0.0 738.0 52.0 831.0
WheatHead 77.0 768.0 183.0 864.0
WheatHead 1.0 579.0 101.0 655.0
WheatHead 772.0 358.0 858.0 460.0
WheatHead 940.0 171.0 1023.0 241.0
WheatHead 990.0 358.0 1024.0 456.0
WheatHead 536.0 116.0 668.0 180.0
WheatHead 46.0 289.0 184.0 371.0
WheatHead 191.0 340.0 253.0 437.0
WheatHead 103.0 352.0 202.0 426.0
WheatHead 293.0 107.0 365.0 180.0
WheatHead 229.0 75.0 327.0 155.0
