WheatHead 403.0 689.0 515.0 832.0
WheatHead 971.0 517.0 1023.0 617.0
WheatHead 882.0 98.0 1007.0 203.0
WheatHead 154.0 403.0 279.0 487.0
WheatHead 944.0 341.0 1024.0 466.0
WheatHead 544.0 689.0 681.0 847.0
WheatHead 463.0 44.0 576.0 142.0
WheatHead 172.0 693.0 334.0 894.0
WheatHead 453.0 442.0 567.0 569.0
WheatHead 737.0 711.0 819.0 816.0
WheatHead 978.0 768.0 1023.0 906.0
WheatHead 255.0 264.0 326.0 330.0
WheatHead 803.0 633.0 890.0 738.0
WheatHead 926.0 821.0 1011.0 929.0
WheatHead 283.0 682.0 371.0 860.0
