WheatHead 729.0 576.0 804.0 648.0
WheatHead 888.0 481.0 953.0 569.0
WheatHead 999.0 189.0 1024.0 229.0
WheatHead 973.0 598.0 1024.0 677.0
WheatHead 120.0 278.0 208.0 352.0
WheatHead 401.0 465.0 510.0 525.0
WheatHead 102.0 449.0 188.0 507.0
WheatHead 811.0 774.0 943.0 891.0
WheatHead 608.0 0.0 667.0 69.0
WheatHead 450.0 101.0 524.0 177.0
WheatHead 678.0 200.0 749.0 283.0
WheatHead 350.0 6.0 454.0 84.0
WheatHead 162.0 249.0 274.0 308.0
WheatHead 301.0 169.0 465.0 243.0
WheatHead 196.0 609.0 343.0 687.0
WheatHead 415.0 972.0 501.0 1015.0
WheatHead 359.0 697.0 465.0 798.0
WheatHead 787.0 361.0 886.0 438.0
WheatHead 1004.0 543.0 1024.0 611.0
WheatHead 691.0 275.0 812.0 348.0
WheatHead 806.0 2.0 882.0 66.0
WheatHead 196.0 395.0 296.0 468.0
WheatHead 606.0 733.0 688.0 813.0
WheatHead 614.0 948.0 699.0 1024.0
WheatHead 6.0 910.0 121.0 971.0
WheatHead 903.0 180.0 962.0 281.0
WheatHead 660.0 303.0 692.0 417.0
WheatHead 866.0 770.0 953.0 821.0
WheatHead 522.0 166.0 603.0 225.0
WheatHead 779.0 132.0 845.0 169.0
WheatHead 746.0 423.0 834.0 501.0
WheatHead 283.0 4.0 405.0 121.0
WheatHead 0.0 481.0 140.0 525.0
WheatHead 491.0 364.0 569.0 400.0
WheatHead 991.0 528.0 1024.0 562.0
WheatHead 962.0 31.0 1024.0 95.0
WheatHead 110.0 582.0 225.0 623.0
WheatHead 14.0 592.0 143.0 648.0
WheatHead 719.0 651.0 817.0 729.0
WheatHead 0.0 200.0 55.0 268.0
WheatHead 180.0 845.0 271.0 902.0
WheatHead 663.0 23.0 719.0 72.0
WheatHead 120.0 884.0 220.0 930.0
WheatHead 417.0 350.0 483.0 375.0
WheatHead 461.0 567.0 573.0 613.0
WheatHead 577.0 139.0 684.0 181.0
WheatHead 15.300000190734863 731.0 133.39999389648438 787.0999755859375
WheatHead 445.0 22.0 536.0 74.0
WheatHead 899.0 658.0 962.0 693.0
WheatHead 693.0 353.0 798.0 415.0
WheatHead 476.0 573.0 669.0 656.0
WheatHead 44.0 919.0 170.0 982.0
WheatHead 530.0 418.0 667.0 496.0
WheatHead 679.0 420.0 711.0 501.0
WheatHead 827.0 944.0 890.0 988.0
WheatHead 90.0 20.0 208.0 96.0
WheatHead 976.0 703.0 1024.0 753.0
WheatHead 214.0 839.0 278.0 876.0
WheatHead 303.0 126.0 348.0 181.0
WheatHead 420.0 841.0 496.0 875.0
WheatHead 465.0 405.0 574.0 465.0
WheatHead 849.0 732.0 961.0 812.0
WheatHead 811.0 731.0 874.0 783.0
WheatHead 777.0 804.0 815.0 859.0
WheatHead 245.0 915.0 335.0 961.0
WheatHead 123.0 63.0 249.0 165.0
WheatHead 747.0 758.0 791.0 845.0
WheatHead 461.0 1.0 537.0 75.0
WheatHead 832.0 180.0 922.0 260.0
WheatHead 884.0 21.0 940.0 63.0
