WheatHead 121.0 638.0 238.0 700.0
WheatHead 872.0 259.0 933.0 348.0
WheatHead 243.0 472.0 333.0 532.0
WheatHead 976.0 126.0 1022.0 216.0
WheatHead 591.0 106.0 643.0 180.0
WheatHead 820.0 954.0 875.0 1022.0
WheatHead 1001.0 413.0 1024.0 452.0
WheatHead 719.0 2.0 785.0 94.0
WheatHead 481.0 606.0 561.0 701.0
WheatHead 604.0 286.0 678.0 368.0
WheatHead 30.0 111.0 98.0 212.0
WheatHead 498.0 430.0 574.0 525.0
WheatHead 165.0 49.0 226.0 147.0
WheatHead 553.0 580.0 640.0 652.0
WheatHead 0.0 897.0 82.0 955.0
WheatHead 141.0 567.0 238.0 622.0
WheatHead 752.0 79.0 793.0 183.0
WheatHead 830.0 696.0 916.0 783.0
WheatHead 100.0 350.0 189.0 414.0
WheatHead 596.0 1.0 657.0 26.0
WheatHead 671.0 402.0 714.0 504.0
WheatHead 538.0 732.0 623.0 776.0
WheatHead 812.0 819.0 838.0 884.0
WheatHead 100.0 978.0 192.0 1019.0
WheatHead 333.0 740.0 418.0 785.0
WheatHead 895.0 0.0 968.0 56.0
WheatHead 271.0 442.0 342.0 498.0
WheatHead 243.0 851.0 273.0 913.0
WheatHead 599.0 776.0 645.0 897.0
WheatHead 738.0 268.0 790.0 319.0
WheatHead 817.0 315.0 879.0 368.0
WheatHead 535.0 60.0 564.0 116.0
WheatHead 969.0 584.0 1014.0 655.0
WheatHead 0.0 944.0 42.0 984.0
WheatHead 33.0 211.0 112.0 256.0
WheatHead 228.0 182.0 302.0 232.0
WheatHead 689.0 611.0 732.0 674.0
WheatHead 204.0 395.0 264.0 441.0
WheatHead 475.0 509.0 528.0 574.0
WheatHead 490.0 839.0 565.0 878.0
WheatHead 86.0 801.0 146.0 886.0
WheatHead 797.0 883.0 850.0 906.0
WheatHead 91.0 249.0 174.0 304.0
WheatHead 492.0 977.0 572.0 1015.0
WheatHead 0.0 255.0 96.0 312.0
WheatHead 394.0 630.0 463.0 670.0
WheatHead 290.0 657.0 340.0 704.0
WheatHead 0.0 556.0 73.0 601.0
WheatHead 510.0 44.0 551.0 106.0
WheatHead 630.0 255.0 666.0 320.0
WheatHead 770.0 843.0 805.0 906.0
WheatHead 566.0 222.0 614.0 260.0
WheatHead 406.0 817.0 467.0 873.0
WheatHead 574.0 2.0 653.0 66.0
WheatHead 603.0 329.0 643.0 375.0
WheatHead 403.0 724.0 461.0 834.0
WheatHead 269.0 240.0 330.0 287.0
WheatHead 587.0 606.0 635.0 644.0
WheatHead 907.0 929.0 972.0 976.0
WheatHead 511.0 175.0 576.0 240.0
