WheatHead 396.0 724.0 494.0 826.0
WheatHead 399.0 570.0 494.0 686.0
WheatHead 865.0 419.0 1003.0 504.0
WheatHead 601.0 765.0 696.0 860.0
WheatHead 5.0 2.0 120.0 179.0
WheatHead 706.0 440.0 832.0 558.0
WheatHead 463.0 373.0 570.0 437.0
WheatHead 450.0 826.0 578.0 952.0
WheatHead 570.0 2.0 663.0 135.0
WheatHead 432.0 110.0 576.0 186.0
WheatHead 821.0 634.0 972.0 714.0
WheatHead 128.0 547.0 207.0 619.0
WheatHead 23.0 496.0 94.0 596.0
WheatHead 143.0 824.0 238.0 885.0
WheatHead 30.0 806.0 143.0 901.0
WheatHead 0.0 394.0 74.0 519.0
WheatHead 207.0 980.0 355.0 1024.0
WheatHead 125.0 353.0 212.0 476.0
WheatHead 0.0 616.0 87.0 714.0
WheatHead 883.0 179.0 949.0 307.0
WheatHead 606.0 120.0 719.0 189.0
WheatHead 593.0 616.0 680.0 678.0
WheatHead 924.0 788.0 1008.0 870.0
WheatHead 491.0 437.0 632.0 586.0
WheatHead 140.0 458.0 378.0 558.0
WheatHead 0.0 952.0 192.0 1024.0
WheatHead 304.0 391.0 391.0 473.0
WheatHead 79.0 269.0 153.0 353.0
WheatHead 125.0 704.0 225.0 780.0
WheatHead 0.0 668.0 23.0 760.0
WheatHead 711.0 2.0 901.0 76.0
WheatHead 517.0 296.0 568.0 350.0
WheatHead 711.0 401.0 832.0 453.0
WheatHead 683.0 235.0 806.0 296.0
WheatHead 552.0 865.0 640.0 957.0
WheatHead 614.0 430.0 711.0 506.0
WheatHead 711.0 929.0 916.0 1024.0
WheatHead 140.0 143.0 227.0 222.0
WheatHead 130.0 916.0 230.0 1006.0
WheatHead 179.0 2.0 296.0 43.0
WheatHead 21.0 251.0 90.0 330.0
WheatHead 366.0 460.0 465.0 529.0
WheatHead 642.0 683.0 721.0 757.0
WheatHead 901.0 28.0 1024.0 94.0
WheatHead 179.0 788.0 253.0 842.0
WheatHead 81.0 1021.0 179.0 1024.0
WheatHead 757.0 616.0 847.0 680.0
WheatHead 959.0 212.0 1024.0 279.0
WheatHead 38.0 417.0 112.0 501.0
WheatHead 555.0 396.0 670.0 478.0
WheatHead 0.0 128.0 62.0 296.0
WheatHead 107.0 53.0 184.0 176.0
WheatHead 709.0 25.0 903.0 117.0
WheatHead 942.0 0.0 1024.0 37.0
WheatHead 463.0 2.0 519.0 33.0
