WheatHead 234.0 4.0 377.0 82.0
WheatHead 13.0 23.0 98.0 118.0
WheatHead 45.0 222.0 116.0 330.0
WheatHead 262.0 246.0 393.0 332.0
WheatHead 0.0 406.0 53.0 472.0
WheatHead 726.0 275.0 850.0 344.0
WheatHead 600.0 507.0 691.0 586.0
WheatHead 858.0 409.0 956.0 492.0
WheatHead 860.0 533.0 935.0 667.0
WheatHead 902.0 96.0 1024.0 218.0
WheatHead 854.0 4.0 1002.0 92.0
WheatHead 684.0 0.0 789.0 114.0
WheatHead 429.0 6.0 584.0 118.0
WheatHead 313.0 143.0 429.0 232.0
WheatHead 681.0 968.0 823.0 1024.0
WheatHead 364.0 902.0 474.0 1002.0
WheatHead 155.0 837.0 295.0 929.0
WheatHead 0.0 710.0 51.0 805.0
WheatHead 816.0 85.0 869.0 177.0
WheatHead 333.0 384.0 397.0 466.0
WheatHead 314.0 959.0 396.0 1024.0
WheatHead 645.0 841.0 707.0 904.0
WheatHead 492.0 638.0 558.0 688.0
WheatHead 931.0 904.0 1024.0 983.0
WheatHead 1000.0 677.0 1024.0 743.0
WheatHead 175.0 576.0 268.0 655.0
