WheatHead 540.0 466.0 604.0 570.0
WheatHead 47.0 480.0 109.0 576.0
WheatHead 503.0 628.0 602.0 752.0
WheatHead 318.0 122.0 400.0 192.0
WheatHead 130.0 488.0 253.0 573.0
WheatHead 435.0 765.0 517.0 876.0
WheatHead 326.0 456.0 401.0 544.0
WheatHead 401.0 229.0 460.0 309.0
WheatHead 826.0 801.0 872.0 884.0
WheatHead 510.0 210.0 569.0 304.0
WheatHead 5.0 372.0 139.0 495.0
WheatHead 238.0 427.0 275.0 514.0
WheatHead 662.0 79.0 748.0 199.0
WheatHead 90.0 247.0 212.0 400.0
WheatHead 354.0 215.0 434.0 311.0
WheatHead 790.0 282.0 862.0 365.0
WheatHead 630.0 939.0 693.0 995.0
WheatHead 828.0 543.0 893.0 663.0
WheatHead 0.0 755.0 27.0 828.0
WheatHead 547.0 962.0 573.0 1024.0
WheatHead 166.0 9.0 238.0 84.0
WheatHead 498.0 944.0 524.0 1022.0
WheatHead 671.0 285.0 700.0 348.0
WheatHead 285.0 79.0 309.0 174.0
WheatHead 145.0 948.0 172.0 1024.0
WheatHead 498.0 274.0 539.0 339.0
WheatHead 737.0 555.0 831.0 636.0
WheatHead 321.0 879.0 509.0 945.0
WheatHead 912.0 229.0 937.0 309.0
WheatHead 539.0 785.0 615.0 947.0
WheatHead 271.0 544.0 437.0 628.0
WheatHead 529.0 24.0 560.0 141.0
WheatHead 0.0 846.0 30.0 972.0
WheatHead 950.0999755859375 382.3999938964844 996.5999755859375 554.0
WheatHead 223.0 341.0 297.0 443.0
WheatHead 256.0 593.0 326.0 652.0
WheatHead 40.0 341.0 77.0 416.0
WheatHead 306.0 302.0 461.0 352.0
WheatHead 638.0 763.0 750.0 846.0
WheatHead 250.0 157.0 329.0 208.0
WheatHead 709.0 464.0 797.0 561.0
WheatHead 175.0 20.0 212.0 165.0
WheatHead 10.0 944.0 65.0 1022.0
WheatHead 249.0 984.0 324.0 1022.0
WheatHead 857.0 112.0 905.0 191.0
WheatHead 28.0 937.0 94.0 965.0
WheatHead 348.0 192.0 413.0 255.0
WheatHead 823.0 985.0 871.0 1008.0
WheatHead 0.0 948.0 28.0 1024.0
WheatHead 933.0 790.0 972.0 873.0
WheatHead 812.0 421.0 845.0 476.0
WheatHead 921.0 939.0 950.0 995.0
WheatHead 512.0 851.0 598.0 946.0
WheatHead 703.0 589.0 740.0 653.0
WheatHead 237.0 985.0 266.0 1024.0
WheatHead 987.0 856.0 1024.0 883.0
WheatHead 758.0 803.0 807.0 868.0
WheatHead 658.0 610.0 700.0 763.0
WheatHead 236.0 510.0 311.0 603.0
WheatHead 65.0 390.0 119.0 429.0
WheatHead 673.0 496.0 705.0 559.0
WheatHead 109.0 990.0 214.0 1022.0
WheatHead 320.0 989.0 375.0 1022.0
WheatHead 221.0 957.0 293.0 992.0
WheatHead 522.0 819.0 599.0 859.0
WheatHead 912.0 793.0 952.0 850.0
WheatHead 550.0 670.0 595.0 756.0
WheatHead 234.0 139.0 323.0 221.0
WheatHead 682.0 591.0 718.0 672.0
WheatHead 608.0 544.0 642.0 591.0
WheatHead 633.0 518.0 680.0 672.0
WheatHead 784.0 875.0 885.0 906.0
WheatHead 779.0 868.0 816.0 926.0
WheatHead 692.0 163.0 737.0 221.0
