WheatHead 19.0 347.0 74.0 425.0
WheatHead 25.0 303.0 85.0 359.0
WheatHead 0.0 74.0 40.0 138.0
WheatHead 116.0 402.0 178.0 464.0
WheatHead 150.0 314.0 215.0 385.0
WheatHead 98.0 324.0 156.0 382.0
WheatHead 97.0 109.0 167.0 190.0
WheatHead 92.0 600.0 178.0 676.0
WheatHead 86.0 661.0 141.0 731.0
WheatHead 2.0 669.0 92.0 737.0
WheatHead 0.0 1008.0 23.0 1024.0
WheatHead 36.0 817.0 86.0 882.0
WheatHead 144.0 882.0 245.0 972.0
WheatHead 83.0 959.0 150.0 1015.0
WheatHead 292.0 875.0 352.0 929.0
WheatHead 284.0 828.0 352.0 879.0
WheatHead 246.0 714.0 303.0 766.0
WheatHead 460.0 859.0 527.0 907.0
WheatHead 422.0 879.0 499.0 940.0
WheatHead 333.0 934.0 402.0 993.0
WheatHead 307.0 967.0 352.0 1017.0
WheatHead 443.0 949.0 524.0 1012.0
WheatHead 223.0 579.0 271.0 624.0
WheatHead 286.0 590.0 365.0 639.0
WheatHead 328.0 647.0 402.0 717.0
WheatHead 325.0 699.0 430.0 769.0
WheatHead 479.0 650.0 567.0 761.0
WheatHead 378.0 514.0 449.0 574.0
WheatHead 124.0 468.0 216.0 527.0
WheatHead 265.0 402.0 336.0 485.0
WheatHead 262.0 471.0 316.0 530.0
WheatHead 320.0 376.0 366.0 433.0
WheatHead 392.0 350.0 474.0 406.0
WheatHead 273.0 246.0 336.0 295.0
WheatHead 320.0 216.0 385.0 276.0
WheatHead 189.0 123.0 245.0 212.0
WheatHead 238.0 174.0 311.0 251.0
WheatHead 504.0 357.0 563.0 415.0
WheatHead 549.0 269.0 634.0 336.0
WheatHead 565.0 322.0 636.0 376.0
WheatHead 451.0 150.0 533.0 216.0
WheatHead 494.0 201.0 575.0 262.0
WheatHead 391.0 0.0 444.0 31.0
WheatHead 488.0 0.0 568.0 112.0
WheatHead 597.0 52.0 646.0 141.0
WheatHead 597.0 108.0 658.0 178.0
WheatHead 914.0 82.0 974.0 154.0
WheatHead 645.0 254.0 728.0 309.0
WheatHead 847.0 168.0 952.0 215.0
WheatHead 886.0 195.0 965.0 238.0
WheatHead 964.0 131.0 1024.0 184.0
WheatHead 512.0 436.0 594.0 492.0
WheatHead 582.0 440.0 649.0 520.0
WheatHead 654.0 731.0 727.0 795.0
WheatHead 516.0 789.0 608.0 860.0
WheatHead 575.0 791.0 660.0 843.0
WheatHead 712.0 834.0 855.0 927.0
WheatHead 758.0 821.0 869.0 870.0
WheatHead 890.0 731.0 978.0 788.0
WheatHead 761.0 626.0 848.0 691.0
WheatHead 616.0 546.0 718.0 609.0
WheatHead 722.0 511.0 832.0 589.0
WheatHead 777.0 324.0 859.0 381.0
WheatHead 839.0 985.0 907.0 1024.0
WheatHead 913.0 951.0 975.0 1024.0
WheatHead 621.0 922.0 690.0 978.0
WheatHead 578.0 869.0 632.0 916.0
WheatHead 967.0 686.0 1024.0 787.0
WheatHead 729.0 385.0 822.0 448.0
WheatHead 863.0 548.0 931.0 628.0
WheatHead 896.0 503.0 970.0 570.0
WheatHead 937.0 537.0 1021.0 621.0
WheatHead 829.0 351.0 918.0 449.0
WheatHead 901.0 378.0 993.0 460.0
WheatHead 212.0 398.0 245.0 439.0
WheatHead 773.0 505.0 847.0 548.0
WheatHead 732.0 919.0 786.0 975.0
WheatHead 930.0 779.0 1006.0 821.0
WheatHead 430.0 506.0 484.0 580.0
WheatHead 308.0 773.0 359.0 823.0
WheatHead 195.0 652.0 263.0 701.0
WheatHead 64.0 713.0 113.0 761.0
WheatHead 843.0 289.0 906.0 334.0
WheatHead 861.0 39.0 911.0 123.0
WheatHead 934.0 305.0 1002.0 354.0
WheatHead 922.0 412.0 997.0 505.0
WheatHead 493.0 292.0 547.0 346.0
WheatHead 380.0 288.0 440.0 339.0
WheatHead 233.0 129.0 326.0 207.0
