WheatHead 2.0 306.0 66.0 384.0
WheatHead 0.0 373.0 56.0 447.0
WheatHead 101.0 432.0 176.0 486.0
WheatHead 51.0 251.0 150.0 326.0
WheatHead 267.0 228.0 368.0 298.0
WheatHead 245.0 298.0 307.0 358.0
WheatHead 348.0 418.0 414.0 477.0
WheatHead 417.0 422.0 497.0 477.0
WheatHead 396.0 507.0 478.0 564.0
WheatHead 784.0 66.0 874.0 139.0
WheatHead 727.0 336.0 795.0 407.0
WheatHead 755.0 240.0 922.0 320.0
WheatHead 804.0 301.0 918.0 355.0
WheatHead 748.0 531.0 811.0 594.0
WheatHead 976.0 396.0 1024.0 452.0
WheatHead 720.0 650.0 811.0 762.0
WheatHead 645.0 620.0 712.0 691.0
WheatHead 903.0 860.0 985.0 944.0
WheatHead 761.0 879.0 818.0 974.0
WheatHead 677.0 778.0 750.0 832.0
WheatHead 620.0 867.0 677.0 960.0
WheatHead 496.0 975.0 582.0 1024.0
WheatHead 257.0 836.0 339.0 903.0
WheatHead 89.0 781.0 165.0 845.0
WheatHead 161.0 830.0 219.0 890.0
WheatHead 56.0 907.0 137.0 1000.0
WheatHead 195.0 908.0 275.0 972.0
WheatHead 0.0 620.0 63.0 692.0
WheatHead 450.0 894.0 513.0 942.0
WheatHead 640.0 29.0 711.0 77.0
WheatHead 898.0 252.0 963.0 306.0
