WheatHead 724.0 657.0 803.0 739.0
WheatHead 760.0 138.0 857.0 204.0
WheatHead 688.0 76.0 778.0 138.0
WheatHead 926.0 302.0 1006.0 407.0
WheatHead 558.0 360.0 660.0 427.0
WheatHead 670.0 819.0 742.0 906.0
WheatHead 888.0 688.0 1000.0 862.0
WheatHead 706.0 256.0 785.0 343.0
WheatHead 798.0 888.0 870.0 988.0
WheatHead 788.0 391.0 949.0 468.0
WheatHead 811.0 686.0 880.0 834.0
WheatHead 942.0 860.0 1024.0 990.0
WheatHead 880.0 51.0 1024.0 181.0
WheatHead 750.0 0.0 834.0 58.0
WheatHead 946.0 142.0 1024.0 221.0
WheatHead 908.0 519.0 1024.0 593.0
WheatHead 833.0 0.0 909.0 49.0
WheatHead 1.0 138.0 88.0 183.0
WheatHead 568.0 770.0 632.0 816.0
WheatHead 952.0 683.0 1024.0 757.0
WheatHead 865.0 527.0 947.0 619.0
WheatHead 811.0 473.0 903.0 529.0
WheatHead 862.0 48.0 936.0 135.0
WheatHead 975.0 10.0 1024.0 87.0
WheatHead 745.0 786.0 801.0 903.0
WheatHead 970.0 455.0 1024.0 524.0
WheatHead 847.0 719.0 954.0 829.0
WheatHead 898.0 939.0 985.0 1024.0
WheatHead 564.0 478.0 621.0 562.0
