WheatHead 30.0 246.0 112.0 325.0
WheatHead 72.0 128.0 151.0 198.0
WheatHead 60.0 321.0 153.0 445.0
WheatHead 377.0 318.0 448.0 425.0
WheatHead 402.0 250.0 541.0 311.0
WheatHead 291.0 159.0 404.0 256.0
WheatHead 417.0 89.0 513.0 165.0
WheatHead 627.0 0.0 751.0 80.0
WheatHead 33.0 681.0 111.0 787.0
WheatHead 130.0 620.0 198.0 710.0
WheatHead 23.0 949.0 96.0 1024.0
WheatHead 83.0 867.0 176.0 983.0
WheatHead 146.0 740.0 212.0 828.0
WheatHead 236.0 684.0 310.0 795.0
WheatHead 296.0 650.0 404.0 733.0
WheatHead 275.0 585.0 350.0 658.0
WheatHead 603.0 639.0 736.0 728.0
WheatHead 463.0 717.0 533.0 807.0
WheatHead 444.0 818.0 520.0 905.0
WheatHead 464.0 886.0 541.0 974.0
WheatHead 585.0 918.0 673.0 1024.0
WheatHead 721.0 363.0 818.0 488.0
WheatHead 654.0 403.0 761.0 468.0
WheatHead 512.0 339.0 620.0 467.0
WheatHead 878.0 565.0 959.0 669.0
WheatHead 937.0 729.0 1008.0 803.0
WheatHead 822.0 747.0 935.0 858.0
WheatHead 681.0 759.0 783.0 851.0
WheatHead 750.0 860.0 819.0 987.0
WheatHead 766.0 240.0 873.0 290.0
WheatHead 829.0 236.0 926.0 370.0
WheatHead 676.0 168.0 754.0 247.0
WheatHead 946.0 179.0 1024.0 229.0
WheatHead 695.0 300.0 772.0 385.0
WheatHead 748.0 625.0 868.0 681.0
