WheatHead 404.0 396.0 485.0 489.0
WheatHead 336.0 261.0 429.0 384.0
WheatHead 533.0 387.0 638.0 459.0
WheatHead 523.0 336.0 571.0 396.0
WheatHead 666.0 150.0 718.0 227.0
WheatHead 770.0 100.0 869.0 217.0
WheatHead 707.0 238.0 810.0 363.0
WheatHead 813.0 298.0 901.0 382.0
WheatHead 867.0 260.0 912.0 320.0
WheatHead 886.0 377.0 946.0 448.0
WheatHead 934.0 206.0 987.0 254.0
WheatHead 744.0 65.0 790.0 106.0
WheatHead 736.0 1.0 813.0 56.0
WheatHead 540.0 0.0 611.0 97.0
WheatHead 587.0 18.0 691.0 166.0
WheatHead 326.0 0.0 415.0 55.0
WheatHead 133.0 74.0 197.0 139.0
WheatHead 221.0 157.0 296.0 242.0
WheatHead 287.0 183.0 388.0 251.0
WheatHead 240.0 303.0 316.0 369.0
WheatHead 97.0 343.0 174.0 403.0
WheatHead 619.0 591.0 673.0 672.0
WheatHead 609.0 514.0 673.0 586.0
WheatHead 713.0 504.0 773.0 605.0
WheatHead 656.0 425.0 702.0 482.0
WheatHead 869.0 754.0 941.0 836.0
WheatHead 615.0 691.0 691.0 778.0
WheatHead 425.0 709.0 493.0 770.0
WheatHead 408.0 866.0 478.0 953.0
WheatHead 665.0 912.0 785.0 978.0
WheatHead 784.0 899.0 893.0 956.0
WheatHead 848.0 941.0 931.0 980.0
WheatHead 874.0 838.0 960.0 907.0
WheatHead 948.0 800.0 1024.0 859.0
WheatHead 332.0 466.0 382.0 523.0
WheatHead 280.0 653.0 363.0 733.0
WheatHead 220.0 681.0 284.0 747.0
WheatHead 231.0 751.0 325.0 811.0
WheatHead 209.0 841.0 301.0 948.0
WheatHead 167.0 937.0 227.0 1024.0
WheatHead 0.0 948.0 59.0 1009.0
WheatHead 107.0 848.0 180.0 916.0
WheatHead 153.0 751.0 210.0 815.0
WheatHead 152.0 662.0 213.0 709.0
WheatHead 88.0 707.0 163.0 769.0
WheatHead 93.0 496.0 163.0 578.0
WheatHead 33.0 460.0 126.0 594.0
WheatHead 48.0 124.0 94.0 197.0
WheatHead 104.0 186.0 178.0 238.0
WheatHead 677.0 631.0 732.0 684.0
WheatHead 714.0 836.0 785.0 890.0
WheatHead 379.0 233.0 432.0 298.0
WheatHead 409.0 310.0 484.0 363.0
WheatHead 39.0 335.0 94.0 386.0
WheatHead 812.0 4.0 901.0 74.0
