WheatHead 238.0 94.0 328.0 181.0
WheatHead 159.0 151.0 244.0 222.0
WheatHead 368.0 137.0 500.0 236.0
WheatHead 460.0 57.0 610.0 141.0
WheatHead 775.0 74.0 880.0 177.0
WheatHead 665.0 226.0 750.0 314.0
WheatHead 509.0 216.0 574.0 283.0
WheatHead 444.0 364.0 518.0 442.0
WheatHead 400.0 441.0 496.0 547.0
WheatHead 514.0 454.0 614.0 531.0
WheatHead 444.0 555.0 537.0 628.0
WheatHead 644.0 616.0 763.0 750.0
WheatHead 789.0 689.0 872.0 787.0
WheatHead 902.0 439.0 984.0 525.0
WheatHead 809.0 352.0 878.0 472.0
WheatHead 846.0 326.0 902.0 423.0
WheatHead 913.0 313.0 1004.0 413.0
WheatHead 988.0 153.0 1024.0 236.0
WheatHead 924.0 0.0 1012.0 72.0
WheatHead 220.0 543.0 356.0 697.0
WheatHead 116.0 488.0 225.0 578.0
WheatHead 0.0 511.0 62.0 579.0
WheatHead 0.0 365.0 58.0 456.0
WheatHead 75.0 717.0 196.0 856.0
WheatHead 179.0 1004.0 263.0 1024.0
WheatHead 381.0 844.0 482.0 927.0
WheatHead 610.0 797.0 702.0 882.0
WheatHead 679.0 917.0 756.0 990.0
WheatHead 868.0 878.0 931.0 976.0
WheatHead 982.0 876.0 1024.0 939.0
WheatHead 911.0 1000.0 982.0 1024.0
WheatHead 149.0 15.0 265.0 57.0
WheatHead 407.0 752.0 517.0 837.0
WheatHead 691.0 598.0 803.0 650.0
