WheatHead 391.0 215.0 522.0 312.0
WheatHead 483.0 322.0 586.0 399.0
WheatHead 321.0 777.0 429.0 889.0
WheatHead 171.0 209.0 245.0 314.0
WheatHead 314.0 80.0 388.0 156.0
WheatHead 558.0 261.0 683.0 340.0
WheatHead 455.0 535.0 578.0 609.0
WheatHead 240.0 596.0 337.0 716.0
WheatHead 207.0 110.0 271.0 207.0
WheatHead 350.0 494.0 427.0 581.0
WheatHead 698.0 481.0 783.0 560.0
WheatHead 166.0 435.0 250.0 560.0
WheatHead 373.0 417.0 450.0 537.0
WheatHead 509.0 102.0 596.0 168.0
WheatHead 122.0 908.0 238.0 1011.0
WheatHead 744.0 48.0 832.0 122.0
WheatHead 698.0 281.0 837.0 478.0
WheatHead 38.0 785.0 135.0 862.0
WheatHead 399.0 151.0 552.0 217.0
WheatHead 23.0 913.0 84.0 1003.0
WheatHead 834.0 140.0 1011.0 204.0
WheatHead 716.0 156.0 857.0 253.0
WheatHead 437.0 691.0 570.0 811.0
WheatHead 778.0 550.0 916.0 650.0
WheatHead 294.0 227.0 368.0 312.0
WheatHead 524.0 197.0 601.0 258.0
WheatHead 660.0 0.0 737.0 33.0
WheatHead 483.0 0.0 647.0 30.0
WheatHead 788.0 668.0 885.0 744.0
WheatHead 696.0 760.0 844.0 896.0
WheatHead 266.0 744.0 325.0 847.0
WheatHead 478.0 921.0 591.0 1000.0
WheatHead 591.0 453.0 665.0 535.0
WheatHead 911.0 525.0 1024.0 607.0
WheatHead 281.0 133.0 350.0 225.0
WheatHead 783.0 384.0 942.0 522.0
WheatHead 532.0 778.0 632.0 888.0
WheatHead 437.0 765.0 542.0 855.0
WheatHead 441.0 933.0 508.0 1022.0
WheatHead 58.0 230.0 135.0 309.0
WheatHead 637.0 560.0 834.0 637.0
WheatHead 266.0 0.0 343.0 40.0
WheatHead 606.0 842.0 704.0 949.0
WheatHead 604.0 634.0 667.0 844.0
WheatHead 622.0 747.0 711.0 834.0
WheatHead 744.0 455.0 898.0 547.0
WheatHead 709.0 243.0 783.0 284.0
WheatHead 691.0 957.0 829.0 1024.0
WheatHead 578.0 896.0 673.0 985.0
WheatHead 504.0 693.0 604.0 811.0
WheatHead 437.0 668.0 501.0 724.0
WheatHead 773.0 906.0 847.0 970.0
WheatHead 696.0 931.0 760.0 980.0
WheatHead 240.0 688.0 312.0 773.0
WheatHead 232.0 558.0 312.0 632.0
WheatHead 133.0 478.0 194.0 563.0
WheatHead 337.0 532.0 445.0 586.0
WheatHead 954.0 774.0 1018.0 841.0
WheatHead 957.0 609.0 1024.0 711.0
WheatHead 770.0 627.0 860.0 675.0
WheatHead 665.0 609.0 801.0 675.0
WheatHead 657.0 491.0 716.0 552.0
WheatHead 954.0 384.0 1024.0 481.0
WheatHead 977.0 337.0 1024.0 394.0
WheatHead 424.0 460.0 465.0 542.0
WheatHead 197.0 294.0 263.0 337.0
WheatHead 742.0 207.0 857.0 286.0
WheatHead 788.0 163.0 890.0 222.0
WheatHead 847.0 112.0 985.0 209.0
