WheatHead 226.0 465.0 336.0 580.0
WheatHead 232.0 66.0 293.0 166.0
WheatHead 0.0 45.0 53.0 129.0
WheatHead 714.0 157.0 767.0 236.0
WheatHead 812.0 223.0 866.0 311.0
WheatHead 223.0 128.0 282.0 252.0
WheatHead 386.0 113.0 473.0 202.0
WheatHead 338.0 705.0 419.0 780.0
WheatHead 42.0 897.0 121.0 947.0
WheatHead 285.0 271.0 364.0 338.0
WheatHead 76.0 797.0 154.0 858.0
WheatHead 416.0 484.0 487.0 558.0
WheatHead 315.0 47.0 380.0 126.0
WheatHead 529.0 35.0 589.0 96.0
WheatHead 525.0 702.0 606.0 794.0
WheatHead 690.0 793.0 730.0 862.0
WheatHead 0.0 147.0 59.0 203.0
WheatHead 906.0 299.0 947.0 360.0
WheatHead 167.0 245.0 232.0 288.0
WheatHead 101.0 416.0 200.0 496.0
WheatHead 126.0 795.0 228.0 864.0
WheatHead 765.0 894.0 834.0 942.0
WheatHead 718.0 442.0 800.0 512.0
WheatHead 445.0 382.0 521.0 446.0
WheatHead 86.0 102.0 167.0 163.0
WheatHead 834.0 950.0 892.0 1011.0
WheatHead 110.0 184.0 155.0 275.0
WheatHead 492.0 565.0 585.0 637.0
WheatHead 542.0 465.0 619.0 539.0
WheatHead 415.0 103.0 480.0 152.0
WheatHead 653.0 648.0 712.0 715.0
WheatHead 281.0 996.0 339.0 1024.0
WheatHead 603.0 987.0 678.0 1021.0
WheatHead 820.0 316.0 884.0 354.0
WheatHead 218.0 705.0 309.0 740.0
WheatHead 998.0 167.0 1022.0 229.0
WheatHead 1.0 12.0 64.0 72.0
WheatHead 512.0 946.0 595.0 1000.0
WheatHead 853.0 628.0 892.0 678.0
WheatHead 450.0 961.0 524.0 995.0
WheatHead 24.0 516.0 87.0 558.0
WheatHead 978.0 861.0 1024.0 905.0
WheatHead 32.0 731.0 113.0 781.0
WheatHead 359.0 931.0 421.0 961.0
WheatHead 895.0 558.0 950.0 608.0
WheatHead 348.0 682.0 405.0 734.0
WheatHead 686.0 442.0 740.0 507.0
WheatHead 0.0 325.0 55.0 367.0
WheatHead 510.0 446.0 588.0 475.0
WheatHead 658.0 966.0 697.0 1006.0
WheatHead 995.0 692.0 1024.0 752.0
WheatHead 489.0 884.0 590.0 926.0
WheatHead 782.0 725.0 856.0 789.0
WheatHead 535.0 772.0 604.0 823.0
