WheatHead 0.0 642.0 91.0 719.0
WheatHead 587.0 805.0 685.0 909.0
WheatHead 592.0 640.0 706.0 766.0
WheatHead 5.0 321.0 80.0 460.0
WheatHead 514.0 715.0 606.0 832.0
WheatHead 168.0 647.0 249.0 766.0
WheatHead 576.0 402.0 676.0 517.0
WheatHead 841.0 323.0 946.0 469.0
WheatHead 183.0 797.0 277.0 860.0
WheatHead 89.0 334.0 170.0 419.0
WheatHead 350.0 649.0 460.0 837.0
WheatHead 867.0 641.0 1009.0 770.0
WheatHead 661.0 880.0 748.0 1002.0
WheatHead 63.0 739.0 165.0 822.0
WheatHead 68.0 250.0 140.0 380.0
WheatHead 74.0 0.0 190.0 99.0
WheatHead 157.0 848.0 349.0 912.0
WheatHead 147.0 882.0 360.0 965.0
