WheatHead 798.0 568.0 896.0 642.0
WheatHead 235.0 76.0 357.0 175.0
WheatHead 179.0 404.0 335.0 499.0
WheatHead 524.0 117.0 637.0 248.0
WheatHead 916.0 348.0 1024.0 445.0
WheatHead 573.0 15.0 660.0 122.0
WheatHead 773.0 430.0 872.0 524.0
WheatHead 747.0 243.0 857.0 373.0
WheatHead 476.0 734.0 573.0 826.0
WheatHead 802.0 981.0 869.0 1023.0
WheatHead 38.0 272.0 140.0 373.0
WheatHead 593.0 706.0 698.0 801.0
WheatHead 28.0 652.0 133.0 762.0
WheatHead 624.0 875.0 716.0 947.0
WheatHead 542.0 803.0 691.0 903.0
WheatHead 860.0 176.0 944.0 263.0
WheatHead 69.0 755.0 127.0 834.0
WheatHead 727.0 483.0 824.0 583.0
WheatHead 2.0 66.0 102.0 217.0
WheatHead 883.0 325.0 1024.0 412.0
WheatHead 494.0 1021.0 586.0 1024.0
