WheatHead 0.0 73.0 34.0 167.0
WheatHead 184.0 1.0 293.0 61.0
WheatHead 118.0 225.0 264.0 298.0
WheatHead 0.0 429.0 90.0 542.0
WheatHead 52.0 357.0 153.0 430.0
WheatHead 269.0 366.0 395.0 451.0
WheatHead 362.0 291.0 445.0 411.0
WheatHead 397.0 122.0 485.0 275.0
WheatHead 296.0 74.0 377.0 185.0
WheatHead 265.0 139.0 331.0 234.0
WheatHead 477.0 0.0 563.0 85.0
WheatHead 1.0 911.0 43.0 1023.0
WheatHead 0.0 835.0 84.0 929.0
WheatHead 48.0 920.0 171.0 1024.0
WheatHead 77.0 683.0 176.0 799.0
WheatHead 32.0 524.0 131.0 601.0
WheatHead 275.0 519.0 372.0 602.0
WheatHead 172.0 630.0 351.0 746.0
WheatHead 488.0 411.0 639.0 549.0
WheatHead 467.0 526.0 628.0 698.0
WheatHead 481.0 686.0 539.0 795.0
WheatHead 397.0 679.0 471.0 811.0
WheatHead 460.0 757.0 567.0 905.0
WheatHead 313.0 836.0 436.0 952.0
WheatHead 550.0 930.0 635.0 1024.0
WheatHead 620.0 965.0 710.0 1024.0
WheatHead 747.0 784.0 859.0 972.0
WheatHead 766.0 843.0 922.0 915.0
WheatHead 654.0 669.0 791.0 777.0
WheatHead 716.0 557.0 793.0 681.0
WheatHead 743.0 468.0 836.0 608.0
WheatHead 860.0 580.0 1006.0 747.0
WheatHead 870.0 531.0 1024.0 626.0
WheatHead 934.0 395.0 1016.0 545.0
WheatHead 720.0 301.0 874.0 385.0
WheatHead 580.0 230.0 681.0 309.0
WheatHead 686.0 204.0 800.0 286.0
WheatHead 597.0 114.0 701.0 179.0
WheatHead 522.0 164.0 582.0 230.0
WheatHead 702.0 40.0 778.0 138.0
WheatHead 697.0 0.0 785.0 32.0
WheatHead 770.0 38.0 982.0 120.0
WheatHead 855.0 112.0 993.0 186.0
WheatHead 920.0 232.0 1024.0 292.0
WheatHead 253.0 205.0 335.0 286.0
