WheatHead 135.0 394.0 267.0 450.0
WheatHead 230.0 191.0 300.0 276.0
WheatHead 66.0 118.0 171.0 181.0
WheatHead 294.0 147.0 361.0 191.0
WheatHead 109.0 241.0 184.0 278.0
WheatHead 225.0 155.0 303.0 199.0
WheatHead 229.0 581.0 334.0 637.0
WheatHead 939.0 265.0 1024.0 337.0
WheatHead 740.0 236.0 823.0 279.0
WheatHead 542.0 163.0 647.0 213.0
WheatHead 9.0 950.0 81.0 988.0
WheatHead 39.0 477.0 146.0 516.0
WheatHead 55.0 575.0 155.0 622.0
WheatHead 196.0 102.0 286.0 149.0
WheatHead 729.0 64.0 785.0 118.0
WheatHead 375.0 658.0 438.0 704.0
WheatHead 105.0 851.0 206.0 914.0
WheatHead 70.0 288.0 146.0 331.0
WheatHead 156.0 885.0 232.0 947.0
WheatHead 486.0 113.0 568.0 167.0
WheatHead 198.0 520.0 286.0 569.0
WheatHead 884.0 487.0 980.0 536.0
WheatHead 924.0 936.0 1006.0 990.0
WheatHead 32.0 822.0 117.0 893.0
WheatHead 673.0 331.0 731.0 365.0
WheatHead 30.0 76.0 110.0 145.0
WheatHead 823.0 222.0 927.0 276.0
WheatHead 345.0 456.0 413.0 484.0
WheatHead 957.0 35.0 1018.0 80.0
WheatHead 660.0 131.0 727.0 184.0
WheatHead 688.0 479.0 745.0 532.0
WheatHead 681.0 117.0 763.0 154.0
WheatHead 335.0 308.0 425.0 347.0
WheatHead 302.0 272.0 376.0 312.0
WheatHead 103.0 812.0 201.0 854.0
WheatHead 345.0 484.0 424.0 525.0
WheatHead 891.0 902.0 991.0 961.0
WheatHead 322.0 958.0 391.0 983.0
WheatHead 703.0 17.0 757.0 50.0
WheatHead 448.0 812.0 517.0 861.0
WheatHead 748.0 993.0 820.0 1024.0
WheatHead 521.0 550.0 591.0 605.0
WheatHead 751.0 883.0 840.0 923.0
WheatHead 147.0 693.0 207.0 714.0
WheatHead 722.0 151.0 786.0 182.0
WheatHead 705.0 611.0 798.0 658.0
WheatHead 317.0 869.0 411.0 916.0
WheatHead 541.0 318.0 628.0 359.0
WheatHead 932.0 705.0 996.0 746.0
WheatHead 160.0 789.0 260.0 829.0
WheatHead 343.0 597.0 435.0 635.0
WheatHead 197.0 960.0 286.0 989.0
WheatHead 445.0 927.0 530.0 971.0
WheatHead 59.0 982.0 147.0 1019.0
WheatHead 894.0 528.0 983.0 579.0
WheatHead 262.0 622.0 315.0 656.0
WheatHead 828.0 189.0 880.0 236.0
WheatHead 692.0 898.0 786.0 952.0
WheatHead 461.0 787.0 546.0 822.0
WheatHead 102.0 526.0 182.0 552.0
WheatHead 944.0 637.0 1005.0 671.0
WheatHead 578.0 293.0 655.0 314.0
WheatHead 430.0 262.0 509.0 310.0
WheatHead 502.0 292.0 587.0 337.0
WheatHead 559.0 623.0 640.0 672.0
WheatHead 283.0 867.0 348.0 916.0
WheatHead 605.0 922.0 667.0 965.0
WheatHead 938.0 230.0 1011.0 278.0
WheatHead 407.0 871.0 483.0 918.0
WheatHead 713.0 432.0 790.0 475.0
WheatHead 810.0 109.0 880.0 161.0
WheatHead 713.0 645.0 795.0 695.0
WheatHead 886.0 857.0 959.0 898.0
WheatHead 822.0 849.0 907.0 894.0
WheatHead 119.0 943.0 249.0 992.0
WheatHead 301.0 943.0 406.0 965.0
WheatHead 700.0 444.0 763.0 501.0
WheatHead 993.0 352.0 1024.0 397.0
WheatHead 0.0 881.0 48.0 906.0
