WheatHead 43.0 427.0 137.0 563.0
WheatHead 179.0 427.0 350.0 539.0
WheatHead 238.0 509.0 324.0 596.0
WheatHead 342.0 563.0 444.0 653.0
WheatHead 218.0 604.0 269.0 655.0
WheatHead 267.0 624.0 399.0 734.0
WheatHead 200.0 657.0 279.0 736.0
WheatHead 0.0 626.0 72.0 714.0
WheatHead 58.0 687.0 121.0 746.0
WheatHead 112.0 819.0 242.0 896.0
WheatHead 108.0 990.0 195.0 1024.0
WheatHead 0.0 976.0 33.0 1024.0
WheatHead 232.0 943.0 328.0 1024.0
WheatHead 606.0 744.0 728.0 870.0
WheatHead 663.0 529.0 783.0 614.0
WheatHead 675.0 435.0 775.0 518.0
WheatHead 594.0 381.0 736.0 472.0
WheatHead 828.0 604.0 907.0 663.0
WheatHead 817.0 659.0 915.0 732.0
WheatHead 653.0 896.0 736.0 1024.0
WheatHead 846.0 956.0 917.0 1024.0
WheatHead 760.0 108.0 923.0 198.0
WheatHead 716.0 212.0 809.0 287.0
WheatHead 929.0 232.0 1024.0 380.0
WheatHead 256.0 216.0 377.0 376.0
WheatHead 0.0 206.0 107.0 333.0
WheatHead 0.0 47.0 114.0 155.0
WheatHead 495.0 0.0 598.0 76.0
WheatHead 679.0 6.0 777.0 70.0
WheatHead 420.0 0.0 476.0 51.0
WheatHead 470.0 295.0 541.0 364.0
