WheatHead 99.0 619.0 170.0 722.0
WheatHead 539.0 167.0 595.0 253.0
WheatHead 333.0 679.0 382.0 780.0
WheatHead 729.0 140.0 783.0 230.0
WheatHead 771.0 953.0 834.0 1024.0
WheatHead 49.0 370.0 107.0 480.0
WheatHead 15.0 140.0 73.0 223.0
WheatHead 957.0 421.0 1010.0 531.0
WheatHead 791.0 593.0 838.0 688.0
WheatHead 170.0 537.0 248.0 600.0
WheatHead 760.0 476.0 812.0 581.0
WheatHead 636.0 879.0 708.0 942.0
WheatHead 372.0 647.0 465.0 763.0
WheatHead 985.0 671.0 1010.0 771.0
WheatHead 353.0 308.0 389.0 386.0
WheatHead 424.0 410.0 498.0 495.0
WheatHead 825.0 292.0 856.0 400.0
WheatHead 148.0 877.0 230.0 935.0
WheatHead 245.0 51.0 304.0 128.0
WheatHead 34.0 28.0 68.0 155.0
WheatHead 28.0 808.0 58.0 871.0
WheatHead 902.0 550.0 961.0 619.0
WheatHead 607.0 0.0 651.0 80.0
WheatHead 399.0 413.0 427.0 504.0
WheatHead 726.0 954.0 761.0 1024.0
WheatHead 121.0 0.0 170.0 53.0
WheatHead 0.0 54.0 28.0 143.0
WheatHead 632.0 712.0 674.0 794.0
WheatHead 764.0 639.0 812.0 768.0
WheatHead 456.0 316.0 540.0 437.0
WheatHead 394.0 113.0 420.0 177.0
WheatHead 410.0 64.0 445.0 154.0
WheatHead 439.0 626.0 496.0 745.0
WheatHead 219.0 884.0 260.0 948.0
WheatHead 581.0 588.0 618.0 674.0
WheatHead 608.0 24.0 745.0 120.0
WheatHead 125.0 963.0 158.0 1024.0
WheatHead 177.0 105.0 249.0 193.0
WheatHead 864.0 58.0 894.0 133.0
WheatHead 613.0 488.0 693.0 645.0
WheatHead 677.0 598.0 707.0 669.0
WheatHead 397.0 23.0 458.0 102.0
WheatHead 424.0 505.0 490.0 558.0
WheatHead 789.0 802.0 866.0 873.0
WheatHead 189.0 823.0 223.0 905.0
WheatHead 422.0 979.0 472.0 1024.0
WheatHead 513.0 247.0 554.0 305.0
WheatHead 789.0 438.0 857.0 521.0
WheatHead 663.0 142.0 704.0 229.0
WheatHead 686.0 719.0 715.0 798.0
WheatHead 872.0 390.0 912.0 487.0
WheatHead 582.0 968.0 607.0 1024.0
WheatHead 353.0 413.0 400.0 491.0
WheatHead 202.0 349.0 259.0 421.0
WheatHead 798.0 860.0 831.0 914.0
WheatHead 565.0 871.0 643.0 913.0
WheatHead 924.0 686.0 970.0 748.0
WheatHead 68.0 914.0 96.0 969.0
WheatHead 666.0 435.0 704.0 527.0
WheatHead 345.0 467.0 399.0 593.0
WheatHead 204.0 76.0 260.0 159.0
WheatHead 401.0 608.0 431.0 682.0
WheatHead 977.0 913.0 1022.0 965.0
WheatHead 544.0 0.0 572.0 57.0
WheatHead 253.0 106.0 299.0 180.0
WheatHead 988.0 823.0 1024.0 865.0
WheatHead 0.0 415.0 47.0 454.0
WheatHead 879.0 412.0 912.0 521.0
WheatHead 824.0 468.0 876.0 540.0
WheatHead 96.30000305175781 742.7999877929688 166.8000030517578 812.5
WheatHead 245.0 438.0 290.0 484.0
WheatHead 5.0 496.0 51.0 537.0
WheatHead 835.0 991.0 862.0 1024.0
WheatHead 853.0 816.0 897.0 854.0
WheatHead 850.0 58.0 882.0 118.0
WheatHead 874.0 724.0 950.0 824.0
