WheatHead 159.0 976.0 235.0 1024.0
WheatHead 240.0 981.0 331.0 1024.0
WheatHead 77.0 508.0 159.0 612.0
WheatHead 307.0 720.0 400.0 781.0
WheatHead 239.0 475.0 319.0 544.0
WheatHead 388.0 446.0 451.0 524.0
WheatHead 449.0 398.0 524.0 524.0
WheatHead 514.0 356.0 604.0 451.0
WheatHead 445.0 248.0 525.0 304.0
WheatHead 433.0 182.0 509.0 252.0
WheatHead 355.0 36.0 439.0 126.0
WheatHead 260.0 162.0 332.0 239.0
WheatHead 216.0 172.0 267.0 236.0
WheatHead 37.0 132.0 112.0 189.0
WheatHead 96.0 71.0 160.0 165.0
WheatHead 153.0 77.0 209.0 162.0
WheatHead 180.0 49.0 233.0 106.0
WheatHead 554.0 16.0 635.0 113.0
WheatHead 689.0 70.0 783.0 154.0
WheatHead 596.0 186.0 683.0 270.0
WheatHead 779.0 222.0 859.0 297.0
WheatHead 742.0 145.0 815.0 226.0
WheatHead 821.0 144.0 908.0 221.0
WheatHead 790.0 58.0 880.0 142.0
WheatHead 882.0 7.0 957.0 61.0
WheatHead 676.0 371.0 760.0 461.0
WheatHead 856.0 447.0 941.0 539.0
WheatHead 407.0 539.0 467.0 595.0
WheatHead 383.0 656.0 447.0 725.0
WheatHead 411.0 582.0 475.0 656.0
WheatHead 476.0 590.0 539.0 655.0
WheatHead 618.0 572.0 694.0 655.0
WheatHead 669.0 656.0 741.0 723.0
WheatHead 589.0 652.0 652.0 709.0
WheatHead 787.0 610.0 851.0 675.0
WheatHead 889.0 613.0 961.0 690.0
WheatHead 826.0 701.0 906.0 765.0
WheatHead 512.0 798.0 601.0 889.0
WheatHead 591.0 793.0 670.0 860.0
WheatHead 619.0 839.0 723.0 907.0
WheatHead 957.0 803.0 1024.0 880.0
WheatHead 566.0 573.0 639.0 652.0
WheatHead 365.0 599.0 429.0 678.0
WheatHead 882.0 47.0 1019.0 123.0
WheatHead 830.0 0.0 957.0 27.0
