WheatHead 109.0 312.0 159.0 413.0
WheatHead 496.0 738.0 555.0 826.0
WheatHead 202.0 39.0 242.0 125.0
WheatHead 137.0 832.0 185.0 918.0
WheatHead 767.0 537.0 841.0 636.0
WheatHead 87.0 140.0 139.0 226.0
WheatHead 438.0 465.0 520.0 542.0
WheatHead 188.0 117.0 255.0 225.0
WheatHead 55.0 486.0 105.0 582.0
WheatHead 652.0 262.0 718.0 375.0
WheatHead 12.0 270.0 67.0 355.0
WheatHead 481.0 391.0 573.0 507.0
WheatHead 946.0 153.0 988.0 261.0
WheatHead 707.0 550.0 744.0 666.0
WheatHead 338.0 262.0 389.0 385.0
WheatHead 83.0 454.0 191.0 567.0
WheatHead 0.0 774.0 23.0 871.0
WheatHead 116.0 634.0 199.0 681.0
WheatHead 644.0 30.0 688.0 148.0
WheatHead 554.0 567.0 640.0 651.0
WheatHead 662.0 425.0 729.0 509.0
WheatHead 341.0 757.0 405.0 832.0
WheatHead 899.0 0.0 950.0 60.0
WheatHead 320.0 86.0 413.0 173.0
WheatHead 105.0 522.0 161.0 613.0
WheatHead 327.0 486.0 378.0 561.0
WheatHead 547.0 854.0 641.0 920.0
WheatHead 548.0 191.0 618.0 277.0
WheatHead 948.0 839.0 988.0 944.0
WheatHead 122.0 942.0 184.0 1013.0
WheatHead 820.0 128.0 856.0 258.0
WheatHead 323.0 596.0 376.0 667.0
WheatHead 655.0 189.0 715.0 259.0
WheatHead 465.0 930.0 501.0 1002.0
WheatHead 738.0 713.0 823.0 827.0
WheatHead 410.0 0.0 435.0 58.0
WheatHead 402.0 925.0 473.0 993.0
WheatHead 924.0 476.0 962.0 608.0
WheatHead 643.0 562.0 685.0 662.0
WheatHead 714.0 966.0 778.0 1019.0
WheatHead 451.0 600.0 498.0 684.0
WheatHead 986.0 751.0 1020.0 834.0
WheatHead 277.0 886.0 339.0 951.0
WheatHead 222.0 14.0 265.0 96.0
WheatHead 240.0 305.0 264.0 382.0
WheatHead 789.0 113.0 823.0 238.0
WheatHead 937.0 31.0 982.0 146.0
WheatHead 795.0 862.0 831.0 921.0
WheatHead 943.0 391.0 982.0 483.0
WheatHead 455.0 900.0 525.0 963.0
WheatHead 744.0 830.0 779.0 898.0
WheatHead 299.0 648.0 324.0 711.0
WheatHead 910.0 368.0 953.0 487.0
WheatHead 507.0 846.0 539.0 918.0
WheatHead 0.0 687.0 105.0 737.0
WheatHead 0.0 325.0 52.0 389.0
WheatHead 791.0 448.0 828.0 529.0
WheatHead 980.0 226.0 1024.0 308.0
WheatHead 109.0 0.0 157.0 45.0
WheatHead 782.0 727.0 835.0 794.0
WheatHead 805.0 680.0 886.0 724.0
WheatHead 0.0 906.0 15.0 933.0
WheatHead 5.0 636.0 45.0 677.0
WheatHead 728.0 272.0 815.0 330.0
WheatHead 0.0 0.0 20.0 35.0
WheatHead 998.0 821.0 1024.0 925.0
WheatHead 752.0 653.0 800.0 707.0
WheatHead 122.0 1.0 161.0 38.0
WheatHead 415.0 611.0 503.0 669.0
WheatHead 661.0 564.0 734.0 628.0
WheatHead 481.0 655.0 595.0 705.0
WheatHead 509.0 615.0 576.0 659.0
