WheatHead 506.0 389.0 574.0 512.0
WheatHead 170.0 75.0 215.0 180.0
WheatHead 137.0 499.0 221.0 595.0
WheatHead 539.0 937.0 633.0 996.0
WheatHead 563.0 389.0 623.0 476.0
WheatHead 423.0 21.0 487.0 110.0
WheatHead 771.0 507.0 846.0 602.0
WheatHead 675.0 181.0 730.0 282.0
WheatHead 727.0 0.0 789.0 72.0
WheatHead 206.0 712.0 283.0 775.0
WheatHead 34.0 468.0 106.0 532.0
WheatHead 0.0 270.0 40.0 409.0
WheatHead 371.0 278.0 442.0 346.0
WheatHead 629.0 416.0 658.0 512.0
WheatHead 96.0 320.0 140.0 417.0
WheatHead 663.0 0.0 714.0 79.0
WheatHead 502.0 787.0 588.0 894.0
WheatHead 481.0 700.0 520.0 800.0
WheatHead 430.0 94.0 472.0 173.0
WheatHead 132.0 757.0 208.0 858.0
WheatHead 980.0 577.0 1024.0 651.0
WheatHead 709.0 103.0 735.0 214.0
WheatHead 28.0 950.0 114.0 1004.0
WheatHead 109.0 962.0 162.0 1024.0
WheatHead 129.0 905.0 191.0 961.0
WheatHead 937.0 645.0 983.0 705.0
WheatHead 235.0 229.0 354.0 320.0
WheatHead 0.0 820.0 58.0 861.0
WheatHead 615.0 625.0 655.0 690.0
WheatHead 962.0 897.0 988.0 983.0
WheatHead 148.0 421.0 236.0 532.0
WheatHead 0.0 2.0 51.0 99.0
WheatHead 892.0 349.0 918.0 438.0
WheatHead 436.0 752.0 496.0 823.0
WheatHead 480.0 0.0 510.0 64.0
WheatHead 126.0 207.0 182.0 274.0
WheatHead 861.0 701.0 942.0 741.0
WheatHead 61.0 151.0 131.0 223.0
WheatHead 501.0 512.0 558.0 577.0
WheatHead 35.0 0.0 86.0 55.0
WheatHead 599.0 279.0 682.0 352.0
WheatHead 0.0 596.0 161.0 666.0
WheatHead 307.0 966.0 367.0 1007.0
WheatHead 443.0 562.0 496.0 637.0
WheatHead 383.0 243.0 443.0 305.0
WheatHead 350.0 927.0 404.0 988.0
WheatHead 382.0 77.0 423.0 148.0
WheatHead 673.0 551.0 731.0 604.0
WheatHead 707.0 734.0 761.0 804.0
WheatHead 936.0 258.0 980.0 315.0
WheatHead 692.0 507.0 748.0 554.0
WheatHead 286.0 592.0 333.0 651.0
WheatHead 650.2000122070312 837.4000244140625 728.7999877929688 884.0
WheatHead 490.0 954.0 547.0 987.0
WheatHead 479.0 548.0 512.0 600.0
WheatHead 883.0 450.0 922.0 521.0
WheatHead 891.0 1007.0 939.0 1024.0
WheatHead 602.0 169.0 693.0 243.0
WheatHead 436.0 645.0 492.0 712.0
WheatHead 32.0 813.0 86.0 853.0
WheatHead 69.0 461.0 152.0 535.0
WheatHead 236.0 648.0 288.0 678.0
WheatHead 630.0 580.0 685.0 623.0
WheatHead 647.0 699.0 696.0 774.0
WheatHead 999.0 856.0 1024.0 913.0
WheatHead 634.0 0.0 660.0 46.0
WheatHead 561.0 996.0 614.0 1024.0
WheatHead 574.0 251.0 679.0 353.0
WheatHead 959.0 626.0 988.0 688.0
WheatHead 40.0 745.0 88.0 778.0
WheatHead 938.0 812.0 997.0 861.0
WheatHead 981.0 540.0 1024.0 590.0
