WheatHead 240.0 2.0 332.0 112.0
WheatHead 156.0 327.0 250.0 468.0
WheatHead 655.0 340.0 793.0 519.0
WheatHead 801.0 903.0 865.0 985.0
WheatHead 942.0 197.0 1024.0 322.0
WheatHead 306.0 177.0 390.0 294.0
WheatHead 803.0 268.0 901.0 353.0
WheatHead 140.0 849.0 230.0 934.0
WheatHead 112.0 517.0 199.0 629.0
WheatHead 169.0 673.0 259.0 771.0
WheatHead 332.0 445.0 435.0 532.0
WheatHead 616.0 87.0 696.0 179.0
WheatHead 655.0 770.0 734.0 844.0
WheatHead 849.0 402.0 927.0 486.0
WheatHead 867.0 133.0 926.0 212.0
WheatHead 798.0 983.0 888.0 1024.0
WheatHead 665.0 560.0 803.0 714.0
WheatHead 678.0 61.0 821.0 245.0
WheatHead 230.0 404.0 320.0 522.0
WheatHead 30.0 481.0 151.0 606.0
WheatHead 46.0 985.0 151.0 1024.0
WheatHead 158.0 998.0 225.0 1024.0
WheatHead 902.0 153.0 986.0 253.0
WheatHead 2.0 616.0 84.0 785.0
WheatHead 10.0 84.0 97.0 179.0
WheatHead 898.0 386.0 971.0 482.0
