WheatHead 0.0 104.0 34.0 207.0
WheatHead 0.0 0.0 77.0 111.0
WheatHead 0.0 364.0 46.0 541.0
WheatHead 89.0 345.0 279.0 466.0
WheatHead 97.0 130.0 150.0 199.0
WheatHead 110.0 195.0 168.0 264.0
WheatHead 413.0 346.0 486.0 421.0
WheatHead 388.0 235.0 477.0 382.0
WheatHead 334.0 254.0 404.0 380.0
WheatHead 351.0 209.0 431.0 265.0
WheatHead 222.0 121.0 337.0 345.0
WheatHead 272.0 59.0 383.0 208.0
WheatHead 386.0 0.0 558.0 125.0
WheatHead 519.0 0.0 584.0 20.0
WheatHead 638.0 7.0 704.0 122.0
WheatHead 679.0 0.0 750.0 64.0
WheatHead 651.0 20.0 835.0 259.0
WheatHead 843.0 0.0 1001.0 114.0
WheatHead 586.0 327.0 677.0 483.0
WheatHead 776.0 317.0 923.0 398.0
WheatHead 953.0 437.0 1024.0 607.0
WheatHead 773.0 640.0 1024.0 721.0
WheatHead 786.0 691.0 1024.0 746.0
WheatHead 921.0 767.0 1024.0 812.0
WheatHead 134.0 928.0 229.0 1024.0
WheatHead 238.0 911.0 408.0 1024.0
WheatHead 388.0 960.0 463.0 1024.0
WheatHead 613.0 833.0 747.0 1024.0
WheatHead 753.0 898.0 842.0 1014.0
WheatHead 712.0 876.0 769.0 1024.0
WheatHead 845.0 632.0 913.0 683.0
WheatHead 301.0 203.0 369.0 261.0
WheatHead 95.0 43.0 157.0 147.0
