WheatHead 363.0 839.0 460.0 939.0
WheatHead 448.0 327.0 570.0 437.0
WheatHead 545.0 156.0 650.0 240.0
WheatHead 247.0 637.0 334.0 737.0
WheatHead 212.0 0.0 332.0 123.0
WheatHead 880.0 0.0 1013.0 64.0
WheatHead 381.0 186.0 460.0 271.0
WheatHead 450.0 558.0 540.0 645.0
WheatHead 391.0 655.0 529.0 765.0
WheatHead 378.0 565.0 471.0 650.0
WheatHead 716.0 865.0 855.0 975.0
WheatHead 445.0 92.0 532.0 168.0
WheatHead 775.0 593.0 844.0 668.0
WheatHead 266.0 168.0 348.0 299.0
WheatHead 624.0 637.0 696.0 704.0
WheatHead 965.0 478.0 1021.0 578.0
WheatHead 686.0 632.0 775.0 719.0
WheatHead 908.0 332.0 1018.0 430.0
WheatHead 760.0 507.0 811.0 554.0
WheatHead 988.0 742.0 1023.0 832.0
WheatHead 236.0 547.0 329.0 618.0
