WheatHead 0.0 903.0 51.0 1021.0
WheatHead 43.0 813.0 147.0 884.0
WheatHead 161.0 888.0 220.0 954.0
WheatHead 232.0 840.0 334.0 913.0
WheatHead 200.0 777.0 281.0 833.0
WheatHead 186.0 707.0 249.0 765.0
WheatHead 19.0 716.0 88.0 783.0
WheatHead 69.0 494.0 193.0 572.0
WheatHead 212.0 470.0 318.0 535.0
WheatHead 104.0 240.0 195.0 299.0
WheatHead 210.0 251.0 307.0 328.0
WheatHead 108.0 313.0 177.0 399.0
WheatHead 516.0 291.0 626.0 446.0
WheatHead 431.0 441.0 492.0 509.0
WheatHead 433.0 632.0 569.0 828.0
WheatHead 342.0 698.0 425.0 805.0
WheatHead 281.0 590.0 352.0 687.0
WheatHead 505.0 647.0 581.0 740.0
WheatHead 635.0 537.0 748.0 655.0
WheatHead 480.0 909.0 598.0 1019.0
WheatHead 523.0 842.0 590.0 900.0
WheatHead 754.0 765.0 823.0 844.0
WheatHead 797.0 683.0 878.0 756.0
WheatHead 734.0 612.0 913.0 683.0
WheatHead 907.0 677.0 996.0 728.0
WheatHead 943.0 671.0 1024.0 781.0
WheatHead 947.0 555.0 1024.0 630.0
WheatHead 695.0 301.0 775.0 376.0
WheatHead 821.0 240.0 953.0 326.0
WheatHead 898.0 165.0 978.0 249.0
WheatHead 978.0 376.0 1024.0 486.0
WheatHead 720.0 86.0 803.0 161.0
WheatHead 693.0 141.0 768.0 220.0
WheatHead 592.0 137.0 659.0 206.0
WheatHead 484.0 167.0 610.0 267.0
WheatHead 325.0 120.0 417.0 202.0
WheatHead 876.0 112.0 947.0 171.0
WheatHead 628.0 6.0 710.0 90.0
WheatHead 449.0 0.0 519.0 84.0
WheatHead 309.0 0.0 368.0 33.0
WheatHead 106.0 62.0 193.0 143.0
WheatHead 4.0 0.0 82.0 19.0
WheatHead 0.0 589.0 68.0 659.0
WheatHead 940.0 299.0 1024.0 357.0
