WheatHead 590.0 381.0 669.0 527.0
WheatHead 489.0 311.0 578.0 399.0
WheatHead 766.0 171.0 878.0 298.0
WheatHead 776.0 351.0 929.0 456.0
WheatHead 744.0 479.0 882.0 544.0
WheatHead 922.0 489.0 1020.0 590.0
WheatHead 931.0 598.0 998.0 713.0
WheatHead 795.0 576.0 848.0 641.0
WheatHead 578.0 695.0 649.0 755.0
WheatHead 538.0 576.0 635.0 643.0
WheatHead 702.0 740.0 772.0 806.0
WheatHead 653.0 761.0 705.0 829.0
WheatHead 713.0 810.0 852.0 894.0
WheatHead 937.0 848.0 1024.0 918.0
WheatHead 679.0 920.0 778.0 1002.0
WheatHead 798.0 956.0 852.0 1023.0
WheatHead 570.0 946.0 623.0 1024.0
WheatHead 500.0 950.0 580.0 1024.0
WheatHead 589.0 873.0 664.0 950.0
WheatHead 343.0 907.0 408.0 1009.0
WheatHead 322.0 813.0 380.0 875.0
WheatHead 204.0 645.0 305.0 731.0
WheatHead 75.0 665.0 172.0 733.0
WheatHead 104.0 511.0 239.0 575.0
WheatHead 269.0 453.0 328.0 557.0
WheatHead 322.0 357.0 391.0 471.0
WheatHead 223.0 329.0 298.0 387.0
WheatHead 335.0 272.0 392.0 351.0
WheatHead 393.0 284.0 456.0 339.0
WheatHead 10.0 821.0 58.0 877.0
WheatHead 0.0 859.0 78.0 982.0
WheatHead 101.0 815.0 165.0 904.0
WheatHead 186.0 836.0 240.0 937.0
WheatHead 231.0 834.0 305.0 892.0
WheatHead 250.0 870.0 307.0 985.0
WheatHead 301.0 875.0 369.0 957.0
WheatHead 0.0 623.0 48.0 701.0
WheatHead 0.0 485.0 62.0 539.0
WheatHead 112.0 373.0 187.0 434.0
WheatHead 111.0 286.0 191.0 347.0
WheatHead 191.0 180.0 360.0 239.0
WheatHead 0.0 194.0 67.0 264.0
WheatHead 3.0 101.0 67.0 176.0
WheatHead 224.0 0.0 290.0 55.0
WheatHead 512.0 0.0 580.0 141.0
WheatHead 518.0 89.0 683.0 169.0
WheatHead 449.0 434.0 514.0 503.0
WheatHead 979.0 185.0 1024.0 261.0
WheatHead 928.0 0.0 981.0 97.0
WheatHead 114.0 729.0 200.0 791.0
WheatHead 74.0 643.0 107.0 683.0
