WheatHead 23.0 0.0 103.0 61.0
WheatHead 0.0 146.0 42.0 216.0
WheatHead 0.0 213.0 49.0 290.0
WheatHead 0.0 752.0 45.0 815.0
WheatHead 0.0 638.0 14.0 698.0
WheatHead 0.0 387.0 14.0 438.0
WheatHead 40.0 390.0 125.0 466.0
WheatHead 125.0 216.0 192.0 303.0
WheatHead 189.0 212.0 249.0 292.0
WheatHead 78.0 863.0 142.0 959.0
WheatHead 270.0 863.0 359.0 953.0
WheatHead 95.0 976.0 150.0 1024.0
WheatHead 132.0 546.0 208.0 624.0
WheatHead 222.0 479.0 271.0 527.0
WheatHead 260.0 432.0 329.0 479.0
WheatHead 410.0 543.0 481.0 608.0
WheatHead 419.0 608.0 486.0 663.0
WheatHead 325.0 733.0 379.0 800.0
WheatHead 313.0 291.0 410.0 367.0
WheatHead 275.0 23.0 341.0 85.0
WheatHead 419.0 155.0 527.0 231.0
WheatHead 534.0 298.0 603.0 372.0
WheatHead 161.0 0.0 239.0 77.0
WheatHead 669.0 65.0 771.0 134.0
WheatHead 737.0 252.0 829.0 318.0
WheatHead 827.0 214.0 921.0 278.0
WheatHead 719.0 313.0 794.0 418.0
WheatHead 757.0 445.0 827.0 509.0
WheatHead 600.0 453.0 655.0 521.0
WheatHead 612.0 565.0 677.0 626.0
WheatHead 580.0 651.0 642.0 735.0
WheatHead 708.0 608.0 803.0 679.0
WheatHead 692.0 797.0 754.0 860.0
WheatHead 693.0 859.0 756.0 918.0
WheatHead 855.0 774.0 975.0 887.0
WheatHead 880.0 897.0 1005.0 1008.0
WheatHead 993.0 863.0 1024.0 928.0
WheatHead 989.0 633.0 1024.0 685.0
WheatHead 918.0 635.0 983.0 697.0
WheatHead 883.0 511.0 999.0 580.0
WheatHead 781.0 518.0 865.0 578.0
WheatHead 876.0 335.0 961.0 398.0
WheatHead 969.0 175.0 1024.0 244.0
WheatHead 960.0 0.0 1017.0 23.0
WheatHead 179.0 986.0 223.0 1024.0
