WheatHead 394.0 332.0 586.0 511.0
WheatHead 529.0 145.0 647.0 227.0
WheatHead 697.0 38.0 768.0 94.0
WheatHead 644.0 54.0 704.0 129.0
WheatHead 790.0 73.0 891.0 142.0
WheatHead 867.0 137.0 963.0 233.0
WheatHead 859.0 231.0 961.0 332.0
WheatHead 995.0 245.0 1024.0 325.0
WheatHead 1001.0 100.0 1024.0 168.0
WheatHead 387.0 27.0 487.0 99.0
WheatHead 217.0 6.0 361.0 75.0
WheatHead 10.0 101.0 148.0 331.0
WheatHead 52.0 325.0 177.0 422.0
WheatHead 216.0 516.0 306.0 586.0
WheatHead 140.0 576.0 221.0 700.0
WheatHead 138.0 572.0 287.0 638.0
WheatHead 0.0 413.0 91.0 473.0
WheatHead 532.0 594.0 609.0 683.0
WheatHead 529.0 704.0 630.0 777.0
WheatHead 475.0 894.0 591.0 1005.0
WheatHead 37.0 981.0 307.0 1024.0
WheatHead 519.0 972.0 660.0 1022.0
WheatHead 850.0 729.0 950.0 796.0
WheatHead 791.0 821.0 919.0 936.0
WheatHead 665.0 857.0 775.0 937.0
WheatHead 768.0 608.0 904.0 704.0
WheatHead 841.0 584.0 930.0 668.0
WheatHead 892.0 546.0 978.0 657.0
WheatHead 954.0 478.0 1024.0 545.0
WheatHead 795.0 0.0 859.0 54.0
WheatHead 935.0 728.0 1018.0 803.0
