WheatHead 960.0 210.0 1016.0 288.0
WheatHead 875.0 187.0 952.0 249.0
WheatHead 900.0 260.0 955.0 347.0
WheatHead 828.0 223.0 892.0 309.0
WheatHead 647.0 221.0 710.0 296.0
WheatHead 627.0 275.0 690.0 352.0
WheatHead 617.0 182.0 660.0 269.0
WheatHead 477.0 242.0 575.0 318.0
WheatHead 516.0 290.0 559.0 348.0
WheatHead 385.0 275.0 444.0 376.0
WheatHead 362.0 374.0 418.0 449.0
WheatHead 288.0 343.0 363.0 421.0
WheatHead 141.0 342.0 232.0 404.0
WheatHead 217.0 425.0 324.0 484.0
WheatHead 413.0 391.0 497.0 453.0
WheatHead 456.0 352.0 522.0 415.0
WheatHead 512.0 411.0 632.0 463.0
WheatHead 666.0 429.0 772.0 500.0
WheatHead 763.0 448.0 810.0 490.0
WheatHead 814.0 468.0 892.0 531.0
WheatHead 793.0 363.0 854.0 429.0
WheatHead 0.0 188.0 56.0 272.0
WheatHead 0.0 411.0 40.0 453.0
WheatHead 133.0 546.0 213.0 620.0
WheatHead 78.0 509.0 137.0 600.0
WheatHead 58.0 563.0 109.0 623.0
WheatHead 98.0 660.0 171.0 720.0
WheatHead 139.0 646.0 209.0 699.0
WheatHead 266.0 697.0 340.0 748.0
WheatHead 21.0 705.0 189.0 754.0
WheatHead 1.0 747.0 107.0 818.0
WheatHead 96.0 773.0 246.0 840.0
WheatHead 127.0 878.0 239.0 933.0
WheatHead 332.0 848.0 399.0 909.0
WheatHead 377.0 818.0 432.0 864.0
WheatHead 354.0 778.0 493.0 836.0
WheatHead 261.0 768.0 365.0 813.0
WheatHead 250.0 806.0 347.0 856.0
WheatHead 522.0 697.0 604.0 773.0
WheatHead 545.0 672.0 605.0 720.0
WheatHead 496.0 617.0 559.0 664.0
WheatHead 418.0 604.0 486.0 654.0
WheatHead 474.0 541.0 535.0 589.0
WheatHead 490.0 494.0 574.0 545.0
WheatHead 688.0 613.0 806.0 691.0
WheatHead 656.0 669.0 731.0 735.0
WheatHead 619.0 690.0 691.0 776.0
WheatHead 572.0 758.0 647.0 847.0
WheatHead 665.0 787.0 754.0 851.0
WheatHead 683.0 847.0 761.0 879.0
WheatHead 617.0 885.0 688.0 929.0
WheatHead 397.0 901.0 463.0 950.0
WheatHead 916.0 635.0 980.0 714.0
WheatHead 889.0 768.0 945.0 826.0
WheatHead 990.0 791.0 1024.0 866.0
WheatHead 1005.0 861.0 1024.0 907.0
WheatHead 915.0 821.0 954.0 872.0
WheatHead 940.0 879.0 1013.0 931.0
WheatHead 848.0 822.0 925.0 886.0
WheatHead 751.0 821.0 830.0 867.0
WheatHead 765.0 759.0 822.0 808.0
WheatHead 157.0 0.0 258.0 52.0
WheatHead 276.0 0.0 352.0 48.0
WheatHead 964.0 43.0 1024.0 114.0
WheatHead 19.0 0.0 91.0 40.0
WheatHead 795.0 996.0 868.0 1024.0
WheatHead 778.0 960.0 868.0 1002.0
WheatHead 314.0 580.0 380.0 641.0
WheatHead 121.0 823.0 176.0 867.0
WheatHead 482.0 337.0 539.0 385.0
WheatHead 516.0 381.0 555.0 437.0
WheatHead 544.0 390.0 582.0 426.0
WheatHead 572.0 450.0 625.0 487.0
WheatHead 968.0 855.0 1008.0 901.0
WheatHead 941.0 832.0 977.0 884.0
WheatHead 961.0 790.0 994.0 828.0
