WheatHead 35.0 922.0 104.0 988.0
WheatHead 133.0 853.0 196.0 934.0
WheatHead 675.0 988.0 732.0 1024.0
WheatHead 658.0 897.0 728.0 967.0
WheatHead 912.0 884.0 1006.0 953.0
WheatHead 940.0 989.0 995.0 1024.0
WheatHead 785.0 842.0 844.0 900.0
WheatHead 983.0 779.0 1024.0 850.0
WheatHead 952.0 719.0 1024.0 768.0
WheatHead 852.0 753.0 934.0 879.0
WheatHead 817.0 746.0 873.0 811.0
WheatHead 845.0 690.0 910.0 757.0
WheatHead 794.0 692.0 852.0 759.0
WheatHead 614.0 741.0 694.0 814.0
WheatHead 566.0 653.0 667.0 736.0
WheatHead 449.0 853.0 553.0 942.0
WheatHead 384.0 756.0 453.0 845.0
WheatHead 576.0 559.0 671.0 649.0
WheatHead 534.0 493.0 602.0 563.0
WheatHead 240.0 547.0 311.0 614.0
WheatHead 441.0 426.0 531.0 521.0
WheatHead 494.0 390.0 559.0 461.0
WheatHead 447.0 351.0 520.0 412.0
WheatHead 306.0 371.0 386.0 430.0
WheatHead 733.0 400.0 821.0 500.0
WheatHead 588.0 314.0 658.0 382.0
WheatHead 630.0 287.0 697.0 346.0
WheatHead 848.0 375.0 903.0 458.0
WheatHead 885.0 320.0 955.0 420.0
WheatHead 951.0 304.0 1024.0 390.0
WheatHead 774.0 224.0 842.0 298.0
WheatHead 833.0 167.0 909.0 257.0
WheatHead 789.0 127.0 851.0 230.0
WheatHead 558.0 169.0 635.0 225.0
WheatHead 519.0 108.0 601.0 182.0
WheatHead 576.0 33.0 662.0 113.0
WheatHead 255.0 194.0 346.0 293.0
WheatHead 310.0 111.0 401.0 184.0
WheatHead 132.0 98.0 197.0 169.0
WheatHead 281.0 1.0 348.0 71.0
WheatHead 170.0 282.0 230.0 364.0
WheatHead 129.0 267.0 184.0 355.0
WheatHead 87.0 232.0 144.0 293.0
WheatHead 12.0 260.0 71.0 321.0
WheatHead 0.0 417.0 58.0 480.0
WheatHead 6.0 479.0 89.0 528.0
WheatHead 68.0 522.0 145.0 581.0
WheatHead 896.0 61.0 964.0 132.0
WheatHead 975.0 26.0 1024.0 131.0
WheatHead 346.0 941.0 427.0 1017.0
WheatHead 242.0 953.0 307.0 1011.0
WheatHead 153.0 939.0 211.0 1002.0
WheatHead 205.0 821.0 293.0 891.0
WheatHead 786.0 52.0 847.0 119.0
WheatHead 730.0 540.0 791.0 607.0
WheatHead 435.0 1.0 525.0 38.0
WheatHead 296.0 65.0 375.0 143.0
WheatHead 677.0 0.0 720.0 12.0
WheatHead 793.0 29.0 879.0 83.0
WheatHead 704.0 394.0 770.0 456.0
WheatHead 626.0 999.0 671.0 1024.0
WheatHead 231.0 1001.0 282.0 1024.0
WheatHead 76.0 289.0 134.0 354.0
WheatHead 997.0 0.0 1024.0 29.0
