WheatHead 837.0 248.0 911.0 327.0
WheatHead 688.0 0.0 824.0 38.0
WheatHead 711.0 890.0 808.0 1011.0
WheatHead 607.0 901.0 709.0 1013.0
WheatHead 61.0 653.0 195.0 760.0
WheatHead 132.0 361.0 212.0 442.0
WheatHead 0.0 107.0 66.0 188.0
WheatHead 675.0 204.0 757.0 302.0
WheatHead 552.0 171.0 701.0 276.0
WheatHead 683.0 770.0 762.0 857.0
WheatHead 524.0 61.0 609.0 143.0
WheatHead 866.0 97.0 969.0 179.0
WheatHead 440.0 143.0 570.0 279.0
WheatHead 576.0 268.0 683.0 355.0
WheatHead 657.0 0.0 760.0 89.0
WheatHead 2.0 847.0 79.0 954.0
