WheatHead 20.0 9.0 93.0 60.0
WheatHead 182.0 32.0 239.0 85.0
WheatHead 55.0 144.0 116.0 196.0
WheatHead 0.0 184.0 61.0 237.0
WheatHead 0.0 291.0 24.0 360.0
WheatHead 130.0 236.0 191.0 313.0
WheatHead 232.0 164.0 321.0 251.0
WheatHead 318.0 109.0 373.0 160.0
WheatHead 37.0 375.0 129.0 448.0
WheatHead 157.0 387.0 220.0 457.0
WheatHead 275.0 289.0 335.0 348.0
WheatHead 355.0 274.0 415.0 364.0
WheatHead 0.0 945.0 55.0 1018.0
WheatHead 243.0 950.0 324.0 1024.0
WheatHead 23.0 820.0 88.0 909.0
WheatHead 107.0 873.0 167.0 945.0
WheatHead 187.0 816.0 275.0 907.0
WheatHead 0.0 697.0 76.0 769.0
WheatHead 131.0 587.0 182.0 670.0
WheatHead 144.0 546.0 201.0 611.0
WheatHead 206.0 664.0 276.0 733.0
WheatHead 344.0 770.0 409.0 831.0
WheatHead 379.0 855.0 438.0 912.0
WheatHead 346.0 636.0 400.0 697.0
WheatHead 224.0 484.0 315.0 589.0
WheatHead 541.0 60.0 607.0 152.0
WheatHead 412.0 0.0 522.0 113.0
WheatHead 600.0 410.0 689.0 473.0
WheatHead 659.0 517.0 745.0 565.0
WheatHead 807.0 534.0 871.0 589.0
WheatHead 517.0 576.0 589.0 665.0
WheatHead 641.0 667.0 705.0 742.0
WheatHead 593.0 743.0 663.0 786.0
WheatHead 739.0 739.0 832.0 786.0
WheatHead 827.0 754.0 920.0 821.0
WheatHead 851.0 841.0 979.0 904.0
WheatHead 693.0 634.0 820.0 728.0
WheatHead 892.0 615.0 966.0 675.0
WheatHead 996.0 565.0 1024.0 627.0
WheatHead 899.0 417.0 966.0 474.0
WheatHead 854.0 384.0 902.0 444.0
WheatHead 839.0 324.0 916.0 387.0
WheatHead 732.0 286.0 791.0 338.0
WheatHead 793.0 265.0 860.0 335.0
WheatHead 608.0 241.0 672.0 346.0
WheatHead 716.0 140.0 768.0 201.0
WheatHead 944.0 267.0 1024.0 339.0
WheatHead 970.0 92.0 1024.0 157.0
WheatHead 884.0 117.0 934.0 186.0
WheatHead 830.0 183.0 892.0 250.0
WheatHead 812.0 37.0 880.0 131.0
WheatHead 720.0 27.0 794.0 99.0
WheatHead 611.0 348.0 762.0 408.0
WheatHead 924.0 1003.0 992.0 1024.0
WheatHead 747.0 1003.0 810.0 1024.0
WheatHead 477.0 905.0 561.0 993.0
