WheatHead 532.0 292.0 632.0 360.0
WheatHead 944.0 846.0 1017.0 913.0
WheatHead 533.0 566.0 599.0 658.0
WheatHead 401.0 234.0 502.0 303.0
WheatHead 793.0 573.0 912.0 623.0
WheatHead 916.0 768.0 1024.0 824.0
WheatHead 672.0 348.0 758.0 421.0
WheatHead 942.0 929.0 1024.0 981.0
WheatHead 364.0 8.0 471.0 60.0
WheatHead 110.0 531.0 236.0 577.0
WheatHead 92.0 305.0 209.0 378.0
WheatHead 120.0 279.0 247.0 354.0
WheatHead 122.0 566.0 161.0 641.0
WheatHead 801.0 110.0 899.0 157.0
WheatHead 649.0 228.0 761.0 300.0
WheatHead 141.0 502.0 252.0 542.0
WheatHead 238.0 165.0 333.0 211.0
WheatHead 27.0 15.0 181.0 107.0
WheatHead 225.0 419.0 421.0 518.0
WheatHead 711.0 671.0 824.0 740.0
WheatHead 576.0 771.0 675.0 812.0
WheatHead 148.0 738.0 281.0 785.0
WheatHead 456.0 110.0 597.0 208.0
WheatHead 243.0 339.0 345.0 383.0
WheatHead 33.0 117.0 186.0 197.0
WheatHead 742.0 21.0 892.0 91.0
WheatHead 20.0 561.0 140.0 634.0
WheatHead 0.0 39.0 57.0 107.0
WheatHead 828.0 846.0 897.0 929.0
WheatHead 946.0 476.0 1024.0 503.0
WheatHead 2.0 996.0 121.0 1021.0
WheatHead 839.0 905.0 913.0 961.0
WheatHead 427.0 667.0 586.0 744.0
WheatHead 301.0 379.0 411.0 423.0
WheatHead 757.0 214.0 842.0 249.0
WheatHead 755.0 229.0 853.0 292.0
WheatHead 303.0 1003.0 383.0 1024.0
WheatHead 875.0 49.0 999.0 106.0
WheatHead 928.0 404.0 1024.0 436.0
WheatHead 957.0 442.0 1024.0 472.0
WheatHead 275.0 742.0 427.0 782.0
WheatHead 613.0 996.0 662.0 1024.0
WheatHead 555.0 439.0 670.0 468.0
WheatHead 46.0 753.0 172.0 791.0
WheatHead 871.0 87.0 1017.0 157.0
WheatHead 26.0 684.0 247.0 761.0
WheatHead 218.0 65.0 283.0 122.0
WheatHead 0.0 337.0 87.0 391.0
WheatHead 738.0 256.0 802.0 286.0
WheatHead 356.0 144.0 441.0 186.0
WheatHead 280.0 280.0 372.0 308.0
WheatHead 879.0 366.0 1000.0 400.0
WheatHead 692.0 442.0 825.0 479.0
WheatHead 711.0 735.0 790.0 755.0
WheatHead 655.0 0.0 703.0 31.0
WheatHead 501.0 999.0 557.0 1024.0
WheatHead 1007.0 845.0 1024.0 877.0
WheatHead 569.0 725.0 689.0 783.0
WheatHead 890.0 417.0 970.0 474.0
WheatHead 713.0 26.0 814.0 88.0
WheatHead 494.0 159.0 624.0 225.0
WheatHead 704.0 341.0 768.0 390.0
