WheatHead 360.0 268.0 448.0 350.0
WheatHead 268.0 445.0 363.0 552.0
WheatHead 560.0 115.0 665.0 197.0
WheatHead 593.0 0.0 716.0 43.0
WheatHead 778.0 629.0 926.0 719.0
WheatHead 35.0 901.0 215.0 1011.0
WheatHead 407.0 76.0 486.0 156.0
WheatHead 463.0 778.0 552.0 883.0
WheatHead 655.0 256.0 783.0 330.0
WheatHead 386.0 657.0 491.0 747.0
WheatHead 634.0 314.0 711.0 412.0
WheatHead 665.0 678.0 732.0 760.0
WheatHead 760.0 25.0 832.0 89.0
WheatHead 724.0 317.0 870.0 396.0
WheatHead 166.0 56.0 309.0 133.0
WheatHead 624.0 532.0 706.0 627.0
WheatHead 174.0 727.0 348.0 878.0
WheatHead 256.0 581.0 358.0 655.0
WheatHead 706.0 463.0 791.0 563.0
WheatHead 486.0 396.0 596.0 458.0
WheatHead 593.0 773.0 721.0 903.0
WheatHead 373.0 427.0 506.0 499.0
WheatHead 468.0 504.0 527.0 552.0
WheatHead 514.0 440.0 583.0 527.0
WheatHead 593.0 896.0 680.0 980.0
WheatHead 271.0 752.0 401.0 906.0
WheatHead 535.0 826.0 596.0 936.0
WheatHead 696.0 25.0 752.0 81.0
WheatHead 714.0 537.0 844.0 591.0
WheatHead 194.0 765.0 360.0 888.0
WheatHead 403.0 961.0 467.0 1024.0
WheatHead 814.0 898.0 901.0 1024.0
WheatHead 472.0 944.0 529.0 1022.0
WheatHead 634.0 944.0 695.0 1024.0
WheatHead 475.0 303.0 546.0 396.0
