WheatHead 40.0 906.0 99.0 989.0
WheatHead 352.0 502.0 416.0 629.0
WheatHead 591.0 835.0 647.0 933.0
WheatHead 0.0 51.0 40.0 144.0
WheatHead 673.0 591.0 724.0 692.0
WheatHead 615.0 649.0 692.0 752.0
WheatHead 159.0 834.0 206.0 909.0
WheatHead 271.0 285.0 354.0 382.0
WheatHead 151.0 552.0 207.0 644.0
WheatHead 469.0 473.0 543.0 563.0
WheatHead 512.0 933.0 573.0 1015.0
WheatHead 73.0 393.0 144.0 484.0
WheatHead 845.0 8.0 884.0 154.0
WheatHead 711.0 255.0 780.0 368.0
WheatHead 761.0 151.0 839.0 241.0
WheatHead 135.0 696.0 300.0 779.0
WheatHead 419.0 320.0 499.0 413.0
WheatHead 330.0 91.0 445.0 144.0
WheatHead 5.0 613.0 90.0 734.0
WheatHead 715.0 91.0 741.0 193.0
WheatHead 80.0 129.0 113.0 198.0
WheatHead 820.0 664.0 872.0 798.0
WheatHead 565.0 69.0 613.0 172.0
WheatHead 929.0 441.0 1011.0 495.0
WheatHead 438.0 950.0 510.0 1008.0
WheatHead 592.0 397.0 626.0 533.0
WheatHead 0.0 263.0 45.0 342.0
WheatHead 0.0 503.0 81.0 622.0
WheatHead 970.0 183.0 1022.0 265.0
WheatHead 75.0 795.0 126.0 862.0
WheatHead 236.0 443.0 304.0 540.0
WheatHead 473.0 62.0 548.0 118.0
WheatHead 727.0 353.0 782.0 436.0
WheatHead 528.0 715.0 584.0 791.0
WheatHead 731.0 166.0 779.0 249.0
WheatHead 426.0 188.0 468.0 287.0
WheatHead 585.0 931.0 641.0 985.0
WheatHead 221.0 226.0 277.0 294.0
WheatHead 47.0 441.0 125.0 503.0
WheatHead 903.0 761.0 1022.0 830.0
WheatHead 309.0 644.0 363.0 730.0
WheatHead 750.0 387.0 853.0 498.0
WheatHead 341.0 619.0 379.0 714.0
WheatHead 770.0 0.0 795.0 42.0
WheatHead 285.0 213.0 335.0 287.0
WheatHead 907.0 293.0 940.0 400.0
WheatHead 836.0 572.0 971.0 756.0
WheatHead 622.0 798.0 682.0 826.0
WheatHead 245.0 969.0 323.0 1023.0
WheatHead 35.0 207.0 75.0 408.0
WheatHead 961.0 505.0 1017.0 554.0
WheatHead 794.0 473.0 850.0 543.0
WheatHead 386.0 139.0 495.0 177.0
WheatHead 845.0 516.0 923.0 670.0
WheatHead 625.0 446.0 748.0 507.0
WheatHead 199.0 404.0 245.0 536.0
WheatHead 488.0 0.0 593.0 47.0
WheatHead 791.0 323.0 847.0 398.0
WheatHead 0.0 737.0 125.0 803.0
WheatHead 326.0 864.0 376.0 929.0
WheatHead 611.0 744.0 664.0 776.0
WheatHead 900.0 896.0 953.0 943.0
WheatHead 772.0 309.0 901.0 357.0
WheatHead 866.0 681.0 909.0 760.0
WheatHead 561.0 402.0 620.0 507.0
WheatHead 756.0 566.0 823.0 624.0
WheatHead 689.0 922.0 801.0 963.0
WheatHead 809.0 662.0 842.0 779.0
WheatHead 928.0 805.0 998.0 860.0
WheatHead 944.0 902.0 994.0 934.0
WheatHead 8.0 514.0 107.0 623.0
WheatHead 723.0 397.0 822.0 505.0
WheatHead 733.0 459.0 818.0 559.0
WheatHead 898.0 540.0 969.0 631.0
WheatHead 494.0 612.0 559.0 699.0
WheatHead 854.0 805.0 956.0 863.0
WheatHead 766.0 999.0 865.0 1024.0
WheatHead 30.0 514.0 179.0 653.0
