WheatHead 476.0 785.0 570.0 896.0
WheatHead 989.0 85.0 1024.0 165.0
WheatHead 755.0 197.0 906.0 291.0
WheatHead 670.0 714.0 762.0 806.0
WheatHead 576.0 20.0 652.0 94.0
WheatHead 896.0 0.0 985.0 87.0
WheatHead 762.0 81.0 844.0 158.0
WheatHead 945.0 351.0 1024.0 461.0
WheatHead 780.0 619.0 906.0 729.0
WheatHead 473.0 919.0 583.0 1018.0
WheatHead 673.0 819.0 755.0 926.0
WheatHead 780.0 732.0 867.0 872.0
WheatHead 680.0 0.0 793.0 102.0
WheatHead 637.0 496.0 739.0 616.0
WheatHead 486.0 483.0 576.0 576.0
WheatHead 693.0 140.0 798.0 232.0
WheatHead 793.0 860.0 908.0 952.0
WheatHead 839.0 94.0 919.0 166.0
WheatHead 780.0 558.0 852.0 663.0
WheatHead 676.0 922.0 779.0 1024.0
