WheatHead 647.0 548.0 712.0 626.0
WheatHead 871.0 659.0 943.0 741.0
WheatHead 69.0 625.0 144.0 692.0
WheatHead 503.0 203.0 558.0 314.0
WheatHead 921.0 644.0 978.0 720.0
WheatHead 263.0 98.0 344.0 219.0
WheatHead 167.0 28.0 236.0 121.0
WheatHead 0.0 724.0 28.0 770.0
WheatHead 0.0 634.0 20.0 692.0
WheatHead 469.0 425.0 537.0 531.0
WheatHead 632.0 173.0 688.0 259.0
WheatHead 499.0 509.0 544.0 595.0
WheatHead 651.0 243.0 731.0 323.0
WheatHead 117.0 363.0 204.0 445.0
WheatHead 166.0 345.0 271.0 412.0
WheatHead 555.0 514.0 632.0 584.0
WheatHead 789.0 533.0 882.0 573.0
WheatHead 987.0 150.0 1024.0 243.0
WheatHead 925.0 480.0 983.0 600.0
WheatHead 102.0 401.0 180.0 480.0
WheatHead 449.0 670.0 531.0 748.0
WheatHead 185.0 110.0 236.0 182.0
WheatHead 53.0 718.0 125.0 765.0
WheatHead 268.0 507.0 353.0 563.0
WheatHead 666.0 315.0 720.0 379.0
WheatHead 897.0 10.0 921.0 105.0
WheatHead 272.20001220703125 869.2000122070312 361.0 927.0
WheatHead 957.0 890.0 1000.0 1007.0
WheatHead 776.0 599.0 838.0 686.0
WheatHead 248.0 524.0 308.0 596.0
WheatHead 659.0 704.0 741.0 775.0
WheatHead 91.0 786.0 167.0 821.0
WheatHead 200.0 847.0 237.0 928.0
WheatHead 169.0 1003.0 251.0 1024.0
WheatHead 80.0 131.0 174.0 197.0
WheatHead 237.0 599.0 279.0 681.0
WheatHead 936.0 550.0 985.0 633.0
WheatHead 141.0 476.0 193.0 510.0
WheatHead 90.0 871.0 151.0 912.0
WheatHead 296.0 697.0 386.0 733.0
WheatHead 621.0 793.0 714.0 842.0
WheatHead 6.0 315.0 88.0 353.0
WheatHead 0.0 193.0 20.0 233.0
WheatHead 433.0 536.0 496.0 574.0
WheatHead 0.0 547.0 27.0 608.0
WheatHead 999.0 249.0 1024.0 342.0
WheatHead 483.0 748.0 576.0 804.0
WheatHead 0.0 816.0 57.0 841.0
WheatHead 107.0 532.0 180.0 558.0
WheatHead 484.0 902.0 557.0 933.0
WheatHead 693.0 5.0 720.0 73.0
WheatHead 256.0 834.0 322.0 868.0
WheatHead 678.0 828.0 740.0 882.0
WheatHead 805.0 401.0 853.0 461.0
WheatHead 133.0 202.0 211.0 259.0
WheatHead 777.0 849.0 827.0 929.0
WheatHead 535.0 206.0 588.0 256.0
WheatHead 167.0 255.0 229.0 296.0
WheatHead 608.0 628.0 673.0 712.0
WheatHead 518.0 932.0 565.0 993.0
WheatHead 756.0 490.0 801.0 529.0
WheatHead 122.0 1.0 173.0 50.0
WheatHead 416.0 118.0 484.0 169.0
WheatHead 79.0 178.0 141.0 217.0
WheatHead 551.0 697.0 595.0 759.0
WheatHead 754.0 925.0 830.0 954.0
WheatHead 159.0 0.0 208.0 42.0
WheatHead 606.0 1002.0 648.0 1024.0
WheatHead 505.0 0.0 540.0 21.0
WheatHead 488.0 987.0 540.0 1024.0
