WheatHead 821.0 130.0 931.0 212.0
WheatHead 360.0 163.0 478.0 302.0
WheatHead 960.0 145.0 1024.0 258.0
WheatHead 378.0 591.0 468.0 657.0
WheatHead 803.0 550.0 880.0 619.0
WheatHead 952.0 624.0 1024.0 714.0
WheatHead 870.0 691.0 952.0 844.0
WheatHead 174.0 486.0 376.0 568.0
WheatHead 371.0 465.0 517.0 555.0
WheatHead 104.0 739.0 186.0 834.0
WheatHead 744.0 12.0 865.0 151.0
WheatHead 593.0 168.0 680.0 245.0
WheatHead 775.0 747.0 855.0 852.0
WheatHead 693.0 460.0 785.0 588.0
WheatHead 596.0 2.0 768.0 87.0
WheatHead 678.0 74.0 755.0 158.0
WheatHead 28.0 15.0 232.0 107.0
WheatHead 17.0 419.0 138.0 586.0
WheatHead 430.0 936.0 563.0 1024.0
WheatHead 801.0 371.0 870.0 450.0
WheatHead 558.0 381.0 622.0 465.0
WheatHead 54.0 927.0 146.0 1003.0
WheatHead 324.0 350.0 388.0 442.0
WheatHead 386.0 823.0 459.0 893.0
WheatHead 629.0 744.0 765.0 916.0
WheatHead 784.0 919.0 841.0 990.0
WheatHead 898.0 460.0 967.0 524.0
WheatHead 424.0 862.0 488.0 921.0
WheatHead 307.0 916.0 373.0 980.0
WheatHead 752.0 391.0 814.0 448.0
WheatHead 919.0 2.0 998.0 64.0
WheatHead 309.0 800.0 370.0 869.0
WheatHead 376.0 901.0 440.0 962.0
WheatHead 673.0 404.0 755.0 471.0
WheatHead 506.0 395.0 550.0 448.0
WheatHead 2.0 107.0 76.0 204.0
WheatHead 2.0 806.0 40.0 880.0
WheatHead 38.0 176.0 250.0 345.0
WheatHead 84.0 189.0 145.0 245.0
WheatHead 74.0 2.0 171.0 40.0
WheatHead 975.0 483.0 1024.0 622.0
WheatHead 2.0 486.0 56.0 547.0
WheatHead 683.0 806.0 804.0 871.0
WheatHead 191.0 355.0 265.0 430.0
WheatHead 1.0 683.0 248.0 759.0
