WheatHead 765.0 740.0 832.0 867.0
WheatHead 720.0 879.0 783.0 931.0
WheatHead 825.0 899.0 900.0 953.0
WheatHead 552.0 686.0 641.0 751.0
WheatHead 570.0 759.0 639.0 830.0
WheatHead 643.0 866.0 706.0 931.0
WheatHead 496.0 773.0 557.0 847.0
WheatHead 335.0 890.0 413.0 956.0
WheatHead 210.0 941.0 294.0 1024.0
WheatHead 137.0 901.0 198.0 967.0
WheatHead 245.0 736.0 343.0 830.0
WheatHead 225.0 639.0 343.0 720.0
WheatHead 459.0 535.0 537.0 626.0
WheatHead 582.0 504.0 672.0 617.0
WheatHead 813.0 564.0 894.0 666.0
WheatHead 818.0 428.0 873.0 485.0
WheatHead 920.0 418.0 976.0 524.0
WheatHead 964.0 466.0 1019.0 557.0
WheatHead 989.0 393.0 1024.0 484.0
WheatHead 793.0 208.0 864.0 292.0
WheatHead 986.0 266.0 1024.0 329.0
WheatHead 957.0 119.0 1024.0 187.0
WheatHead 822.0 64.0 882.0 126.0
WheatHead 866.0 101.0 909.0 164.0
WheatHead 920.0 52.0 1000.0 118.0
WheatHead 916.0 0.0 1001.0 41.0
WheatHead 529.0 228.0 593.0 298.0
WheatHead 451.0 261.0 516.0 335.0
WheatHead 415.0 410.0 494.0 492.0
WheatHead 587.0 404.0 660.0 463.0
WheatHead 202.0 445.0 276.0 527.0
WheatHead 100.0 555.0 174.0 630.0
WheatHead 33.0 466.0 130.0 553.0
WheatHead 38.0 219.0 114.0 277.0
WheatHead 137.0 187.0 212.0 256.0
WheatHead 217.0 198.0 264.0 257.0
WheatHead 240.0 235.0 321.0 331.0
WheatHead 230.0 329.0 299.0 418.0
WheatHead 83.0 314.0 149.0 372.0
WheatHead 276.0 114.0 370.0 205.0
WheatHead 314.0 0.0 448.0 74.0
WheatHead 580.0 18.0 651.0 115.0
WheatHead 717.0 108.0 773.0 190.0
WheatHead 904.0 710.0 972.0 769.0
WheatHead 721.0 976.0 788.0 1024.0
WheatHead 79.0 879.0 145.0 929.0
WheatHead 88.0 639.0 206.0 703.0
WheatHead 141.0 688.0 234.0 751.0
