WheatHead 8.0 733.0 95.0 828.0
WheatHead 148.0 583.0 271.0 706.0
WheatHead 150.0 522.0 218.0 596.0
WheatHead 84.0 355.0 136.0 409.0
WheatHead 49.0 222.0 140.0 328.0
WheatHead 139.0 211.0 279.0 304.0
WheatHead 244.0 140.0 297.0 212.0
WheatHead 133.0 371.0 330.0 470.0
WheatHead 159.0 458.0 254.0 516.0
WheatHead 202.0 743.0 273.0 837.0
WheatHead 88.0 925.0 163.0 1001.0
WheatHead 166.0 943.0 225.0 1003.0
WheatHead 400.0 958.0 480.0 1024.0
WheatHead 455.0 907.0 594.0 1024.0
WheatHead 260.0 861.0 335.0 968.0
WheatHead 278.0 747.0 385.0 811.0
WheatHead 348.0 607.0 437.0 714.0
WheatHead 507.0 718.0 690.0 879.0
WheatHead 410.0 734.0 499.0 857.0
WheatHead 456.0 833.0 512.0 925.0
WheatHead 524.0 860.0 585.0 926.0
WheatHead 284.0 276.0 413.0 344.0
WheatHead 482.0 132.0 728.0 276.0
WheatHead 632.0 200.0 740.0 305.0
WheatHead 841.0 490.0 908.0 554.0
WheatHead 876.0 611.0 998.0 698.0
WheatHead 743.0 816.0 836.0 867.0
WheatHead 712.0 875.0 813.0 931.0
WheatHead 900.0 798.0 946.0 869.0
WheatHead 957.0 779.0 1024.0 908.0
WheatHead 828.0 995.0 945.0 1024.0
WheatHead 968.0 999.0 1024.0 1024.0
