WheatHead 285.0 0.0 370.0 35.0
WheatHead 188.0 0.0 301.0 74.0
WheatHead 105.0 0.0 188.0 97.0
WheatHead 8.0 297.0 152.0 370.0
WheatHead 145.0 300.0 211.0 351.0
WheatHead 155.0 340.0 223.0 404.0
WheatHead 0.0 360.0 118.0 495.0
WheatHead 123.0 428.0 261.0 517.0
WheatHead 62.0 489.0 142.0 557.0
WheatHead 80.0 551.0 186.0 602.0
WheatHead 0.0 523.0 39.0 645.0
WheatHead 107.0 602.0 237.0 691.0
WheatHead 0.0 681.0 26.0 827.0
WheatHead 336.0 601.0 465.0 687.0
WheatHead 373.0 512.0 455.0 598.0
WheatHead 568.0 408.0 670.0 529.0
WheatHead 499.0 739.0 615.0 804.0
WheatHead 506.0 800.0 604.0 872.0
WheatHead 386.0 921.0 473.0 995.0
WheatHead 463.0 947.0 596.0 1024.0
WheatHead 628.0 910.0 771.0 1003.0
WheatHead 776.0 897.0 854.0 958.0
WheatHead 954.0 429.0 1024.0 506.0
WheatHead 991.0 589.0 1024.0 690.0
WheatHead 988.0 641.0 1024.0 785.0
WheatHead 816.0 587.0 888.0 663.0
WheatHead 745.0 412.0 839.0 514.0
WheatHead 681.0 558.0 722.0 602.0
WheatHead 1004.0 354.0 1024.0 425.0
WheatHead 871.0 180.0 1012.0 277.0
WheatHead 1001.0 66.0 1024.0 179.0
WheatHead 914.0 26.0 994.0 128.0
WheatHead 288.0 352.0 376.0 435.0
WheatHead 137.0 984.0 226.0 1024.0
WheatHead 0.0 919.0 32.0 985.0
