WheatHead 183.0 172.0 253.0 347.0
WheatHead 168.0 273.0 221.0 362.0
WheatHead 41.0 228.0 139.0 296.0
WheatHead 0.0 22.0 82.0 201.0
WheatHead 93.0 0.0 199.0 47.0
WheatHead 0.0 365.0 47.0 441.0
WheatHead 495.0 0.0 582.0 65.0
WheatHead 585.0 238.0 649.0 318.0
WheatHead 687.0 236.0 761.0 314.0
WheatHead 875.0 152.0 940.0 228.0
WheatHead 791.0 142.0 874.0 208.0
WheatHead 903.0 171.0 987.0 331.0
WheatHead 803.0 326.0 874.0 400.0
WheatHead 722.0 377.0 798.0 459.0
WheatHead 619.0 406.0 714.0 504.0
WheatHead 858.0 397.0 945.0 470.0
WheatHead 937.0 318.0 1024.0 407.0
WheatHead 0.0 831.0 93.0 896.0
WheatHead 129.0 847.0 212.0 909.0
WheatHead 339.0 691.0 468.0 832.0
WheatHead 324.0 813.0 377.0 870.0
WheatHead 411.0 806.0 471.0 859.0
WheatHead 516.0 673.0 646.0 879.0
WheatHead 795.0 785.0 952.0 914.0
WheatHead 901.0 751.0 968.0 830.0
WheatHead 822.0 912.0 893.0 993.0
WheatHead 938.0 890.0 994.0 990.0
WheatHead 605.0 765.0 686.0 832.0
WheatHead 422.0 929.0 501.0 1024.0
WheatHead 329.0 950.0 392.0 1024.0
WheatHead 145.0 972.0 286.0 1024.0
WheatHead 0.0 917.0 55.0 1024.0
WheatHead 682.0 321.0 752.0 376.0
WheatHead 666.0 839.0 723.0 884.0
WheatHead 238.0 332.0 313.0 385.0
WheatHead 77.0 329.0 152.0 403.0
WheatHead 41.0 569.0 81.0 612.0
WheatHead 229.0 834.0 277.0 880.0
