WheatHead 186.0 5.0 277.0 112.0
WheatHead 321.0 93.0 388.0 167.0
WheatHead 180.0 141.0 241.0 210.0
WheatHead 0.0 0.0 58.0 50.0
WheatHead 305.0 207.0 382.0 286.0
WheatHead 471.0 189.0 554.0 254.0
WheatHead 513.0 324.0 585.0 393.0
WheatHead 459.0 405.0 530.0 468.0
WheatHead 394.0 392.0 446.0 443.0
WheatHead 344.0 449.0 410.0 519.0
WheatHead 0.0 406.0 70.0 473.0
WheatHead 38.0 495.0 155.0 572.0
WheatHead 14.0 575.0 77.0 647.0
WheatHead 0.0 483.0 38.0 538.0
WheatHead 65.0 600.0 133.0 702.0
WheatHead 11.0 670.0 135.0 729.0
WheatHead 151.0 824.0 264.0 896.0
WheatHead 0.0 915.0 51.0 982.0
WheatHead 40.0 900.0 104.0 974.0
WheatHead 0.0 978.0 66.0 1024.0
WheatHead 282.0 930.0 352.0 997.0
WheatHead 173.0 890.0 234.0 966.0
WheatHead 113.0 906.0 178.0 982.0
WheatHead 218.0 930.0 271.0 979.0
WheatHead 409.0 967.0 474.0 1024.0
WheatHead 414.0 927.0 475.0 977.0
WheatHead 417.0 820.0 483.0 896.0
WheatHead 479.0 867.0 534.0 931.0
WheatHead 518.0 853.0 574.0 906.0
WheatHead 620.0 974.0 669.0 1024.0
WheatHead 927.0 777.0 1017.0 862.0
WheatHead 953.0 850.0 1012.0 902.0
WheatHead 630.0 0.0 711.0 35.0
WheatHead 962.0 0.0 1024.0 69.0
WheatHead 984.0 75.0 1024.0 124.0
WheatHead 777.0 36.0 833.0 104.0
WheatHead 859.0 62.0 930.0 140.0
WheatHead 922.0 119.0 994.0 186.0
WheatHead 859.0 152.0 934.0 263.0
WheatHead 744.0 145.0 807.0 209.0
WheatHead 660.0 105.0 734.0 166.0
WheatHead 651.0 190.0 710.0 252.0
WheatHead 807.0 197.0 871.0 257.0
WheatHead 967.0 377.0 1024.0 453.0
WheatHead 865.0 430.0 938.0 493.0
WheatHead 786.0 407.0 850.0 478.0
WheatHead 741.0 456.0 795.0 515.0
WheatHead 790.0 486.0 855.0 553.0
WheatHead 756.0 596.0 824.0 673.0
WheatHead 537.0 524.0 608.0 604.0
WheatHead 559.0 423.0 616.0 493.0
WheatHead 718.0 883.0 845.0 944.0
WheatHead 209.0 106.0 290.0 177.0
WheatHead 739.0 970.0 826.0 1024.0
WheatHead 795.0 951.0 907.0 1001.0
WheatHead 579.0 995.0 638.0 1023.0
WheatHead 97.0 1.0 174.0 33.0
