WheatHead 285.0 245.0 344.0 346.0
WheatHead 618.0 793.0 692.0 877.0
WheatHead 871.5999755859375 523.5 930.5999755859375 636.5
WheatHead 466.0 820.0 518.0 925.0
WheatHead 96.0 285.0 162.0 348.0
WheatHead 46.0 203.0 159.0 268.0
WheatHead 577.0 601.0 631.0 717.0
WheatHead 630.0 281.0 660.0 372.0
WheatHead 824.0 806.0 865.0 891.0
WheatHead 853.0 13.0 894.0 106.0
WheatHead 495.0 46.0 539.0 143.0
WheatHead 0.0 947.0 36.0 1024.0
WheatHead 907.0 349.0 946.0 413.0
WheatHead 933.0 891.0 977.0 1010.0
WheatHead 420.0 451.0 453.0 561.0
WheatHead 856.0 150.0 882.0 240.0
WheatHead 896.0 489.0 935.0 573.0
WheatHead 58.0 587.0 96.0 679.0
WheatHead 578.0 105.0 626.0 197.0
WheatHead 273.0 466.0 365.0 586.0
WheatHead 918.0 292.0 948.0 382.0
WheatHead 907.0 83.0 965.0 154.0
WheatHead 711.0 966.0 746.0 1024.0
WheatHead 401.0 715.0 465.0 770.0
WheatHead 222.0 932.0 297.0 972.0
WheatHead 664.0 572.0 733.0 699.0
WheatHead 294.0 763.0 359.0 811.0
WheatHead 329.0 985.0 385.0 1022.0
WheatHead 387.0 312.0 415.0 395.0
WheatHead 218.0 283.0 307.0 389.0
WheatHead 734.0 577.0 783.0 649.0
WheatHead 542.0 35.0 585.0 124.0
WheatHead 922.0 552.0 948.0 618.0
WheatHead 719.0 524.0 748.0 607.0
WheatHead 512.0 523.0 589.0 576.0
WheatHead 80.0 637.0 166.0 740.0
WheatHead 552.0 100.0 586.0 189.0
WheatHead 378.0 547.0 432.0 587.0
WheatHead 604.0 226.0 634.0 286.0
WheatHead 185.0 640.0 245.0 700.0
WheatHead 203.0 1.0 262.0 57.0
WheatHead 906.0 19.0 947.0 84.0
WheatHead 737.0999755859375 333.0 856.9000244140625 381.8999938964844
WheatHead 212.0 708.0 278.0 749.0
WheatHead 410.0 283.0 468.0 387.0
WheatHead 985.0 836.0 1013.0 897.0
WheatHead 333.0 697.0 380.0 765.0
WheatHead 581.0 970.0 617.0 1024.0
WheatHead 957.0 116.0 985.0 171.0
WheatHead 963.0 841.0 995.0 921.0
WheatHead 662.0 203.0 701.0 285.0
WheatHead 707.0 902.0 741.0 948.0
WheatHead 103.0 87.0 175.0 146.0
WheatHead 791.0 767.0 839.0 831.0
WheatHead 976.0 841.0 1010.0 912.0
WheatHead 62.0 978.0 96.0 1017.0
WheatHead 377.0 191.0 443.0 247.0
WheatHead 751.0 677.0 795.0 719.0
WheatHead 992.0 700.0 1024.0 747.0
WheatHead 491.0 674.0 568.0 719.0
WheatHead 514.0 596.0 556.0 660.0
WheatHead 270.0 447.0 339.0 583.0
