WheatHead 668.0 952.0 765.0 1024.0
WheatHead 424.0 719.0 532.0 851.0
WheatHead 361.0 294.0 514.0 418.0
WheatHead 678.0 696.0 793.0 824.0
WheatHead 803.0 465.0 892.0 579.0
WheatHead 683.0 279.0 767.0 383.0
WheatHead 535.0 916.0 625.0 1017.0
WheatHead 686.0 591.0 788.0 709.0
WheatHead 302.0 3.0 402.0 217.0
WheatHead 816.0 980.0 875.0 1024.0
WheatHead 529.0 279.0 660.0 481.0
WheatHead 969.0 205.0 1024.0 350.0
WheatHead 852.0 195.0 985.0 363.0
WheatHead 435.0 389.0 504.0 458.0
WheatHead 896.0 2.0 985.0 95.0
WheatHead 619.0 389.0 739.0 494.0
WheatHead 783.0 2.0 879.0 78.0
