WheatHead 525.0 391.0 600.0 464.0
WheatHead 421.0 412.0 471.0 505.0
WheatHead 533.0 707.0 640.0 774.0
WheatHead 464.0 529.0 552.0 628.0
WheatHead 887.0 410.0 984.0 462.0
WheatHead 9.0 90.0 136.0 196.0
WheatHead 505.0 849.0 548.0 943.0
WheatHead 901.0 346.0 1024.0 428.0
WheatHead 808.0 772.0 884.0 940.0
WheatHead 981.0 486.0 1024.0 535.0
WheatHead 382.0 696.0 512.0 765.0
WheatHead 786.0 386.0 907.0 461.0
WheatHead 441.0 510.0 548.0 546.0
WheatHead 954.0 801.0 1024.0 866.0
WheatHead 696.0 906.0 832.0 974.0
WheatHead 869.0 527.0 959.0 662.0
WheatHead 494.0 10.0 576.0 66.0
WheatHead 187.0 973.0 221.0 1024.0
WheatHead 420.0 0.0 501.0 62.0
WheatHead 129.0 775.0 194.0 854.0
WheatHead 376.0 980.0 457.0 1022.0
WheatHead 720.0 873.0 763.0 950.0
WheatHead 944.0 921.0 1004.0 957.0
WheatHead 593.0 458.0 639.0 629.0
WheatHead 353.0 274.0 502.0 344.0
WheatHead 558.0 969.0 613.0 1024.0
WheatHead 411.0 777.0 447.0 849.0
WheatHead 262.0 985.0 289.0 1024.0
WheatHead 155.0 300.0 208.0 390.0
WheatHead 668.0 651.0 872.0 783.0
WheatHead 613.0 98.0 704.0 116.0
WheatHead 0.0 778.0 65.0 853.0
WheatHead 159.0 1.0 249.0 49.0
WheatHead 501.0 942.0 599.0 981.0
WheatHead 595.0 978.0 647.0 1022.0
WheatHead 807.0 166.0 977.0 211.0
WheatHead 661.0 0.0 783.0 66.0
WheatHead 20.0 38.0 113.0 143.0
WheatHead 937.0 1.0 1024.0 57.0
WheatHead 15.0 802.0 72.0 876.0
WheatHead 51.0 763.0 128.0 806.0
WheatHead 3.0 880.0 191.0 931.0
WheatHead 304.0 240.0 475.0 287.0
WheatHead 466.0 980.0 524.0 1024.0
WheatHead 47.0 307.0 139.0 342.0
WheatHead 402.0 938.0 520.0 986.0
WheatHead 0.0 832.0 161.0 940.0
WheatHead 532.0 460.0 643.0 503.0
WheatHead 111.0 725.2999877929688 139.0 802.2999877929688
WheatHead 787.0 30.0 933.0 53.0
WheatHead 613.0 20.0 662.0 66.0
WheatHead 868.0 694.0 919.0 890.0
WheatHead 131.0 993.0 172.0 1024.0
WheatHead 389.0 54.0 574.0 96.0
WheatHead 174.0 12.0 294.0 107.0
WheatHead 270.0 380.0 499.0 442.0
WheatHead 2.0 636.0 152.0 741.0
WheatHead 49.0 801.0 111.0 838.0
WheatHead 178.0 784.0 243.0 822.0
WheatHead 0.0 166.0 110.0 228.0
WheatHead 576.0 204.0 773.0 324.0
WheatHead 521.0 810.0 582.0 857.0
WheatHead 72.0 350.0 305.0 488.0
WheatHead 937.0 604.0 1011.0 698.0
WheatHead 375.0 740.0 566.0 807.0
WheatHead 29.0 536.0 129.0 714.0
WheatHead 23.0 724.0 97.0 786.0
WheatHead 458.0 781.0 518.0 825.0
WheatHead 263.0 118.0 498.0 168.0
WheatHead 608.0 40.0 843.0 123.0
WheatHead 858.0 0.0 999.0 163.0
WheatHead 538.0 906.0 725.0 1024.0
WheatHead 758.0 0.0 802.0 57.0
