WheatHead 816.0 962.0 909.0 1024.0
WheatHead 395.0 690.0 509.0 753.0
WheatHead 146.0 78.0 238.0 184.0
WheatHead 849.0 555.0 910.0 638.0
WheatHead 185.0 0.0 234.0 69.0
WheatHead 905.0 702.0 1017.0 773.0
WheatHead 349.0 296.0 479.0 382.0
WheatHead 603.0 585.0 663.0 663.0
WheatHead 811.0 188.0 942.0 283.0
WheatHead 93.0 608.0 253.0 669.0
WheatHead 51.0 491.0 170.0 535.0
WheatHead 980.0 42.0 1024.0 87.0
WheatHead 943.0 922.0 1024.0 970.0
WheatHead 817.0 860.0 888.0 955.0
WheatHead 270.0 151.0 341.0 244.0
WheatHead 0.0 936.0 82.0 1024.0
WheatHead 662.0 600.0 742.0 647.0
WheatHead 315.0 154.0 401.0 225.0
WheatHead 425.0 933.0 580.0 987.0
WheatHead 480.0 548.0 515.0 614.0
WheatHead 246.0 860.0 306.0 917.0
WheatHead 640.0 684.0 787.0 744.0
WheatHead 654.0 34.0 743.0 109.0
WheatHead 473.0 494.0 540.0 555.0
WheatHead 664.0 310.0 744.0 351.0
WheatHead 537.0 378.0 608.0 425.0
WheatHead 427.0 450.0 491.0 494.0
WheatHead 252.0 260.0 370.0 354.0
WheatHead 879.0 385.0 959.0 446.0
WheatHead 753.0 878.0 832.0 925.0
WheatHead 620.0 114.0 695.0 171.0
WheatHead 14.0 599.0 111.0 662.0
WheatHead 546.0 101.0 673.0 183.0
WheatHead 88.0 980.0 136.0 1024.0
WheatHead 676.0 78.0 772.0 152.0
WheatHead 15.0 174.0 114.0 278.0
WheatHead 42.0 770.0 184.0 832.0
WheatHead 679.0 724.0 786.0 782.0
WheatHead 330.0 130.0 450.0 210.0
WheatHead 755.0 382.0 842.0 439.0
WheatHead 157.0 431.0 192.0 505.0
WheatHead 224.0 240.0 344.0 271.0
WheatHead 360.0 280.0 534.0 333.0
WheatHead 503.0 0.0 601.0 66.0
WheatHead 93.0 770.0 219.0 832.0
WheatHead 865.0 507.0 923.0 573.0
WheatHead 463.0 92.0 550.0 132.0
WheatHead 341.0 536.0 439.0 591.0
WheatHead 865.0 110.0 917.0 173.0
WheatHead 582.0 1.0 673.0 68.0
WheatHead 532.0 799.0 643.0 901.0
WheatHead 258.0 588.0 358.0 647.0
WheatHead 200.0 733.0 284.0 813.0
WheatHead 166.0 874.0 239.0 916.0
WheatHead 0.0 644.0 51.0 708.0
WheatHead 196.0 486.0 287.0 517.0
WheatHead 238.0 915.0 333.0 977.0
WheatHead 507.0 794.0 619.0 857.0
WheatHead 212.0 355.0 252.0 417.0
WheatHead 55.0 136.0 162.0 166.0
WheatHead 630.0 740.0 728.0 796.0
WheatHead 413.0 1001.0 498.0 1024.0
WheatHead 675.0 344.0 806.0 404.0
WheatHead 0.0 305.0 70.0 353.0
WheatHead 719.0 792.0 880.0 853.0
WheatHead 0.0 143.0 66.0 190.0
WheatHead 533.0 494.0 574.0 558.0
WheatHead 331.0 896.0 362.0 962.0
WheatHead 265.0 1000.0 379.0 1024.0
WheatHead 113.0 678.0 191.0 729.0
WheatHead 435.0 739.0 511.0 859.0
WheatHead 21.0 292.0 205.0 436.0
WheatHead 567.0 477.0 634.0 517.0
WheatHead 805.0 157.0 866.0 185.0
WheatHead 991.0 846.0 1024.0 875.0
WheatHead 305.0 837.0 353.0 884.0
WheatHead 785.0 558.0 833.0 587.0
WheatHead 211.0 780.0 403.0 824.0
WheatHead 226.0 998.0 270.0 1024.0
WheatHead 457.0 757.0 569.0 796.0
WheatHead 991.0 592.0 1024.0 633.0
WheatHead 0.0 209.0 21.0 241.0
WheatHead 0.0 173.0 24.0 198.0
WheatHead 0.0 334.0 23.0 364.0
WheatHead 942.0 110.0 1024.0 161.0
