WheatHead 186.0 335.0 322.0 407.0
WheatHead 393.0 28.0 461.0 122.0
WheatHead 609.0 0.0 691.0 56.0
WheatHead 855.0 558.0 952.0 634.0
WheatHead 547.0 637.0 637.0 778.0
WheatHead 505.0 0.0 573.0 83.0
WheatHead 578.0 279.0 678.0 386.0
WheatHead 504.0 465.0 591.0 529.0
WheatHead 412.0 232.0 596.0 363.0
WheatHead 148.0 138.0 202.0 197.0
WheatHead 20.0 819.0 122.0 934.0
WheatHead 17.0 286.0 130.0 378.0
WheatHead 340.0 519.0 430.0 668.0
WheatHead 558.0 56.0 711.0 220.0
WheatHead 711.0 110.0 834.0 235.0
WheatHead 326.0 0.0 395.0 68.0
WheatHead 40.0 0.0 186.0 38.0
WheatHead 494.0 412.0 565.0 468.0
WheatHead 757.0 711.0 896.0 801.0
WheatHead 66.0 471.0 130.0 547.0
WheatHead 675.0 394.0 747.0 524.0
WheatHead 276.0 0.0 345.0 107.0
WheatHead 867.0 465.0 929.0 535.0
WheatHead 181.0 588.0 261.0 727.0
WheatHead 586.0 870.0 678.0 1000.0
WheatHead 107.0 719.0 261.0 919.0
WheatHead 199.0 202.0 263.0 253.0
WheatHead 138.0 35.0 194.0 112.0
WheatHead 931.0 655.0 1024.0 716.0
WheatHead 279.0 709.0 340.0 936.0
WheatHead 576.0 409.0 634.0 491.0
WheatHead 386.0 921.0 460.0 1024.0
WheatHead 46.0 58.0 135.0 140.0
WheatHead 143.0 465.0 284.0 599.0
WheatHead 238.0 750.0 325.0 821.0
WheatHead 939.0 209.0 1024.0 384.0
WheatHead 983.0 906.0 1024.0 998.0
WheatHead 2.0 15.0 74.0 189.0
WheatHead 2.0 593.0 61.0 701.0
WheatHead 770.0 847.0 844.0 998.0
WheatHead 568.0 773.0 660.0 852.0
WheatHead 855.0 563.0 929.0 783.0
WheatHead 832.0 158.0 934.0 230.0
WheatHead 721.0 432.0 806.0 488.0
WheatHead 209.0 514.0 332.0 586.0
WheatHead 737.0 0.0 839.0 89.0
WheatHead 734.0 363.0 806.0 463.0
WheatHead 581.0 785.0 842.0 885.0
WheatHead 43.0 972.0 130.0 1024.0
WheatHead 432.0 89.0 529.0 156.0
WheatHead 173.0 898.0 281.0 1024.0
WheatHead 40.0 151.0 151.0 232.0
WheatHead 473.0 302.0 550.0 394.0
WheatHead 102.0 560.0 156.0 647.0
WheatHead 168.0 696.0 217.0 803.0
WheatHead 327.0 704.0 394.0 954.0
WheatHead 711.0 972.0 803.0 1024.0
WheatHead 570.0 988.0 663.0 1024.0
WheatHead 545.0 791.0 596.0 903.0
WheatHead 629.0 857.0 704.0 934.0
