WheatHead 699.0 253.0 772.0 348.0
WheatHead 719.0 454.0 780.0 533.0
WheatHead 950.0 38.0 987.0 148.0
WheatHead 6.0 16.0 81.0 90.0
WheatHead 542.0 943.0 630.0 995.0
WheatHead 0.0 785.0 34.0 830.0
WheatHead 576.0 359.0 684.0 427.0
WheatHead 0.0 916.0 72.0 988.0
WheatHead 690.0 6.0 742.0 88.0
WheatHead 761.0 779.0 835.0 835.0
WheatHead 658.0 96.0 737.0 161.0
WheatHead 70.0 150.0 161.0 192.0
WheatHead 258.0 598.0 333.0 692.0
WheatHead 410.0 106.0 466.0 167.0
WheatHead 379.0 446.0 451.0 488.0
WheatHead 447.0 518.0 537.0 555.0
WheatHead 703.0 372.0 794.0 413.0
WheatHead 107.0 2.0 177.0 49.0
WheatHead 290.0 141.0 357.0 193.0
WheatHead 64.0 492.0 187.0 520.0
WheatHead 9.0 1.0 86.0 30.0
WheatHead 969.0 660.0 1022.0 697.0
WheatHead 38.0 431.0 135.0 475.0
WheatHead 973.0 472.0 1022.0 513.0
WheatHead 607.0 49.0 670.0 106.0
WheatHead 406.0 374.0 471.0 404.0
WheatHead 212.0 0.0 264.0 47.0
WheatHead 0.0 537.0 99.0 558.0
WheatHead 955.0 678.0 1006.0 734.0
WheatHead 145.89999389648438 713.2000122070312 239.1999969482422 757.2000122070312
WheatHead 991.0 778.0 1022.0 839.0
WheatHead 608.0 689.0 667.0 734.0
WheatHead 0.0 996.0 25.0 1024.0
WheatHead 640.0 131.0 701.0 177.0
WheatHead 279.0 417.0 320.0 476.0
WheatHead 791.0 439.0 849.0 477.0
WheatHead 184.0 894.0 241.0 953.0
WheatHead 510.0 430.0 566.0 475.0
WheatHead 806.0 789.0 864.0 817.0
WheatHead 342.0 939.0 421.0 958.0
WheatHead 589.0 709.0 637.0 757.0
WheatHead 376.0 962.0 428.0 1015.0
WheatHead 113.0 974.0 178.0 1010.0
WheatHead 460.0 720.0 527.0 753.0
WheatHead 47.0 935.0 109.0 976.0
WheatHead 584.0 428.0 643.0 472.0
WheatHead 273.0 987.0 412.0 1022.0
WheatHead 72.0 830.0 121.0 864.0
WheatHead 729.0 603.0 772.0 645.0
WheatHead 783.0 656.0 836.0 692.0
WheatHead 0.0 765.0 47.0 813.0
WheatHead 879.0 431.0 943.0 469.0
WheatHead 588.0 139.0 637.0 174.0
WheatHead 378.0 495.0 434.0 521.0
WheatHead 487.0 746.0 566.0 782.0
WheatHead 980.0 75.0 1024.0 121.0
WheatHead 334.0 458.0 395.0 491.0
WheatHead 60.0 203.0 109.0 221.0
WheatHead 2.0 111.0 34.0 176.0
WheatHead 0.0 462.0 35.0 521.0
WheatHead 686.0 1011.0 735.0 1024.0
WheatHead 0.0 197.0 45.0 217.0
WheatHead 563.0 600.0 641.0 637.0
WheatHead 800.0 955.0 845.0 987.0
WheatHead 661.0 233.0 708.0 254.0
WheatHead 924.0 737.0 968.0 764.0
WheatHead 880.0 644.0 943.0 688.0
WheatHead 891.0 755.0 931.0 788.0
WheatHead 842.0 401.0 912.0 454.0
WheatHead 334.0 858.0 395.0 900.0
WheatHead 672.0 863.0 731.0 907.0
