WheatHead 3.0 287.0 37.0 370.0
WheatHead 34.0 299.0 104.0 397.0
WheatHead 109.0 178.0 187.0 305.0
WheatHead 235.0 96.0 310.0 234.0
WheatHead 325.0 86.0 391.0 236.0
WheatHead 104.0 0.0 171.0 60.0
WheatHead 33.0 0.0 112.0 66.0
WheatHead 0.0 940.0 58.0 1024.0
WheatHead 81.0 886.0 191.0 957.0
WheatHead 238.0 959.0 310.0 1024.0
WheatHead 393.0 787.0 474.0 882.0
WheatHead 215.0 601.0 301.0 746.0
WheatHead 122.0 631.0 195.0 716.0
WheatHead 178.0 358.0 284.0 514.0
WheatHead 351.0 523.0 505.0 601.0
WheatHead 477.0 527.0 589.0 590.0
WheatHead 688.0 433.0 819.0 501.0
WheatHead 497.0 363.0 612.0 447.0
WheatHead 522.0 183.0 615.0 344.0
WheatHead 744.0 97.0 873.0 228.0
WheatHead 676.0 0.0 754.0 45.0
WheatHead 470.0 0.0 537.0 55.0
WheatHead 884.0 63.0 959.0 224.0
WheatHead 959.0 153.0 1024.0 226.0
WheatHead 940.0 280.0 1024.0 380.0
WheatHead 964.0 449.0 1024.0 578.0
WheatHead 735.0 497.0 854.0 586.0
WheatHead 780.0 615.0 903.0 702.0
WheatHead 657.0 620.0 772.0 697.0
WheatHead 747.0 684.0 878.0 762.0
WheatHead 881.0 785.0 974.0 875.0
WheatHead 948.0 949.0 1024.0 1018.0
WheatHead 482.0 823.0 591.0 889.0
WheatHead 419.0 884.0 514.0 974.0
WheatHead 301.0 897.0 376.0 994.0
WheatHead 693.0 491.0 764.0 561.0
WheatHead 662.0 392.0 735.0 449.0
WheatHead 481.0 663.0 577.0 731.0
WheatHead 418.0 745.0 483.0 823.0
WheatHead 282.0 853.0 354.0 928.0
WheatHead 831.0 513.0 918.0 559.0
WheatHead 519.0 612.0 564.0 637.0
WheatHead 878.0 22.0 958.0 138.0
