WheatHead 13.0 415.0 110.0 525.0
WheatHead 76.0 527.0 163.0 663.0
WheatHead 212.0 346.0 305.0 451.0
WheatHead 19.0 761.0 128.0 974.0
WheatHead 151.0 541.0 299.0 716.0
WheatHead 130.0 801.0 186.0 909.0
WheatHead 181.0 760.0 273.0 978.0
WheatHead 273.0 710.0 388.0 807.0
WheatHead 384.0 523.0 512.0 705.0
WheatHead 518.0 533.0 610.0 705.0
WheatHead 360.0 888.0 502.0 1024.0
WheatHead 466.0 858.0 590.0 937.0
WheatHead 449.0 695.0 633.0 889.0
WheatHead 620.0 669.0 698.0 797.0
WheatHead 710.0 514.0 842.0 630.0
WheatHead 714.0 291.0 833.0 509.0
WheatHead 439.0 240.0 561.0 338.0
WheatHead 177.0 92.0 390.0 208.0
WheatHead 90.0 171.0 177.0 238.0
WheatHead 135.0 0.0 224.0 23.0
WheatHead 228.0 0.0 433.0 41.0
WheatHead 597.0 0.0 741.0 59.0
WheatHead 665.0 67.0 779.0 198.0
WheatHead 730.0 0.0 921.0 88.0
WheatHead 830.0 931.0 904.0 1024.0
WheatHead 902.0 949.0 983.0 1024.0
WheatHead 795.0 681.0 1024.0 799.0
WheatHead 891.0 577.0 1008.0 708.0
WheatHead 907.0 472.0 1024.0 637.0
WheatHead 830.0 275.0 1017.0 397.0
WheatHead 284.0 308.0 355.0 396.0
WheatHead 401.0 218.0 534.0 286.0
WheatHead 901.0 282.0 978.0 433.0
WheatHead 989.0 417.0 1024.0 513.0
