WheatHead 505.0 758.0 596.0 898.0
WheatHead 675.0 821.0 760.0 935.0
WheatHead 262.0 868.0 344.0 950.0
WheatHead 542.0 972.0 684.0 1024.0
WheatHead 411.0 12.0 480.0 74.0
WheatHead 498.0 110.0 564.0 159.0
WheatHead 541.0 905.0 602.0 967.0
WheatHead 288.0 644.0 391.0 717.0
WheatHead 1.0 489.0 58.0 560.0
WheatHead 177.0 105.0 303.0 252.0
WheatHead 119.0 143.0 188.0 242.0
WheatHead 287.0 703.0 398.0 769.0
WheatHead 927.0 810.0 1021.0 913.0
WheatHead 0.0 1020.0 55.0 1024.0
WheatHead 428.0 694.0 515.0 775.0
WheatHead 141.0 449.0 220.0 570.0
WheatHead 796.0 854.0 886.0 921.0
WheatHead 414.0 901.0 482.0 1017.0
WheatHead 347.0 885.0 402.0 970.0
WheatHead 293.0 931.0 393.0 1024.0
WheatHead 314.0 159.0 422.0 268.0
WheatHead 289.0 243.0 410.0 301.0
WheatHead 311.0 81.0 426.0 179.0
WheatHead 191.0 64.0 285.0 152.0
