WheatHead 0.0 0.0 31.0 213.0
WheatHead 96.0 137.0 184.0 325.0
WheatHead 207.0 192.0 264.0 261.0
WheatHead 210.0 274.0 284.0 338.0
WheatHead 241.0 51.0 316.0 173.0
WheatHead 230.0 0.0 318.0 38.0
WheatHead 0.0 323.0 75.0 436.0
WheatHead 91.0 472.0 156.0 591.0
WheatHead 159.0 396.0 221.0 484.0
WheatHead 177.0 561.0 239.0 719.0
WheatHead 261.0 611.0 308.0 792.0
WheatHead 7.0 540.0 113.0 692.0
WheatHead 69.0 699.0 142.0 804.0
WheatHead 0.0 908.0 67.0 972.0
WheatHead 223.0 809.0 285.0 896.0
WheatHead 105.0 978.0 276.0 1024.0
WheatHead 338.0 817.0 473.0 935.0
WheatHead 464.0 877.0 665.0 1008.0
WheatHead 506.0 861.0 618.0 932.0
WheatHead 597.0 749.0 674.0 827.0
WheatHead 559.0 607.0 638.0 738.0
WheatHead 312.0 536.0 433.0 739.0
WheatHead 392.0 486.0 452.0 603.0
WheatHead 297.0 331.0 385.0 524.0
WheatHead 440.0 375.0 490.0 477.0
WheatHead 502.0 392.0 574.0 572.0
WheatHead 635.0 275.0 719.0 342.0
WheatHead 504.0 187.0 608.0 251.0
WheatHead 378.0 271.0 492.0 361.0
WheatHead 910.0 881.0 995.0 999.0
WheatHead 775.0 830.0 903.0 1002.0
WheatHead 574.0 16.0 669.0 102.0
WheatHead 351.0 0.0 442.0 62.0
WheatHead 423.0 1.0 524.0 85.0
WheatHead 379.0 60.0 469.0 143.0
WheatHead 704.0 89.0 820.0 246.0
WheatHead 713.0 79.0 836.0 170.0
WheatHead 738.0 0.0 832.0 42.0
WheatHead 961.0 80.0 1024.0 150.0
WheatHead 971.0 143.0 1024.0 213.0
WheatHead 925.0 216.0 1008.0 283.0
WheatHead 998.0 295.0 1024.0 391.0
WheatHead 610.0 76.0 669.0 132.0
WheatHead 728.0 456.0 911.0 574.0
