WheatHead 0.0 275.0 70.0 383.0
WheatHead 167.0 0.0 243.0 33.0
WheatHead 438.0 0.0 511.0 58.0
WheatHead 548.0 0.0 615.0 67.0
WheatHead 557.0 93.0 647.0 185.0
WheatHead 316.0 257.0 378.0 352.0
WheatHead 417.0 292.0 527.0 358.0
WheatHead 370.0 340.0 477.0 421.0
WheatHead 238.0 335.0 284.0 381.0
WheatHead 75.0 313.0 156.0 384.0
WheatHead 45.0 376.0 116.0 432.0
WheatHead 64.0 403.0 134.0 470.0
WheatHead 58.0 453.0 145.0 518.0
WheatHead 115.0 520.0 180.0 578.0
WheatHead 205.0 530.0 316.0 605.0
WheatHead 348.0 556.0 419.0 706.0
WheatHead 432.0 650.0 499.0 755.0
WheatHead 370.0 464.0 475.0 518.0
WheatHead 608.0 458.0 748.0 559.0
WheatHead 470.0 578.0 576.0 643.0
WheatHead 531.0 643.0 613.0 709.0
WheatHead 642.0 605.0 751.0 666.0
WheatHead 810.0 552.0 896.0 608.0
WheatHead 888.0 608.0 1015.0 684.0
WheatHead 789.0 462.0 856.0 526.0
WheatHead 627.0 247.0 756.0 362.0
WheatHead 628.0 301.0 763.0 403.0
WheatHead 684.0 311.0 788.0 432.0
WheatHead 894.0 346.0 952.0 414.0
WheatHead 956.0 337.0 1004.0 413.0
WheatHead 950.0 494.0 1016.0 572.0
WheatHead 967.0 435.0 1024.0 489.0
WheatHead 940.0 142.0 1006.0 191.0
WheatHead 950.0 90.0 1023.0 146.0
WheatHead 717.0 18.0 800.0 83.0
WheatHead 0.0 975.0 118.0 1024.0
WheatHead 0.0 870.0 51.0 935.0
WheatHead 0.0 808.0 55.0 866.0
WheatHead 0.0 754.0 83.0 838.0
WheatHead 101.0 830.0 169.0 888.0
WheatHead 238.0 694.0 295.0 802.0
WheatHead 284.0 877.0 352.0 940.0
WheatHead 384.0 884.0 452.0 959.0
WheatHead 408.0 945.0 510.0 1024.0
WheatHead 556.0 956.0 642.0 1013.0
WheatHead 620.0 925.0 697.0 979.0
WheatHead 697.0 948.0 773.0 993.0
WheatHead 840.0 963.0 940.0 1024.0
WheatHead 545.0 829.0 675.0 889.0
WheatHead 612.0 752.0 746.0 803.0
WheatHead 403.0 806.0 490.0 856.0
WheatHead 321.0 736.0 403.0 788.0
WheatHead 758.0 757.0 829.0 813.0
WheatHead 821.0 823.0 914.0 888.0
WheatHead 870.0 780.0 991.0 847.0
WheatHead 864.0 874.0 996.0 949.0
WheatHead 675.0 814.0 748.0 875.0
WheatHead 84.0 62.0 176.0 123.0
WheatHead 142.0 492.0 198.0 537.0
WheatHead 167.0 436.0 210.0 503.0
WheatHead 186.0 394.0 247.0 445.0
WheatHead 243.0 464.0 301.0 516.0
WheatHead 242.0 390.0 307.0 453.0
WheatHead 210.0 916.0 285.0 957.0
WheatHead 92.0 957.0 149.0 993.0
WheatHead 762.0 615.0 847.0 675.0
WheatHead 815.0 928.0 864.0 985.0
WheatHead 848.0 21.0 933.0 76.0
