WheatHead 400.0 484.0 469.0 572.0
WheatHead 679.0 678.0 742.0 784.0
WheatHead 780.0 557.0 844.0 655.0
WheatHead 812.0 184.0 910.0 254.0
WheatHead 598.0 808.0 653.0 902.0
WheatHead 871.0 847.0 981.0 915.0
WheatHead 0.0 163.0 96.0 350.0
WheatHead 838.0 957.0 921.0 1024.0
WheatHead 188.0 836.0 285.0 908.0
WheatHead 0.0 785.0 61.0 940.0
WheatHead 180.0 287.0 244.0 355.0
WheatHead 196.0 0.0 353.0 71.0
WheatHead 431.0 959.0 503.0 1024.0
WheatHead 484.0 656.0 545.0 736.0
WheatHead 36.0 719.0 151.0 849.0
WheatHead 0.0 551.0 137.0 616.0
WheatHead 46.0 417.0 141.0 493.0
WheatHead 866.0 572.0 921.0 630.0
WheatHead 921.0 274.0 1024.0 336.0
WheatHead 912.0 121.0 974.0 269.0
WheatHead 656.0 506.0 711.0 625.0
WheatHead 889.0 518.0 969.0 579.0
WheatHead 780.0 50.0 861.0 161.0
WheatHead 570.0 701.0 632.0 819.0
WheatHead 492.0 232.0 559.0 300.0
WheatHead 292.0 606.0 386.0 638.0
WheatHead 502.0 741.0 590.0 802.0
WheatHead 67.0 691.0 145.0 740.0
WheatHead 247.0 877.0 307.0 934.0
WheatHead 236.0 441.0 312.0 492.0
WheatHead 635.0 249.0 697.0 326.0
WheatHead 511.0 0.0 565.0 57.0
WheatHead 757.0 264.0 851.0 310.0
WheatHead 363.0 300.0 441.0 345.0
WheatHead 917.0 332.0 983.0 396.0
WheatHead 150.0 762.0 245.0 798.0
WheatHead 479.0 624.0 540.0 672.0
WheatHead 776.0 343.0 854.0 391.0
WheatHead 584.0 991.0 619.0 1022.0
WheatHead 153.0 26.0 224.0 232.0
WheatHead 32.0 943.0 120.0 983.0
WheatHead 667.0 616.0 765.0 677.0
WheatHead 0.0 779.0 24.0 809.0
WheatHead 705.0 24.0 756.0 87.0
WheatHead 341.0 566.0 437.0 617.0
WheatHead 218.0 995.0 251.0 1024.0
WheatHead 458.0 504.0 539.0 563.0
WheatHead 191.0 984.0 233.0 1024.0
WheatHead 0.0 606.0 147.0 656.0
WheatHead 972.0 193.0 1023.0 240.0
WheatHead 251.0 754.0 314.0 796.0
WheatHead 314.0 626.0 412.0 662.0
WheatHead 717.0 492.0 786.0 547.0
WheatHead 283.0 20.0 319.0 80.0
WheatHead 1.0 638.0 108.0 700.0
WheatHead 371.0 778.0 423.0 801.0
WheatHead 135.0 727.0 199.0 776.0
WheatHead 378.0 746.0 434.0 787.0
WheatHead 827.0 149.0 892.0 204.0
WheatHead 868.0 99.0 917.0 159.0
WheatHead 645.0 29.0 697.0 89.0
WheatHead 477.0 777.0 635.0 966.0
WheatHead 203.0 939.0 303.0 988.0
WheatHead 178.0 902.0 237.0 981.0
WheatHead 63.0 943.0 190.0 1011.0
WheatHead 897.0 902.0 969.0 942.0
WheatHead 377.0 983.0 449.0 1022.0
WheatHead 132.0 3.0 224.0 113.0
WheatHead 873.0 774.0 927.0 825.0
WheatHead 3.0 943.0 45.0 986.0
