WheatHead 65.0 135.0 178.0 253.0
WheatHead 163.0 201.0 221.0 303.0
WheatHead 13.0 531.0 93.0 639.0
WheatHead 24.0 591.0 88.0 692.0
WheatHead 84.0 954.0 179.0 1024.0
WheatHead 114.0 912.0 244.0 970.0
WheatHead 306.0 876.0 380.0 930.0
WheatHead 249.0 617.0 317.0 699.0
WheatHead 192.0 779.0 266.0 822.0
WheatHead 472.0 738.0 525.0 870.0
WheatHead 288.0 385.0 340.0 429.0
WheatHead 364.0 235.0 411.0 322.0
WheatHead 264.0 86.0 358.0 242.0
WheatHead 384.0 0.0 461.0 50.0
WheatHead 532.0 66.0 622.0 175.0
WheatHead 613.0 0.0 733.0 99.0
WheatHead 795.0 19.0 871.0 138.0
WheatHead 768.0 11.0 836.0 128.0
WheatHead 681.0 176.0 737.0 284.0
WheatHead 585.0 333.0 667.0 408.0
WheatHead 495.0 280.0 587.0 379.0
WheatHead 427.0 382.0 491.0 479.0
WheatHead 567.0 633.0 686.0 708.0
WheatHead 641.0 532.0 737.0 631.0
WheatHead 718.0 549.0 778.0 691.0
WheatHead 808.0 439.0 931.0 523.0
WheatHead 761.0 622.0 844.0 727.0
WheatHead 588.0 757.0 692.0 843.0
WheatHead 919.0 767.0 1014.0 822.0
WheatHead 918.0 860.0 1023.0 915.0
WheatHead 773.0 927.0 880.0 1005.0
WheatHead 836.0 585.0 893.0 678.0
WheatHead 841.0 139.0 940.0 253.0
WheatHead 950.0 237.0 1024.0 331.0
WheatHead 933.0 510.0 973.0 570.0
WheatHead 587.0 456.0 632.0 505.0
WheatHead 125.0 851.0 175.0 898.0
WheatHead 278.0 95.0 325.0 149.0
WheatHead 225.0 375.0 295.0 439.0
