WheatHead 16.0 208.0 115.0 301.0
WheatHead 123.0 325.0 184.0 383.0
WheatHead 100.0 373.0 162.0 439.0
WheatHead 137.0 214.0 241.0 301.0
WheatHead 131.0 150.0 210.0 231.0
WheatHead 254.0 386.0 345.0 447.0
WheatHead 292.0 427.0 358.0 503.0
WheatHead 142.0 444.0 219.0 530.0
WheatHead 93.0 518.0 171.0 635.0
WheatHead 19.0 657.0 93.0 739.0
WheatHead 23.0 735.0 134.0 806.0
WheatHead 64.0 831.0 156.0 904.0
WheatHead 238.0 785.0 297.0 853.0
WheatHead 272.0 769.0 356.0 875.0
WheatHead 294.0 736.0 369.0 819.0
WheatHead 85.0 916.0 158.0 990.0
WheatHead 289.0 893.0 370.0 961.0
WheatHead 514.0 890.0 622.0 960.0
WheatHead 510.0 829.0 592.0 901.0
WheatHead 605.0 821.0 681.0 897.0
WheatHead 475.0 737.0 571.0 807.0
WheatHead 440.0 684.0 538.0 751.0
WheatHead 571.0 712.0 640.0 785.0
WheatHead 673.0 748.0 744.0 823.0
WheatHead 700.0 679.0 785.0 788.0
WheatHead 662.0 598.0 749.0 654.0
WheatHead 621.0 611.0 691.0 688.0
WheatHead 912.0 650.0 985.0 720.0
WheatHead 730.0 869.0 815.0 950.0
WheatHead 862.0 918.0 932.0 985.0
WheatHead 887.0 836.0 984.0 888.0
WheatHead 862.0 771.0 950.0 830.0
WheatHead 938.0 409.0 1024.0 484.0
WheatHead 834.0 415.0 909.0 484.0
WheatHead 844.0 152.0 950.0 211.0
WheatHead 758.0 73.0 831.0 140.0
WheatHead 766.0 133.0 887.0 258.0
WheatHead 623.0 38.0 694.0 135.0
WheatHead 673.0 124.0 764.0 204.0
WheatHead 661.0 196.0 740.0 293.0
WheatHead 593.0 279.0 684.0 351.0
WheatHead 396.0 411.0 500.0 467.0
WheatHead 396.0 245.0 469.0 313.0
WheatHead 199.0 195.0 282.0 277.0
WheatHead 358.0 67.0 422.0 156.0
WheatHead 415.0 108.0 478.0 183.0
WheatHead 449.0 39.0 526.0 156.0
WheatHead 746.0 387.0 795.0 436.0
WheatHead 901.0 233.0 946.0 287.0
WheatHead 3.0 286.0 46.0 365.0
WheatHead 244.0 733.0 298.0 805.0
WheatHead 831.0 805.0 900.0 868.0
WheatHead 560.0 672.0 632.0 739.0
WheatHead 745.0 633.0 783.0 679.0
WheatHead 171.0 703.0 232.0 756.0
WheatHead 205.0 742.0 251.0 793.0
WheatHead 405.0 824.0 459.0 883.0
WheatHead 0.0 588.0 42.0 701.0
WheatHead 307.0 174.0 364.0 221.0
WheatHead 254.0 922.0 309.0 970.0
WheatHead 901.0 810.0 955.0 855.0
