WheatHead 94.0 514.0 161.0 579.0
WheatHead 118.0 536.0 226.0 619.0
WheatHead 33.0 650.0 134.0 731.0
WheatHead 109.0 917.0 192.0 1000.0
WheatHead 75.0 968.0 140.0 1024.0
WheatHead 230.0 956.0 294.0 1024.0
WheatHead 301.0 893.0 376.0 957.0
WheatHead 289.0 980.0 358.0 1024.0
WheatHead 336.0 733.0 395.0 800.0
WheatHead 238.0 537.0 320.0 617.0
WheatHead 383.0 539.0 450.0 613.0
WheatHead 291.0 422.0 391.0 515.0
WheatHead 217.0 436.0 286.0 510.0
WheatHead 0.0 241.0 23.0 346.0
WheatHead 179.0 259.0 264.0 343.0
WheatHead 308.0 210.0 398.0 299.0
WheatHead 276.0 119.0 345.0 193.0
WheatHead 213.0 103.0 286.0 180.0
WheatHead 9.0 57.0 83.0 125.0
WheatHead 577.0 52.0 645.0 125.0
WheatHead 664.0 47.0 726.0 121.0
WheatHead 783.0 47.0 865.0 140.0
WheatHead 716.0 98.0 798.0 168.0
WheatHead 703.0 198.0 773.0 304.0
WheatHead 709.0 366.0 796.0 457.0
WheatHead 462.0 411.0 533.0 497.0
WheatHead 680.0 469.0 781.0 539.0
WheatHead 962.0 428.0 1023.0 497.0
WheatHead 509.0 621.0 601.0 703.0
WheatHead 683.0 650.0 756.0 719.0
WheatHead 701.0 599.0 761.0 667.0
WheatHead 885.0 573.0 952.0 637.0
WheatHead 859.0 684.0 932.0 789.0
WheatHead 956.0 759.0 1024.0 838.0
WheatHead 744.0 814.0 826.0 903.0
WheatHead 624.0 739.0 679.0 814.0
WheatHead 723.0 965.0 805.0 1024.0
WheatHead 813.0 934.0 892.0 1007.0
WheatHead 946.0 934.0 1013.0 1019.0
WheatHead 921.0 0.0 1002.0 53.0
WheatHead 624.0 0.0 703.0 44.0
WheatHead 814.0 528.0 879.0 639.0
WheatHead 316.0 513.0 409.0 590.0
WheatHead 125.0 0.0 213.0 55.0
WheatHead 8.0 12.0 57.0 61.0
WheatHead 365.0 190.0 426.0 252.0
WheatHead 326.0 282.0 407.0 347.0
WheatHead 646.0 196.0 706.0 254.0
WheatHead 853.0 0.0 914.0 28.0
WheatHead 462.0 55.0 510.0 104.0
WheatHead 695.0 384.0 735.0 434.0
WheatHead 349.0 988.0 398.0 1024.0
WheatHead 625.0 794.0 662.0 829.0
WheatHead 589.0 636.0 625.0 673.0
WheatHead 769.0 564.0 817.0 618.0
