WheatHead 507.0 451.0 581.0 552.0
WheatHead 376.0 167.0 436.0 252.0
WheatHead 132.0 1.0 199.0 76.0
WheatHead 518.0 342.0 615.0 401.0
WheatHead 219.0 217.0 299.0 290.0
WheatHead 356.0 471.0 432.0 555.0
WheatHead 96.0 96.0 205.0 202.0
WheatHead 0.0 327.0 88.0 409.0
WheatHead 879.0 569.0 928.0 656.0
WheatHead 562.0 607.0 610.0 694.0
WheatHead 47.0 708.0 144.0 761.0
WheatHead 740.0 0.0 786.0 68.0
WheatHead 969.0 0.0 1024.0 72.0
WheatHead 813.0 342.0 886.0 393.0
WheatHead 87.0 181.0 173.0 294.0
WheatHead 690.0 191.0 748.0 289.0
WheatHead 690.0 491.0 750.0 584.0
WheatHead 709.0 341.0 752.0 421.0
WheatHead 210.0 957.0 305.0 999.0
WheatHead 301.0 823.0 367.0 950.0
WheatHead 0.0 195.8000030517578 76.9000015258789 273.79998779296875
WheatHead 175.0 610.0 263.0 666.0
WheatHead 850.0 117.0 921.0 159.0
WheatHead 421.0 685.0 469.0 750.0
WheatHead 458.0 688.0 525.0 745.0
WheatHead 786.0 431.0 858.0 570.0
WheatHead 37.0 528.0 152.0 595.0
WheatHead 520.0 138.0 593.0 245.0
WheatHead 0.0 525.0 58.0 585.0
WheatHead 475.0 393.0 554.0 430.0
WheatHead 981.0 980.0 1024.0 1019.0
WheatHead 230.0 547.0 293.0 593.0
WheatHead 349.0 895.0 389.0 958.0
WheatHead 805.0 633.0 865.0 707.0
WheatHead 133.0 919.0 199.0 978.0
WheatHead 767.0 656.0 834.0 714.0
WheatHead 524.0 110.0 599.0 207.0
WheatHead 450.0 854.0 540.0 919.0
WheatHead 663.0 120.0 715.0 202.0
WheatHead 52.0 896.0 145.0 947.0
WheatHead 198.0 73.0 278.0 208.0
WheatHead 679.0 491.0 734.0 580.0
WheatHead 643.0 0.0 723.0 39.0
WheatHead 805.0 626.0 864.0 670.0
WheatHead 241.0 380.0 288.0 449.0
WheatHead 121.0 990.0 201.0 1024.0
WheatHead 423.0 357.0 477.0 401.0
WheatHead 416.0 573.0 533.0 656.0
WheatHead 629.0 998.0 667.0 1024.0
WheatHead 203.0 640.0 259.0 707.0
WheatHead 720.0 677.0 770.0 715.0
WheatHead 566.0 909.0 611.0 977.0
WheatHead 136.0 569.0 198.0 612.0
WheatHead 999.0 484.0 1024.0 549.0
WheatHead 367.0 702.0 432.0 757.0
WheatHead 715.0 741.0 782.0 780.0
