WheatHead 870.0 527.0 972.0 619.0
WheatHead 773.0 89.0 893.0 199.0
WheatHead 757.0 0.0 870.0 87.0
WheatHead 706.0 302.0 785.0 391.0
WheatHead 622.0 235.0 747.0 312.0
WheatHead 668.0 0.0 752.0 2.0
WheatHead 972.0 317.0 1024.0 404.0
WheatHead 445.0 448.0 514.0 529.0
WheatHead 529.0 2.0 624.0 84.0
WheatHead 680.0 860.0 788.0 985.0
WheatHead 611.0 911.0 704.0 1011.0
WheatHead 824.0 872.0 924.0 970.0
WheatHead 814.0 655.0 929.0 788.0
WheatHead 570.0 296.0 652.0 386.0
WheatHead 243.0 212.0 409.0 281.0
WheatHead 58.0 109.0 150.0 194.0
WheatHead 23.0 742.0 120.0 855.0
WheatHead 89.0 0.0 161.0 81.0
WheatHead 706.0 593.0 837.0 688.0
WheatHead 468.0 143.0 537.0 227.0
WheatHead 629.0 791.0 727.0 870.0
WheatHead 2.0 898.0 84.0 1011.0
WheatHead 532.0 235.0 645.0 335.0
WheatHead 642.0 686.0 747.0 760.0
WheatHead 145.0 734.0 238.0 821.0
