WheatHead 39.0 193.0 144.0 285.0
WheatHead 116.0 379.0 196.0 440.0
WheatHead 190.0 267.0 248.0 316.0
WheatHead 12.0 428.0 111.0 487.0
WheatHead 636.0 263.0 736.0 329.0
WheatHead 504.0 217.0 597.0 284.0
WheatHead 753.0 111.0 860.0 177.0
WheatHead 931.0 224.0 1024.0 272.0
WheatHead 786.0 405.0 840.0 462.0
WheatHead 735.0 455.0 804.0 515.0
WheatHead 490.0 367.0 598.0 459.0
WheatHead 453.0 515.0 526.0 610.0
WheatHead 988.0 425.0 1024.0 507.0
WheatHead 947.0 716.0 1024.0 797.0
WheatHead 819.0 917.0 908.0 1022.0
WheatHead 876.0 994.0 975.0 1024.0
WheatHead 598.0 810.0 732.0 892.0
WheatHead 444.0 810.0 512.0 879.0
WheatHead 452.0 708.0 570.0 784.0
WheatHead 177.0 604.0 263.0 689.0
WheatHead 0.0 665.0 68.0 736.0
WheatHead 79.0 883.0 173.0 984.0
WheatHead 56.0 967.0 150.0 1024.0
WheatHead 399.0 943.0 520.0 1024.0
WheatHead 638.0 620.0 712.0 676.0
WheatHead 371.0 393.0 448.0 467.0
