WheatHead 627.0 120.0 760.0 209.0
WheatHead 463.0 637.0 591.0 737.0
WheatHead 854.0 622.0 952.0 704.0
WheatHead 588.0 341.0 727.0 426.0
WheatHead 0.0 324.0 48.0 453.0
WheatHead 350.0 366.0 448.0 448.0
WheatHead 471.0 235.0 555.0 307.0
WheatHead 884.0 48.0 996.0 115.0
WheatHead 322.0 179.0 414.0 266.0
WheatHead 335.0 711.0 458.0 826.0
WheatHead 481.0 67.0 578.0 149.0
WheatHead 314.0 271.0 450.0 373.0
WheatHead 898.0 711.0 1011.0 791.0
WheatHead 901.0 153.0 1018.0 248.0
WheatHead 911.0 839.0 1018.0 942.0
WheatHead 947.0 832.0 1024.0 911.0
WheatHead 430.0 947.0 555.0 1013.0
WheatHead 427.0 860.0 524.0 929.0
WheatHead 809.0 928.0 898.0 1011.0
WheatHead 936.0 320.0 1024.0 405.0
WheatHead 220.0 986.0 315.0 1024.0
WheatHead 497.0 0.0 605.0 61.0
WheatHead 308.0 977.0 400.0 1024.0
WheatHead 808.0 704.0 906.0 773.0
WheatHead 389.0 7.0 487.0 106.0
