WheatHead 968.0 367.0 1014.0 443.0
WheatHead 255.0 970.0 361.0 1019.0
WheatHead 264.0 441.0 356.0 499.0
WheatHead 96.0 798.0 177.0 866.0
WheatHead 675.0 402.0 786.0 465.0
WheatHead 330.0 430.0 473.0 564.0
WheatHead 764.0 737.0 839.0 794.0
WheatHead 195.0 512.0 297.0 551.0
WheatHead 517.0 352.0 604.0 435.0
WheatHead 907.0 673.0 970.0 776.0
WheatHead 4.0 1.0 80.0 81.0
WheatHead 405.0 0.0 503.0 66.0
WheatHead 472.0 585.0 540.0 707.0
WheatHead 267.0 674.0 395.0 745.0
WheatHead 895.0 633.0 969.0 703.0
WheatHead 6.0 113.0 96.0 158.0
WheatHead 371.0 338.0 509.0 404.0
WheatHead 191.0 136.0 281.0 208.0
WheatHead 819.0 641.0 924.0 711.0
WheatHead 70.0 195.0 225.0 244.0
WheatHead 559.0 804.0 678.0 902.0
WheatHead 206.0 460.0 282.0 520.0
WheatHead 666.0 344.0 704.0 419.0
WheatHead 76.0 294.0 241.0 362.0
WheatHead 35.0 253.0 126.0 293.0
WheatHead 838.0 468.0 953.0 534.0
WheatHead 4.0 327.0 125.0 370.0
WheatHead 577.0 94.0 673.0 191.0
WheatHead 197.0 1.0 283.0 66.0
WheatHead 442.0 887.0 506.0 946.0
WheatHead 819.0 99.0 980.0 211.0
WheatHead 498.0 423.0 561.0 473.0
WheatHead 506.0 901.0 558.0 933.0
WheatHead 868.0 0.0 928.0 79.0
WheatHead 584.0 42.0 682.0 118.0
WheatHead 890.0 830.0 977.0 885.0
WheatHead 552.0 1.0 613.0 45.0
WheatHead 670.0 979.0 762.0 1024.0
WheatHead 551.0 752.0 662.0 832.0
WheatHead 494.0 851.0 574.0 882.0
WheatHead 195.0 76.0 365.0 159.0
WheatHead 595.0 410.0 682.0 455.0
WheatHead 150.0 608.0 211.0 763.0
WheatHead 58.0 477.0 185.0 507.0
WheatHead 445.0 771.0 570.0 842.0
WheatHead 462.0 708.0 521.0 794.0
WheatHead 337.0 120.0 419.0 144.0
WheatHead 880.0 906.0 1022.0 946.0
WheatHead 401.0 724.0 510.0 756.0
WheatHead 762.0 858.0 893.0 907.0
WheatHead 42.0 166.0 133.0 203.0
WheatHead 101.0 94.0 240.0 234.0
WheatHead 529.0 8.0 602.0 107.0
WheatHead 382.0 999.0 453.0 1022.0
WheatHead 260.0 591.0 329.0 636.0
WheatHead 300.0 0.0 404.0 33.0
WheatHead 528.0 13.0 619.0 135.0
WheatHead 0.0 441.0 99.0 484.0
WheatHead 0.0 489.0 73.0 526.0
WheatHead 246.0 748.0 361.0 826.0
WheatHead 322.0 789.0 397.0 843.0
WheatHead 824.0 475.0 917.0 547.0
WheatHead 0.0 169.0 101.0 241.0
WheatHead 0.0 216.0 84.0 283.0
WheatHead 261.0 168.0 337.0 209.0
