WheatHead 0.0 955.0 32.0 1019.0
WheatHead 172.0 949.0 272.0 1024.0
WheatHead 231.0 998.0 330.0 1024.0
WheatHead 528.0 992.0 597.0 1024.0
WheatHead 447.0 855.0 520.0 935.0
WheatHead 164.0 787.0 235.0 905.0
WheatHead 794.0 680.0 884.0 844.0
WheatHead 873.0 692.0 1024.0 770.0
WheatHead 893.0 594.0 1016.0 706.0
WheatHead 972.0 420.0 1024.0 561.0
WheatHead 757.0 459.0 917.0 562.0
WheatHead 676.0 502.0 755.0 574.0
WheatHead 840.0 309.0 930.0 398.0
WheatHead 762.0 220.0 843.0 312.0
WheatHead 914.0 184.0 1017.0 271.0
WheatHead 581.0 278.0 662.0 361.0
WheatHead 425.0 311.0 507.0 423.0
WheatHead 476.0 177.0 542.0 284.0
WheatHead 374.0 172.0 475.0 308.0
WheatHead 311.0 182.0 395.0 302.0
WheatHead 154.0 100.0 342.0 245.0
WheatHead 143.0 249.0 229.0 331.0
WheatHead 138.0 4.0 230.0 64.0
WheatHead 380.0 33.0 472.0 104.0
WheatHead 541.0 6.0 619.0 205.0
WheatHead 692.0 11.0 771.0 145.0
WheatHead 909.0 20.0 1017.0 117.0
WheatHead 115.0 496.0 200.0 595.0
WheatHead 209.0 543.0 289.0 613.0
WheatHead 36.0 159.0 101.0 245.0
WheatHead 319.0 836.0 365.0 891.0
WheatHead 491.0 912.0 547.0 978.0
WheatHead 100.0 2.0 193.0 78.0
WheatHead 661.0 0.0 712.0 119.0
