WheatHead 940.0 544.0 1011.0 628.0
WheatHead 417.0 9.0 505.0 68.0
WheatHead 36.0 192.0 165.0 287.0
WheatHead 316.0 480.0 398.0 536.0
WheatHead 496.0 503.0 603.0 561.0
WheatHead 0.0 401.0 51.0 535.0
WheatHead 651.0 135.0 720.0 206.0
WheatHead 0.0 126.0 82.0 190.0
WheatHead 121.0 374.0 228.0 420.0
WheatHead 290.0 551.0 385.0 595.0
WheatHead 577.0 226.0 663.0 308.0
WheatHead 573.0 348.0 643.0 393.0
WheatHead 207.0 0.0 308.0 68.0
WheatHead 178.0 880.0 294.0 965.0
WheatHead 0.0 234.0 97.0 321.0
WheatHead 0.0 259.0 90.0 326.0
WheatHead 749.0 320.0 823.0 360.0
WheatHead 699.0 906.0 816.0 963.0
WheatHead 479.0 312.0 562.0 359.0
WheatHead 380.0 312.0 442.0 356.0
WheatHead 0.0 2.0 46.0 65.0
WheatHead 955.0 456.0 1018.0 551.0
WheatHead 415.0 581.0 587.0 635.0
WheatHead 650.0 517.0 792.0 585.0
WheatHead 714.0 238.0 816.0 271.0
WheatHead 863.0 168.0 967.0 224.0
WheatHead 53.0 342.0 152.0 368.0
WheatHead 0.0 645.0 70.0 696.0
WheatHead 625.0 322.0 712.0 356.0
WheatHead 204.0 596.0 290.0 638.0
WheatHead 806.0 372.0 879.0 410.0
WheatHead 893.0 868.0 991.0 933.0
WheatHead 32.0 364.0 70.0 454.0
WheatHead 115.0 896.0 199.0 957.0
WheatHead 259.0 683.0 395.0 737.0
WheatHead 64.0 488.0 176.0 587.0
WheatHead 217.0 544.0 296.0 582.0
WheatHead 375.0 707.0 469.0 743.0
WheatHead 888.0 696.0 990.0 736.0
WheatHead 985.0 882.0 1024.0 961.0
WheatHead 35.0 874.0 161.0 928.0
WheatHead 352.0 632.0 465.0 672.0
WheatHead 655.0 730.0 708.0 760.0
WheatHead 193.0 682.0 262.0 705.0
WheatHead 127.0 700.0 231.0 744.0
WheatHead 737.0 584.0 806.0 622.0
WheatHead 830.0 622.0 945.0 676.0
WheatHead 450.0 371.0 522.0 405.0
WheatHead 0.0 918.0 106.0 961.0
WheatHead 0.0 688.0 54.0 714.0
WheatHead 92.0 518.0 169.0 588.0
WheatHead 400.0 842.0 460.0 907.0
WheatHead 520.0 221.0 595.0 260.0
WheatHead 472.0 638.0 568.0 677.0
WheatHead 375.6000061035156 904.7999877929688 486.79998779296875 939.7999877929688
WheatHead 324.0 1010.0 387.0 1024.0
WheatHead 0.0 720.0 42.0 794.0
WheatHead 817.0 260.0 884.0 315.0
WheatHead 192.0 188.0 273.0 263.0
WheatHead 106.0 579.0 204.0 623.0
WheatHead 671.0 821.0 746.0 853.0
WheatHead 887.0 537.0 937.0 572.0
WheatHead 690.0 702.0 779.0 737.0
WheatHead 289.0 566.0 354.0 617.0
WheatHead 869.0 557.0 920.0 603.0
WheatHead 715.0 661.0 825.0 706.0
WheatHead 656.0 299.0 715.0 324.0
WheatHead 375.0 918.0 504.0 957.0
WheatHead 833.0 690.0 930.0 752.0
WheatHead 994.0 640.0 1024.0 676.0
WheatHead 8.0 989.0 122.0 1024.0
WheatHead 969.0 969.0 1024.0 1021.0
WheatHead 24.0 888.0 112.0 934.0
