WheatHead 0.0 217.0 32.0 292.0
WheatHead 0.0 309.0 33.0 376.0
WheatHead 87.0 403.0 165.0 479.0
WheatHead 46.0 257.0 112.0 339.0
WheatHead 172.0 137.0 263.0 201.0
WheatHead 51.0 130.0 175.0 209.0
WheatHead 261.0 137.0 310.0 200.0
WheatHead 17.0 35.0 94.0 128.0
WheatHead 0.0 680.0 17.0 768.0
WheatHead 98.0 735.0 218.0 801.0
WheatHead 186.0 666.0 264.0 742.0
WheatHead 224.0 535.0 285.0 670.0
WheatHead 312.0 460.0 458.0 588.0
WheatHead 476.0 334.0 564.0 661.0
WheatHead 486.0 695.0 560.0 765.0
WheatHead 613.0 611.0 686.0 698.0
WheatHead 728.0 616.0 792.0 690.0
WheatHead 675.0 734.0 772.0 827.0
WheatHead 592.0 687.0 668.0 772.0
WheatHead 346.0 730.0 439.0 815.0
WheatHead 303.0 876.0 400.0 935.0
WheatHead 684.0 870.0 756.0 912.0
WheatHead 632.0 927.0 735.0 1024.0
WheatHead 742.0 913.0 807.0 1018.0
WheatHead 343.0 950.0 417.0 1024.0
WheatHead 428.0 1006.0 498.0 1024.0
WheatHead 117.0 998.0 239.0 1024.0
WheatHead 1.0 750.0 53.0 801.0
WheatHead 888.0 941.0 956.0 998.0
WheatHead 806.0 849.0 852.0 925.0
WheatHead 920.0 894.0 1024.0 997.0
WheatHead 995.0 905.0 1024.0 950.0
WheatHead 781.0 348.0 1024.0 413.0
WheatHead 958.0 226.0 1024.0 317.0
WheatHead 740.0 170.0 846.0 275.0
WheatHead 297.0 145.0 484.0 315.0
WheatHead 520.0 145.0 604.0 221.0
WheatHead 622.0 28.0 699.0 115.0
WheatHead 396.0 40.0 468.0 140.0
WheatHead 452.0 71.0 559.0 128.0
WheatHead 913.0 98.0 992.0 182.0
WheatHead 923.0 0.0 1004.0 75.0
WheatHead 183.0 202.0 259.0 276.0
WheatHead 487.0 512.0 559.0 673.0
WheatHead 53.0 339.0 125.0 392.0
WheatHead 854.0 922.0 917.0 1013.0
WheatHead 796.0 953.0 864.0 1024.0
