WheatHead 206.0 367.0 343.0 443.0
WheatHead 548.0 293.0 669.0 435.0
WheatHead 692.0 804.0 760.0 927.0
WheatHead 937.0 810.0 1022.0 887.0
WheatHead 97.0 718.0 223.0 820.0
WheatHead 4.0 831.0 156.0 992.0
WheatHead 448.0 311.0 539.0 379.0
WheatHead 829.0 455.0 1024.0 499.0
WheatHead 423.0 436.0 570.0 494.0
WheatHead 937.0 226.0 1024.0 261.0
WheatHead 0.0 531.0 120.0 600.0
WheatHead 341.0 863.0 452.0 903.0
WheatHead 929.0 840.0 1013.0 921.0
WheatHead 325.0 933.0 460.0 977.0
WheatHead 478.0 325.0 571.0 366.0
WheatHead 196.0 463.0 305.0 533.0
WheatHead 356.0 322.0 475.0 460.0
WheatHead 1.0 462.0 143.0 536.0
WheatHead 436.0 524.0 551.0 577.0
WheatHead 401.0 378.0 509.0 413.0
WheatHead 678.0 457.0 853.0 535.0
WheatHead 148.0 272.0 276.0 323.0
WheatHead 112.0 298.0 170.0 385.0
WheatHead 162.0 210.0 324.0 442.0
WheatHead 873.0 867.0 959.0 933.0
WheatHead 0.0 398.0 169.0 448.0
WheatHead 106.0 993.0 203.0 1024.0
WheatHead 63.0 859.0 219.0 917.0
WheatHead 950.0 953.0 1024.0 1012.0
WheatHead 98.0 269.0 185.0 323.0
WheatHead 284.0 373.0 451.0 488.0
WheatHead 466.0 261.0 562.0 333.0
WheatHead 588.0 471.0 704.0 543.0
WheatHead 213.0 213.0 302.0 336.0
WheatHead 539.0 368.0 634.0 413.0
WheatHead 928.0 405.0 1023.0 454.0
WheatHead 580.0 451.0 688.0 517.0
WheatHead 899.0 480.0 1014.0 518.0
WheatHead 0.0 630.0 178.0 691.0
WheatHead 711.0 385.0 821.0 451.0
WheatHead 135.0 392.0 213.0 468.0
WheatHead 705.0 534.0 823.0 570.0
WheatHead 506.0 974.0 594.0 1011.0
WheatHead 706.0 505.0 844.0 541.0
WheatHead 745.0 428.0 895.0 462.0
WheatHead 509.0 883.0 600.0 926.0
WheatHead 394.0 981.0 487.0 1021.0
WheatHead 369.0 901.0 458.0 950.0
WheatHead 781.0 873.0 889.0 943.0
WheatHead 780.0 823.0 905.0 880.0
WheatHead 882.0 966.0 962.0 1024.0
WheatHead 907.0 929.0 1008.0 998.0
WheatHead 76.0 866.0 221.0 972.0
WheatHead 200.0 978.0 273.0 1020.0
WheatHead 0.0 433.0 103.0 467.0
WheatHead 0.0 231.0 47.0 276.0
WheatHead 0.0 166.0 72.0 205.0
WheatHead 6.0 115.0 141.0 205.0
WheatHead 205.0 121.0 325.0 167.0
WheatHead 165.0 61.0 248.0 90.0
WheatHead 12.0 83.0 245.0 131.0
WheatHead 0.0 49.0 62.0 91.0
WheatHead 136.0 0.0 202.0 36.0
WheatHead 122.0 10.0 149.0 68.0
WheatHead 334.0 201.0 441.0 237.0
WheatHead 452.0 176.0 578.0 229.0
WheatHead 370.0 0.0 468.0 44.0
WheatHead 509.0 10.0 610.0 90.0
WheatHead 392.0 99.0 547.0 166.0
WheatHead 396.0 102.0 494.0 125.0
WheatHead 577.0 94.0 697.0 167.0
WheatHead 807.0 94.0 941.0 158.0
WheatHead 714.0 102.0 829.0 160.0
WheatHead 667.0 114.0 776.0 158.0
WheatHead 631.0 22.0 718.0 102.0
WheatHead 638.0 26.0 808.0 115.0
WheatHead 736.0 29.0 814.0 105.0
WheatHead 648.0 0.0 759.0 24.0
WheatHead 827.0 25.0 927.0 79.0
WheatHead 785.0 0.0 890.0 39.0
