WheatHead 790.0 0.0 845.0 73.0
WheatHead 547.0 944.0 611.0 1022.0
WheatHead 410.0 561.0 476.0 640.0
WheatHead 368.0 210.0 449.0 278.0
WheatHead 327.0 561.0 389.0 662.0
WheatHead 62.0 15.0 165.0 96.0
WheatHead 200.0 54.0 300.0 105.0
WheatHead 27.0 899.0 125.0 981.0
WheatHead 890.0 9.0 946.0 79.0
WheatHead 95.0 236.0 206.0 297.0
WheatHead 778.0 264.0 894.0 334.0
WheatHead 561.0 285.0 669.0 364.0
WheatHead 715.0 125.0 765.0 214.0
WheatHead 565.0 0.0 611.0 61.0
WheatHead 551.0 158.0 659.0 271.0
WheatHead 408.0 955.0 465.0 1022.0
WheatHead 804.0 86.0 846.0 163.0
WheatHead 114.0 454.0 224.0 523.0
WheatHead 659.0 0.0 699.0 61.0
WheatHead 5.0 516.0 87.0 567.0
WheatHead 95.0 498.0 169.0 563.0
WheatHead 81.0 552.0 136.0 637.0
WheatHead 121.0 133.0 234.0 169.0
WheatHead 569.0 337.0 630.0 437.0
WheatHead 942.0 481.0 992.0 554.0
WheatHead 0.0 883.0 34.0 943.0
WheatHead 173.0 297.0 270.0 335.0
WheatHead 311.0 54.0 375.0 99.0
WheatHead 50.0 738.0 125.0 782.0
WheatHead 114.0 863.0 244.0 897.0
WheatHead 737.0 676.0 815.0 730.0
WheatHead 439.0 636.0 514.0 666.0
WheatHead 390.0 640.0 464.0 697.0
WheatHead 441.0 0.0 544.0 72.0
WheatHead 0.0 259.0 20.0 315.0
WheatHead 507.0 385.0 551.0 421.0
WheatHead 838.0 215.0 898.0 281.0
WheatHead 312.0 94.0 395.0 141.0
WheatHead 212.0 716.0 274.0 752.0
WheatHead 631.2999877929688 403.29998779296875 719.2000122070312 459.29998779296875
WheatHead 928.0 633.0 989.0 689.0
WheatHead 62.0 178.0 135.0 271.0
WheatHead 791.0 83.0 841.0 155.0
WheatHead 779.0 212.0 837.0 266.0
WheatHead 802.0 299.0 856.0 359.0
WheatHead 286.0 542.0 361.0 616.0
WheatHead 289.0 604.0 342.0 648.0
WheatHead 348.0 786.0 419.0 825.0
WheatHead 181.0 812.0 231.0 843.0
WheatHead 796.0 739.0 848.0 792.0
WheatHead 955.0 598.0 1016.0 664.0
