WheatHead 550.0 0.0 634.0 59.0
WheatHead 776.0 18.0 881.0 94.0
WheatHead 755.0 131.0 886.0 219.0
WheatHead 859.0 240.0 904.0 307.0
WheatHead 780.0 296.0 851.0 374.0
WheatHead 546.0 395.0 641.0 458.0
WheatHead 467.0 336.0 523.0 417.0
WheatHead 97.0 298.0 202.0 362.0
WheatHead 0.0 203.0 105.0 273.0
WheatHead 178.0 0.0 266.0 68.0
WheatHead 242.0 534.0 329.0 635.0
WheatHead 499.0 503.0 595.0 620.0
WheatHead 747.0 675.0 841.0 770.0
WheatHead 832.0 658.0 890.0 752.0
WheatHead 870.0 534.0 963.0 660.0
WheatHead 426.0 692.0 504.0 778.0
WheatHead 179.0 901.0 268.0 976.0
WheatHead 86.0 761.0 174.0 885.0
WheatHead 0.0 797.0 97.0 866.0
WheatHead 119.0 679.0 193.0 759.0
WheatHead 508.0 803.0 587.0 873.0
WheatHead 484.0 935.0 571.0 1024.0
WheatHead 423.0 980.0 515.0 1024.0
WheatHead 318.0 956.0 392.0 1024.0
WheatHead 684.0 967.0 777.0 1024.0
WheatHead 650.0 915.0 718.0 987.0
WheatHead 662.0 813.0 736.0 878.0
WheatHead 695.0 874.0 770.0 926.0
WheatHead 828.0 938.0 899.0 1024.0
WheatHead 937.0 908.0 1021.0 1012.0
WheatHead 915.0 736.0 991.0 825.0
WheatHead 488.0 166.0 586.0 280.0
WheatHead 0.0 898.0 77.0 1024.0
WheatHead 782.0 456.0 862.0 543.0
