WheatHead 858.0 195.0 990.0 245.0
WheatHead 737.0 0.0 834.0 79.0
WheatHead 260.0 146.0 343.0 220.0
WheatHead 467.0 174.0 541.0 263.0
WheatHead 854.0 453.0 911.0 532.0
WheatHead 653.0 417.0 729.0 527.0
WheatHead 151.0 986.0 251.0 1024.0
WheatHead 191.0 36.0 284.0 95.0
WheatHead 700.0 94.0 760.0 233.0
WheatHead 29.0 893.0 116.0 995.0
WheatHead 154.0 832.0 258.0 978.0
WheatHead 0.0 0.0 86.0 86.0
WheatHead 0.0 842.0 32.0 962.0
WheatHead 0.0 419.0 24.0 502.0
WheatHead 417.0 244.0 532.0 304.0
WheatHead 713.0 325.0 787.0 392.0
WheatHead 659.0 203.0 735.0 296.0
WheatHead 394.0 600.0 460.0 721.0
WheatHead 546.0 476.0 634.0 694.0
WheatHead 100.0 797.0 166.0 892.0
WheatHead 73.0 653.0 150.0 773.0
