WheatHead 453.0 613.0 517.0 727.0
WheatHead 294.0 907.0 404.0 1024.0
WheatHead 864.0 401.0 916.0 516.0
WheatHead 288.0 562.0 371.0 665.0
WheatHead 30.0 655.0 157.0 721.0
WheatHead 718.0 0.0 764.0 66.0
WheatHead 612.0 146.0 678.0 242.0
WheatHead 449.0 203.0 500.0 359.0
WheatHead 137.0 260.0 212.0 356.0
WheatHead 533.0 324.0 637.0 428.0
WheatHead 0.0 957.0 91.0 1012.0
WheatHead 877.0 914.0 943.0 982.0
WheatHead 73.0 10.0 137.0 73.0
WheatHead 296.0 684.0 407.0 778.0
WheatHead 764.0 621.0 856.0 710.0
WheatHead 663.0 481.0 737.0 562.0
WheatHead 663.0 64.0 688.0 141.0
WheatHead 794.0 785.0 943.0 872.0
WheatHead 989.0 686.0 1024.0 759.0
WheatHead 716.0 424.0 756.0 505.0
WheatHead 256.0 458.0 401.0 557.0
WheatHead 181.0 96.0 290.0 167.0
WheatHead 316.0 1.0 392.0 48.0
WheatHead 960.0 481.0 1024.0 533.0
WheatHead 221.0 189.0 271.0 243.0
WheatHead 836.0 0.0 892.0 127.0
WheatHead 757.0 349.0 795.0 423.0
WheatHead 472.0 471.0 543.0 505.0
WheatHead 950.0 858.0 1013.0 1024.0
WheatHead 522.0 775.0 576.0 813.0
WheatHead 752.0 831.0 853.0 879.0
WheatHead 649.0 248.0 724.0 301.0
WheatHead 243.0 320.0 299.0 401.0
WheatHead 961.0 262.0 1019.0 433.0
WheatHead 752.0 454.0 800.0 484.0
WheatHead 79.0 720.0 168.0 766.0
WheatHead 31.0 868.0 200.0 935.0
WheatHead 58.0 528.5 164.0 584.0
WheatHead 415.0 436.0 506.0 514.0
WheatHead 817.0 540.0 872.0 573.0
WheatHead 614.0 484.0 671.0 529.0
WheatHead 753.0 905.0 862.0 1021.0
WheatHead 1.0 42.0 81.0 107.0
WheatHead 365.0 935.0 521.0 1024.0
WheatHead 388.0 864.0 479.0 905.0
WheatHead 34.0 98.0 112.0 137.0
WheatHead 509.0 492.0 625.0 539.0
WheatHead 782.0 123.0 838.0 350.0
WheatHead 2.0 793.0 163.0 841.0
WheatHead 491.0 915.0 588.0 950.0
WheatHead 270.0 345.0 350.0 409.0
WheatHead 819.0 17.0 900.0 97.0
WheatHead 950.0 637.0 1008.0 803.0
WheatHead 104.0 235.0 178.0 347.0
WheatHead 27.0 753.0 141.0 808.0
WheatHead 723.0 853.0 776.0 915.0
WheatHead 19.0 399.0 104.0 471.0
WheatHead 11.0 915.0 220.0 965.0
