WheatHead 0.0 352.0 70.0 447.0
WheatHead 173.0 0.0 332.0 39.0
WheatHead 104.0 293.0 323.0 510.0
WheatHead 677.0 122.0 845.0 308.0
WheatHead 390.0 340.0 510.0 426.0
WheatHead 171.0 170.0 373.0 233.0
WheatHead 865.0 502.0 945.0 555.0
WheatHead 640.0 293.0 800.0 429.0
WheatHead 373.0 0.0 520.0 2.0
WheatHead 114.0 0.0 369.0 2.0
WheatHead 84.0 835.0 315.0 951.0
WheatHead 532.0 76.0 751.0 220.0
WheatHead 697.0 0.0 871.0 72.0
WheatHead 274.0 122.0 402.0 189.0
WheatHead 301.0 240.0 395.0 281.0
WheatHead 186.0 267.0 301.0 329.0
WheatHead 62.0 376.0 160.0 490.0
WheatHead 333.0 797.0 459.0 882.0
WheatHead 289.0 717.0 375.0 780.0
WheatHead 345.0 464.0 459.0 655.0
WheatHead 531.0 595.0 604.0 652.0
WheatHead 761.0 500.0 835.0 573.0
WheatHead 840.0 433.0 905.0 496.0
WheatHead 459.0 212.0 558.0 307.0
WheatHead 492.0 236.0 633.0 359.0
WheatHead 921.0 486.0 998.0 572.0
WheatHead 873.0 534.0 939.0 591.0
