WheatHead 0.0 802.0 43.0 881.0
WheatHead 77.0 760.0 153.0 832.0
WheatHead 83.0 590.0 149.0 651.0
WheatHead 20.0 497.0 104.0 603.0
WheatHead 0.0 443.0 29.0 537.0
WheatHead 0.0 310.0 60.0 390.0
WheatHead 236.0 9.0 326.0 82.0
WheatHead 361.0 0.0 428.0 92.0
WheatHead 212.0 153.0 324.0 281.0
WheatHead 280.0 163.0 344.0 232.0
WheatHead 359.0 131.0 441.0 231.0
WheatHead 107.0 203.0 204.0 308.0
WheatHead 382.0 233.0 483.0 320.0
WheatHead 156.0 380.0 275.0 477.0
WheatHead 319.0 464.0 413.0 522.0
WheatHead 311.0 510.0 404.0 581.0
WheatHead 557.0 360.0 651.0 433.0
WheatHead 557.0 468.0 628.0 533.0
WheatHead 317.0 384.0 372.0 436.0
WheatHead 581.0 56.0 652.0 132.0
WheatHead 583.0 191.0 666.0 266.0
WheatHead 766.0 177.0 830.0 269.0
WheatHead 670.0 84.0 732.0 181.0
WheatHead 682.0 533.0 758.0 622.0
WheatHead 593.0 541.0 663.0 604.0
WheatHead 724.0 287.0 788.0 339.0
WheatHead 796.0 537.0 876.0 612.0
WheatHead 882.0 590.0 954.0 668.0
WheatHead 935.0 537.0 994.0 610.0
WheatHead 381.0 646.0 489.0 745.0
WheatHead 887.0 319.0 958.0 387.0
WheatHead 865.0 372.0 956.0 427.0
WheatHead 799.0 314.0 861.0 394.0
WheatHead 950.0 279.0 1023.0 361.0
WheatHead 876.0 171.0 940.0 277.0
WheatHead 886.0 56.0 968.0 156.0
WheatHead 630.0 0.0 718.0 45.0
WheatHead 937.0 0.0 1004.0 78.0
WheatHead 470.0 757.0 531.0 825.0
WheatHead 801.0 784.0 911.0 863.0
WheatHead 645.0 901.0 718.0 987.0
WheatHead 792.0 922.0 890.0 1024.0
WheatHead 326.0 846.0 423.0 913.0
WheatHead 444.0 906.0 526.0 997.0
WheatHead 118.0 863.0 203.0 928.0
WheatHead 278.0 919.0 354.0 1024.0
WheatHead 93.0 980.0 198.0 1024.0
WheatHead 949.0 895.0 1024.0 969.0
WheatHead 978.0 807.0 1024.0 883.0
WheatHead 955.0 639.0 1021.0 716.0
WheatHead 604.0 252.0 687.0 319.0
WheatHead 179.0 278.0 250.0 379.0
WheatHead 608.0 809.0 654.0 859.0
WheatHead 201.0 996.0 256.0 1024.0
WheatHead 0.0 992.0 37.0 1024.0
WheatHead 367.0 408.0 422.0 460.0
WheatHead 1000.0 568.0 1024.0 634.0
WheatHead 134.0 814.0 205.0 871.0
WheatHead 264.0 560.0 331.0 605.0
