WheatHead 338.0 607.0 393.0 697.0
WheatHead 808.0 0.0 884.0 95.0
WheatHead 939.0 953.0 1010.0 1022.0
WheatHead 308.0 513.0 385.0 617.0
WheatHead 520.0 338.0 595.0 431.0
WheatHead 580.0 798.0 628.0 875.0
WheatHead 45.0 584.0 143.0 641.0
WheatHead 552.0 447.0 610.0 535.0
WheatHead 241.0 907.0 296.0 1003.0
WheatHead 841.0 480.0 879.0 578.0
WheatHead 447.0 443.0 520.0 512.0
WheatHead 376.0 801.0 443.0 910.0
WheatHead 0.0 666.0 75.0 759.0
WheatHead 319.0 838.0 383.0 932.0
WheatHead 5.0 262.0 106.0 359.0
WheatHead 296.0 232.0 382.0 320.0
WheatHead 594.0 50.0 644.0 176.0
WheatHead 653.0 783.0 724.0 860.0
WheatHead 365.0 865.0 445.0 940.0
WheatHead 832.0 836.0 892.0 910.0
WheatHead 793.0 494.0 835.0 574.0
WheatHead 655.0 460.0 699.0 548.0
WheatHead 114.0 503.0 208.0 607.0
WheatHead 40.0 162.0 95.0 248.0
WheatHead 862.0 364.0 905.0 464.0
WheatHead 622.0 516.0 699.0 630.0
WheatHead 398.0 468.0 466.0 542.0
WheatHead 304.0 897.0 360.0 974.0
WheatHead 727.0 891.0 802.0 952.0
WheatHead 98.0 283.0 167.0 361.0
WheatHead 770.0 966.0 821.0 1024.0
WheatHead 622.0 828.0 700.0 886.0
WheatHead 221.0 846.0 299.0 925.0
WheatHead 972.0 836.0 1024.0 915.0
WheatHead 408.0 495.0 465.0 588.0
WheatHead 207.0 2.0 300.0 86.0
WheatHead 588.0 525.0 638.0 604.0
WheatHead 746.0 0.0 775.0 42.0
WheatHead 863.0 671.0 928.0 781.0
WheatHead 390.0 972.0 433.0 1024.0
WheatHead 558.0 521.0 610.0 626.0
WheatHead 528.0 570.0 566.0 671.0
WheatHead 88.0 977.0 185.0 1024.0
WheatHead 416.0 741.0 475.0 790.0
WheatHead 891.0 286.0 953.0 400.0
WheatHead 576.0 621.0 652.0 684.0
WheatHead 892.0 585.0 943.0 641.0
WheatHead 701.0 924.0 755.0 968.0
WheatHead 217.0 300.0 258.0 387.0
WheatHead 821.0 980.0 857.0 1022.0
WheatHead 890.0 280.0 932.0 404.0
WheatHead 53.0 0.0 120.0 48.0
WheatHead 0.0 166.0 19.0 208.0
WheatHead 1004.0 637.0 1024.0 723.0
WheatHead 560.0 909.0 637.0 955.0
WheatHead 858.0 733.0 910.0 796.0
WheatHead 1004.0 801.0 1024.0 850.0
WheatHead 965.0 893.0 1013.0 945.0
