WheatHead 7.0 275.0 69.0 346.0
WheatHead 0.0 400.0 43.0 448.0
WheatHead 101.0 230.0 197.0 309.0
WheatHead 69.0 366.0 159.0 455.0
WheatHead 0.0 455.0 53.0 508.0
WheatHead 549.0 31.0 625.0 93.0
WheatHead 628.0 40.0 701.0 102.0
WheatHead 685.0 52.0 748.0 125.0
WheatHead 787.0 30.0 877.0 102.0
WheatHead 145.0 63.0 224.0 119.0
WheatHead 240.0 46.0 302.0 126.0
WheatHead 199.0 68.0 253.0 160.0
WheatHead 349.0 160.0 426.0 239.0
WheatHead 485.0 232.0 547.0 320.0
WheatHead 529.0 157.0 609.0 227.0
WheatHead 552.0 105.0 619.0 161.0
WheatHead 664.0 164.0 747.0 240.0
WheatHead 744.0 123.0 823.0 205.0
WheatHead 746.0 204.0 827.0 267.0
WheatHead 584.0 293.0 643.0 343.0
WheatHead 643.0 300.0 692.0 373.0
WheatHead 825.0 265.0 889.0 332.0
WheatHead 904.0 259.0 1004.0 343.0
WheatHead 892.0 395.0 1024.0 473.0
WheatHead 909.0 453.0 961.0 505.0
WheatHead 803.0 414.0 895.0 473.0
WheatHead 895.0 350.0 979.0 398.0
WheatHead 693.0 453.0 770.0 529.0
WheatHead 473.0 452.0 550.0 537.0
WheatHead 224.0 394.0 295.0 462.0
WheatHead 157.0 480.0 255.0 543.0
WheatHead 76.0 510.0 135.0 582.0
WheatHead 67.0 574.0 180.0 639.0
WheatHead 188.0 620.0 278.0 670.0
WheatHead 466.0 636.0 578.0 729.0
WheatHead 255.0 712.0 335.0 819.0
WheatHead 63.0 783.0 138.0 845.0
WheatHead 536.0 811.0 589.0 911.0
WheatHead 623.0 702.0 702.0 817.0
WheatHead 639.0 847.0 712.0 905.0
WheatHead 563.0 920.0 627.0 975.0
WheatHead 636.0 993.0 717.0 1024.0
WheatHead 927.0 0.0 993.0 52.0
WheatHead 905.0 54.0 999.0 115.0
WheatHead 991.0 26.0 1024.0 93.0
WheatHead 760.0 646.0 843.0 727.0
WheatHead 880.0 718.0 952.0 784.0
WheatHead 965.0 919.0 1024.0 991.0
WheatHead 871.0 975.0 929.0 1024.0
WheatHead 787.0 480.0 848.0 538.0
WheatHead 605.0 153.0 647.0 220.0
WheatHead 909.0 495.0 962.0 531.0
WheatHead 553.0 976.0 625.0 1024.0
WheatHead 920.0 688.0 960.0 749.0
WheatHead 456.0 0.0 540.0 55.0
WheatHead 8.0 326.0 61.0 364.0
WheatHead 0.0 356.0 13.0 386.0
