WheatHead 38.0 501.0 168.0 611.0
WheatHead 780.0 197.0 911.0 296.0
WheatHead 460.0 852.0 573.0 916.0
WheatHead 537.0 640.0 686.0 724.0
WheatHead 709.0 842.0 821.0 908.0
WheatHead 317.0 455.0 432.0 524.0
WheatHead 216.0 19.0 357.0 99.0
WheatHead 394.0 652.0 514.0 747.0
WheatHead 61.0 901.0 143.0 972.0
WheatHead 158.0 837.0 279.0 901.0
WheatHead 412.0 445.0 545.0 583.0
WheatHead 332.0 281.0 432.0 348.0
WheatHead 816.0 775.0 921.0 857.0
WheatHead 110.0 302.0 250.0 422.0
WheatHead 578.0 225.0 655.0 279.0
WheatHead 286.0 161.0 373.0 296.0
WheatHead 145.0 645.0 230.0 714.0
WheatHead 184.0 747.0 296.0 852.0
WheatHead 450.0 788.0 545.0 847.0
WheatHead 58.0 238.0 122.0 307.0
WheatHead 110.0 179.0 238.0 256.0
WheatHead 412.0 972.0 499.0 1024.0
WheatHead 279.0 350.0 409.0 435.0
WheatHead 576.0 161.0 668.0 225.0
WheatHead 76.0 750.0 156.0 821.0
WheatHead 844.0 563.0 908.0 627.0
WheatHead 0.0 926.0 46.0 983.0
WheatHead 816.0 491.0 916.0 555.0
WheatHead 660.0 289.0 750.0 345.0
WheatHead 391.0 192.0 501.0 281.0
WheatHead 624.0 81.0 696.0 168.0
WheatHead 837.0 345.0 947.0 442.0
WheatHead 796.0 86.0 934.0 163.0
WheatHead 235.0 107.0 366.0 186.0
WheatHead 721.0 304.0 862.0 389.0
WheatHead 0.0 427.0 89.0 519.0
WheatHead 271.0 970.0 355.0 1024.0
WheatHead 0.0 668.0 53.0 721.0
WheatHead 0.0 829.0 51.0 911.0
WheatHead 921.0 811.0 1000.0 880.0
WheatHead 727.0 645.0 816.0 719.0
WheatHead 64.0 640.0 128.0 686.0
WheatHead 442.0 2.0 524.0 46.0
WheatHead 908.0 890.0 1000.0 931.0
WheatHead 560.0 552.0 616.0 604.0
WheatHead 284.0 606.0 350.0 668.0
WheatHead 222.0 483.0 289.0 558.0
WheatHead 801.0 430.0 929.0 506.0
WheatHead 919.0 89.0 1024.0 209.0
WheatHead 40.0 192.0 87.0 238.0
WheatHead 15.0 98.0 94.0 134.0
WheatHead 739.0 944.0 832.0 1006.0
WheatHead 645.0 911.0 704.0 965.0
WheatHead 391.0 768.0 448.0 816.0
WheatHead 263.0 816.0 337.0 867.0
WheatHead 296.0 552.0 355.0 611.0
WheatHead 404.0 419.0 494.0 455.0
WheatHead 291.0 74.0 399.0 117.0
WheatHead 217.0 261.0 273.0 320.0
WheatHead 939.0 176.0 1024.0 268.0
WheatHead 450.0 243.0 517.0 289.0
WheatHead 350.0 2.0 435.0 51.0
