WheatHead 284.0 724.0 344.0 799.0
WheatHead 345.0 619.0 462.0 654.0
WheatHead 409.0 634.0 457.0 681.0
WheatHead 15.0 14.0 86.0 111.0
WheatHead 0.0 239.0 12.0 291.0
WheatHead 3.0 214.0 54.0 255.0
WheatHead 40.0 233.0 102.0 330.0
WheatHead 83.0 364.0 153.0 459.0
WheatHead 158.0 366.0 209.0 421.0
WheatHead 105.0 206.0 188.0 257.0
WheatHead 170.0 238.0 211.0 322.0
WheatHead 184.0 297.0 266.0 389.0
WheatHead 135.0 44.0 207.0 112.0
WheatHead 74.0 0.0 120.0 64.0
WheatHead 264.0 99.0 356.0 197.0
WheatHead 357.0 228.0 434.0 265.0
WheatHead 301.0 299.0 349.0 346.0
WheatHead 515.0 35.0 561.0 107.0
WheatHead 563.0 0.0 616.0 34.0
WheatHead 583.0 92.0 644.0 177.0
WheatHead 498.0 117.0 574.0 230.0
WheatHead 799.0 45.0 858.0 103.0
WheatHead 846.0 69.0 915.0 169.0
WheatHead 888.0 29.0 971.0 112.0
WheatHead 950.0 209.0 1024.0 271.0
WheatHead 685.0 172.0 763.0 270.0
WheatHead 598.0 327.0 682.0 377.0
WheatHead 826.0 446.0 914.0 514.0
WheatHead 636.0 554.0 694.0 640.0
WheatHead 731.0 719.0 772.0 765.0
WheatHead 853.0 768.0 901.0 806.0
WheatHead 828.0 803.0 896.0 860.0
WheatHead 887.0 716.0 936.0 752.0
WheatHead 915.0 666.0 972.0 743.0
WheatHead 793.0 520.0 853.0 587.0
WheatHead 963.0 394.0 1020.0 508.0
WheatHead 929.0 449.0 999.0 504.0
WheatHead 855.0 963.0 900.0 1024.0
WheatHead 867.0 980.0 960.0 1024.0
WheatHead 911.0 917.0 1024.0 961.0
WheatHead 790.0 984.0 842.0 1024.0
WheatHead 709.0 950.0 780.0 997.0
WheatHead 643.0 969.0 712.0 1024.0
WheatHead 362.0 990.0 423.0 1024.0
WheatHead 134.0 947.0 182.0 990.0
WheatHead 80.0 1001.0 168.0 1024.0
WheatHead 0.0 910.0 54.0 1006.0
