WheatHead 0.0 0.0 64.0 43.0
WheatHead 129.0 33.0 204.0 102.0
WheatHead 108.0 102.0 192.0 245.0
WheatHead 213.0 69.0 382.0 141.0
WheatHead 228.0 15.0 274.0 108.0
WheatHead 342.0 0.0 390.0 13.0
WheatHead 0.0 226.0 63.0 340.0
WheatHead 125.0 301.0 216.0 366.0
WheatHead 119.0 252.0 161.0 334.0
WheatHead 239.0 343.0 314.0 406.0
WheatHead 212.0 395.0 267.0 492.0
WheatHead 233.0 453.0 312.0 506.0
WheatHead 0.0 377.0 44.0 459.0
WheatHead 73.0 417.0 118.0 457.0
WheatHead 0.0 467.0 32.0 558.0
WheatHead 26.0 730.0 114.0 865.0
WheatHead 14.0 648.0 78.0 708.0
WheatHead 84.0 598.0 152.0 660.0
WheatHead 15.0 577.0 77.0 629.0
WheatHead 66.0 541.0 119.0 594.0
WheatHead 116.0 896.0 171.0 963.0
WheatHead 136.0 956.0 230.0 1013.0
WheatHead 270.0 890.0 357.0 966.0
WheatHead 281.0 663.0 363.0 729.0
WheatHead 232.0 570.0 344.0 656.0
WheatHead 381.0 577.0 440.0 645.0
WheatHead 357.0 458.0 453.0 571.0
WheatHead 476.0 619.0 566.0 687.0
WheatHead 473.0 671.0 526.0 779.0
WheatHead 391.0 622.0 455.0 732.0
WheatHead 519.0 815.0 601.0 962.0
WheatHead 552.0 940.0 624.0 991.0
WheatHead 607.0 922.0 713.0 1021.0
WheatHead 713.0 762.0 802.0 910.0
WheatHead 804.0 764.0 857.0 881.0
WheatHead 731.0 600.0 829.0 715.0
WheatHead 699.0 622.0 752.0 701.0
WheatHead 585.0 401.0 703.0 543.0
WheatHead 516.0 416.0 585.0 477.0
WheatHead 489.0 352.0 634.0 418.0
WheatHead 563.0 306.0 719.0 359.0
WheatHead 388.0 301.0 536.0 346.0
WheatHead 463.0 217.0 550.0 287.0
WheatHead 351.0 182.0 464.0 264.0
WheatHead 631.0 160.0 734.0 229.0
WheatHead 713.0 50.0 807.0 135.0
WheatHead 764.0 0.0 834.0 66.0
WheatHead 815.0 128.0 954.0 219.0
WheatHead 878.0 19.0 939.0 78.0
WheatHead 959.0 15.0 1024.0 55.0
WheatHead 989.0 57.0 1024.0 102.0
WheatHead 508.0 0.0 591.0 64.0
WheatHead 273.0 189.0 318.0 248.0
WheatHead 892.0 324.0 1024.0 374.0
WheatHead 886.0 366.0 946.0 419.0
WheatHead 772.0 429.0 837.0 478.0
WheatHead 853.0 425.0 956.0 480.0
WheatHead 969.0 425.0 1024.0 481.0
WheatHead 793.0 585.0 880.0 644.0
WheatHead 806.0 547.0 877.0 607.0
WheatHead 847.0 507.0 913.0 582.0
WheatHead 889.0 480.0 991.0 576.0
WheatHead 873.0 592.0 931.0 644.0
WheatHead 859.0 774.0 1004.0 884.0
WheatHead 893.0 866.0 1020.0 965.0
WheatHead 979.0 841.0 1024.0 906.0
WheatHead 868.0 891.0 960.0 1024.0
