WheatHead 703.0 212.0 795.0 281.0
WheatHead 688.0 287.0 740.0 366.0
WheatHead 666.0 385.0 750.0 463.0
WheatHead 631.0 350.0 676.0 402.0
WheatHead 552.0 343.0 612.0 407.0
WheatHead 496.0 301.0 557.0 361.0
WheatHead 426.0 238.0 489.0 301.0
WheatHead 27.0 205.0 86.0 276.0
WheatHead 137.0 249.0 190.0 292.0
WheatHead 119.0 261.0 240.0 332.0
WheatHead 119.0 322.0 197.0 377.0
WheatHead 216.0 354.0 272.0 411.0
WheatHead 194.0 402.0 268.0 467.0
WheatHead 288.0 380.0 344.0 443.0
WheatHead 324.0 411.0 376.0 486.0
WheatHead 403.0 421.0 440.0 481.0
WheatHead 460.0 440.0 520.0 484.0
WheatHead 426.0 363.0 537.0 426.0
WheatHead 530.0 468.0 593.0 530.0
WheatHead 418.0 589.0 496.0 651.0
WheatHead 369.0 490.0 419.0 567.0
WheatHead 281.0 483.0 330.0 545.0
WheatHead 63.0 642.0 172.0 707.0
WheatHead 961.0 381.0 1008.0 445.0
WheatHead 959.0 429.0 1021.0 503.0
WheatHead 800.0 283.0 877.0 358.0
WheatHead 888.0 266.0 965.0 322.0
WheatHead 951.0 178.0 998.0 245.0
WheatHead 579.0 597.0 654.0 642.0
WheatHead 205.0 739.0 264.0 810.0
WheatHead 126.0 784.0 217.0 847.0
WheatHead 108.0 867.0 167.0 916.0
WheatHead 262.0 869.0 329.0 923.0
WheatHead 346.0 912.0 400.0 959.0
WheatHead 417.0 867.0 462.0 945.0
WheatHead 467.0 851.0 522.0 930.0
WheatHead 518.0 774.0 576.0 862.0
WheatHead 452.0 728.0 526.0 787.0
WheatHead 526.0 672.0 595.0 757.0
WheatHead 629.0 687.0 705.0 747.0
WheatHead 754.0 688.0 819.0 762.0
WheatHead 733.0 737.0 810.0 813.0
WheatHead 623.0 789.0 688.0 854.0
WheatHead 688.0 785.0 732.0 848.0
WheatHead 731.0 841.0 813.0 899.0
WheatHead 722.0 802.0 780.0 845.0
WheatHead 800.0 763.0 863.0 852.0
WheatHead 871.0 776.0 912.0 819.0
WheatHead 935.0 784.0 1012.0 837.0
WheatHead 894.0 798.0 944.0 890.0
WheatHead 859.0 941.0 914.0 1009.0
WheatHead 889.0 905.0 933.0 953.0
WheatHead 919.0 915.0 976.0 1004.0
WheatHead 30.0 458.0 105.0 529.0
WheatHead 663.0 501.0 694.0 526.0
WheatHead 835.0 449.0 885.0 496.0
WheatHead 856.0 507.0 916.0 562.0
WheatHead 896.0 391.0 926.0 426.0
WheatHead 927.0 751.0 969.0 797.0
WheatHead 637.0 836.0 690.0 906.0
WheatHead 549.0 759.0 612.0 818.0
WheatHead 415.0 844.0 472.0 878.0
WheatHead 574.0 657.0 629.0 716.0
WheatHead 745.0 311.0 795.0 360.0
WheatHead 0.0 216.0 42.0 277.0
