WheatHead 289.0 419.0 422.0 499.0
WheatHead 811.0 168.0 890.0 238.0
WheatHead 693.0 596.0 775.0 706.0
WheatHead 819.0 458.0 921.0 573.0
WheatHead 965.0 844.0 1024.0 939.0
WheatHead 529.0 320.0 616.0 409.0
WheatHead 601.0 522.0 696.0 614.0
WheatHead 885.0 724.0 965.0 839.0
WheatHead 940.0 134.0 1024.0 208.0
WheatHead 319.0 835.0 409.0 972.0
WheatHead 640.0 115.0 719.0 204.0
WheatHead 659.0 965.0 730.0 1024.0
WheatHead 852.0 366.0 934.0 450.0
WheatHead 576.0 117.0 657.0 199.0
WheatHead 417.0 583.0 512.0 755.0
WheatHead 509.0 814.0 599.0 911.0
WheatHead 714.0 48.0 832.0 158.0
WheatHead 565.0 232.0 670.0 327.0
WheatHead 942.0 616.0 1024.0 762.0
WheatHead 596.0 788.0 665.0 919.0
WheatHead 504.0 709.0 586.0 806.0
WheatHead 688.0 302.0 778.0 389.0
WheatHead 770.0 814.0 890.0 906.0
WheatHead 744.0 834.0 829.0 970.0
WheatHead 504.0 581.0 599.0 688.0
WheatHead 906.0 312.0 983.0 394.0
WheatHead 832.0 895.0 902.0 1002.0
WheatHead 801.0 606.0 888.0 803.0
WheatHead 386.0 279.0 499.0 360.0
WheatHead 785.0 99.0 875.0 171.0
WheatHead 0.0 220.0 77.0 340.0
WheatHead 756.0 936.0 819.0 1023.0
WheatHead 647.0 739.0 704.0 847.0
WheatHead 719.0 721.0 796.0 849.0
WheatHead 1021.0 832.0 1024.0 936.0
