WheatHead 23.0 678.0 123.0 775.0
WheatHead 117.0 976.0 199.0 1024.0
WheatHead 23.0 885.0 109.0 1021.0
WheatHead 110.0 864.0 186.0 937.0
WheatHead 168.0 885.0 273.0 955.0
WheatHead 153.0 812.0 225.0 883.0
WheatHead 206.0 794.0 297.0 867.0
WheatHead 230.0 737.0 310.0 816.0
WheatHead 209.0 650.0 320.0 739.0
WheatHead 393.0 796.0 472.0 875.0
WheatHead 353.0 870.0 427.0 944.0
WheatHead 426.0 846.0 534.0 916.0
WheatHead 535.0 822.0 753.0 907.0
WheatHead 630.0 925.0 756.0 1022.0
WheatHead 762.0 895.0 878.0 983.0
WheatHead 854.0 769.0 938.0 875.0
WheatHead 911.0 870.0 993.0 941.0
WheatHead 795.0 847.0 874.0 916.0
WheatHead 876.0 518.0 966.0 620.0
WheatHead 769.0 416.0 854.0 521.0
WheatHead 706.0 552.0 781.0 624.0
WheatHead 376.0 347.0 457.0 405.0
WheatHead 391.0 401.0 455.0 472.0
WheatHead 339.0 412.0 414.0 494.0
WheatHead 306.0 457.0 370.0 521.0
WheatHead 338.0 536.0 404.0 594.0
WheatHead 458.0 518.0 528.0 597.0
WheatHead 518.0 500.0 606.0 558.0
WheatHead 502.0 440.0 577.0 504.0
WheatHead 588.0 431.0 649.0 546.0
WheatHead 635.0 456.0 710.0 539.0
WheatHead 568.0 544.0 672.0 609.0
WheatHead 601.0 362.0 674.0 430.0
WheatHead 624.0 250.0 732.0 331.0
WheatHead 455.0 227.0 525.0 282.0
WheatHead 403.0 165.0 470.0 221.0
WheatHead 337.0 82.0 418.0 203.0
WheatHead 259.0 232.0 336.0 310.0
WheatHead 173.0 436.0 252.0 513.0
WheatHead 193.0 506.0 278.0 588.0
WheatHead 138.0 243.0 227.0 332.0
WheatHead 79.0 169.0 155.0 275.0
WheatHead 104.0 89.0 183.0 157.0
WheatHead 31.0 86.0 116.0 148.0
WheatHead 524.0 36.0 617.0 105.0
WheatHead 834.0 0.0 907.0 82.0
WheatHead 919.0 343.0 1024.0 504.0
WheatHead 756.0 749.0 835.0 849.0
WheatHead 48.0 29.0 162.0 112.0
WheatHead 859.0 916.0 944.0 983.0
WheatHead 439.0 777.0 526.0 857.0
WheatHead 979.0 0.0 1024.0 34.0
WheatHead 279.0 0.0 316.0 64.0
WheatHead 519.0 191.0 569.0 294.0
