WheatHead 780.0 148.0 844.0 245.0
WheatHead 74.0 12.0 194.0 135.0
WheatHead 48.0 422.0 140.0 499.0
WheatHead 276.0 878.0 353.0 985.0
WheatHead 878.0 281.0 1006.0 424.0
WheatHead 983.0 435.0 1024.0 573.0
WheatHead 360.0 199.0 424.0 302.0
WheatHead 256.0 721.0 355.0 865.0
WheatHead 199.0 38.0 273.0 145.0
WheatHead 880.0 954.0 962.0 1024.0
WheatHead 921.0 10.0 990.0 102.0
WheatHead 965.0 673.0 1024.0 760.0
WheatHead 936.0 855.0 1024.0 936.0
WheatHead 0.0 138.0 66.0 222.0
WheatHead 145.0 428.0 218.0 511.0
WheatHead 775.0 740.0 837.0 861.0
WheatHead 980.0 235.0 1024.0 332.0
WheatHead 110.0 109.0 168.0 175.0
WheatHead 74.0 125.0 133.0 235.0
WheatHead 181.0 814.0 253.0 883.0
WheatHead 204.0 888.0 281.0 988.0
WheatHead 939.0 468.0 1006.0 593.0
