WheatHead 0.0 0.0 78.0 79.0
WheatHead 30.0 930.0 100.0 1024.0
WheatHead 1.0 851.0 62.0 920.0
WheatHead 91.0 795.0 173.0 879.0
WheatHead 97.0 892.0 188.0 959.0
WheatHead 220.0 870.0 408.0 950.0
WheatHead 352.0 819.0 531.0 908.0
WheatHead 16.0 578.0 109.0 648.0
WheatHead 57.0 496.0 149.0 562.0
WheatHead 10.0 423.0 82.0 539.0
WheatHead 175.0 556.0 295.0 629.0
WheatHead 287.0 473.0 384.0 562.0
WheatHead 78.0 357.0 187.0 446.0
WheatHead 126.0 239.0 210.0 331.0
WheatHead 218.0 227.0 290.0 322.0
WheatHead 158.0 145.0 217.0 226.0
WheatHead 411.0 407.0 507.0 484.0
WheatHead 336.0 277.0 396.0 348.0
WheatHead 237.0 81.0 310.0 173.0
WheatHead 188.0 0.0 310.0 62.0
WheatHead 395.0 9.0 489.0 111.0
WheatHead 491.0 109.0 595.0 174.0
WheatHead 392.0 139.0 459.0 222.0
WheatHead 573.0 290.0 577.0 292.0
WheatHead 602.0 313.0 677.0 393.0
WheatHead 558.0 418.0 621.0 500.0
WheatHead 721.0 400.0 799.0 471.0
WheatHead 594.0 383.0 676.0 446.0
WheatHead 447.0 519.0 514.0 634.0
WheatHead 521.0 591.0 594.0 698.0
WheatHead 668.0 499.0 747.0 589.0
WheatHead 656.0 634.0 741.0 756.0
WheatHead 534.0 816.0 609.0 908.0
WheatHead 689.0 777.0 765.0 876.0
WheatHead 809.0 782.0 882.0 878.0
WheatHead 633.0 836.0 692.0 926.0
WheatHead 470.0 960.0 559.0 1024.0
WheatHead 547.0 922.0 641.0 994.0
WheatHead 899.0 855.0 978.0 921.0
WheatHead 758.0 898.0 869.0 976.0
WheatHead 894.0 536.0 961.0 643.0
WheatHead 832.0 525.0 888.0 612.0
WheatHead 792.0 290.0 869.0 378.0
WheatHead 708.0 189.0 798.0 271.0
WheatHead 784.0 40.0 897.0 181.0
WheatHead 904.0 120.0 971.0 197.0
WheatHead 914.0 310.0 1010.0 372.0
WheatHead 239.0 915.0 307.0 989.0
WheatHead 375.0 910.0 446.0 1020.0
WheatHead 352.0 709.0 401.0 766.0
WheatHead 158.0 722.0 225.0 852.0
WheatHead 214.0 807.0 290.0 878.0
WheatHead 688.0 942.0 746.0 1010.0
WheatHead 985.0 712.0 1024.0 815.0
WheatHead 756.0 590.0 828.0 678.0
WheatHead 996.0 353.0 1024.0 415.0
WheatHead 667.0 320.0 729.0 397.0
WheatHead 940.0 50.0 1009.0 107.0
