WheatHead 804.0 449.0 881.0 511.0
WheatHead 900.0 423.0 1017.0 518.0
WheatHead 61.0 535.0 148.0 632.0
WheatHead 878.0 586.0 957.0 669.0
WheatHead 0.0 337.0 69.0 435.0
WheatHead 87.0 253.0 158.0 368.0
WheatHead 868.0 159.0 944.0 273.0
WheatHead 46.0 724.0 145.0 806.0
WheatHead 921.0 514.0 988.0 572.0
WheatHead 185.0 169.0 256.0 227.0
WheatHead 19.0 3.0 97.0 87.0
WheatHead 0.0 268.0 38.0 348.0
WheatHead 43.0 248.0 120.0 335.0
WheatHead 0.0 754.0 52.0 823.0
WheatHead 928.0 785.0 1024.0 841.0
WheatHead 920.0 902.0 1024.0 957.0
WheatHead 655.0 50.0 707.0 175.0
WheatHead 942.0 739.0 1024.0 795.0
WheatHead 961.0 833.0 1024.0 881.0
