WheatHead 261.0 284.0 373.0 412.0
WheatHead 928.0 0.0 1024.0 127.0
WheatHead 629.0 770.0 739.0 916.0
WheatHead 740.0 638.0 843.0 753.0
WheatHead 752.0 121.0 890.0 228.0
WheatHead 450.0 381.0 568.0 486.0
WheatHead 442.0 182.0 522.0 264.0
WheatHead 312.0 609.0 494.0 816.0
WheatHead 852.0 645.0 975.0 768.0
WheatHead 42.0 186.0 142.0 289.0
WheatHead 748.0 891.0 841.0 1012.0
WheatHead 935.0 422.0 1024.0 519.0
WheatHead 279.0 875.0 404.0 983.0
WheatHead 365.0 553.0 457.0 635.0
WheatHead 883.0 504.0 958.0 588.0
WheatHead 0.0 645.0 47.0 734.0
WheatHead 0.0 397.0 57.0 492.0
WheatHead 896.0 923.0 976.0 1000.0
WheatHead 723.0 332.0 796.0 383.0
