WheatHead 26.0 76.0 105.0 143.0
WheatHead 0.0 187.0 40.0 262.0
WheatHead 107.0 238.0 251.0 352.0
WheatHead 172.0 0.0 239.0 60.0
WheatHead 349.0 0.0 465.0 82.0
WheatHead 64.0 829.0 146.0 906.0
WheatHead 171.0 690.0 243.0 771.0
WheatHead 183.0 797.0 259.0 868.0
WheatHead 249.0 799.0 315.0 859.0
WheatHead 273.0 846.0 353.0 928.0
WheatHead 351.0 841.0 446.0 896.0
WheatHead 353.0 882.0 430.0 958.0
WheatHead 183.0 946.0 252.0 1013.0
WheatHead 241.0 934.0 300.0 1001.0
WheatHead 454.0 816.0 533.0 932.0
WheatHead 556.0 832.0 636.0 917.0
WheatHead 530.0 0.0 594.0 84.0
WheatHead 621.0 1.0 701.0 77.0
WheatHead 781.0 256.0 854.0 327.0
WheatHead 972.0 6.0 1024.0 81.0
WheatHead 969.0 184.0 1024.0 244.0
WheatHead 976.0 317.0 1024.0 387.0
WheatHead 347.0 498.0 443.0 596.0
WheatHead 446.0 488.0 516.0 562.0
WheatHead 586.0 390.0 697.0 477.0
WheatHead 476.0 565.0 536.0 651.0
WheatHead 540.0 573.0 613.0 634.0
WheatHead 581.0 502.0 657.0 574.0
WheatHead 669.0 490.0 748.0 554.0
WheatHead 744.0 419.0 827.0 501.0
WheatHead 717.0 378.0 775.0 445.0
WheatHead 872.0 387.0 943.0 454.0
WheatHead 917.0 352.0 993.0 420.0
WheatHead 959.0 448.0 1024.0 538.0
WheatHead 845.0 498.0 917.0 574.0
WheatHead 843.0 450.0 940.0 516.0
WheatHead 756.0 566.0 832.0 629.0
WheatHead 868.0 589.0 948.0 657.0
WheatHead 591.0 668.0 667.0 746.0
WheatHead 609.0 744.0 680.0 813.0
WheatHead 688.0 632.0 762.0 718.0
WheatHead 765.0 634.0 847.0 705.0
WheatHead 955.0 611.0 1023.0 683.0
WheatHead 866.0 764.0 934.0 838.0
WheatHead 918.0 780.0 1005.0 877.0
WheatHead 725.0 913.0 856.0 1009.0
WheatHead 855.0 923.0 916.0 996.0
WheatHead 943.0 864.0 1024.0 971.0
WheatHead 222.0 4.0 280.0 68.0
WheatHead 958.0 565.0 1019.0 628.0
WheatHead 942.0 0.0 1001.0 75.0
WheatHead 746.0 0.0 803.0 45.0
WheatHead 0.0 920.0 23.0 1019.0
