WheatHead 809.0 236.0 886.0 320.0
WheatHead 959.0 914.0 1024.0 965.0
WheatHead 109.0 802.0 204.0 866.0
WheatHead 591.0 237.0 681.0 315.0
WheatHead 19.0 652.0 92.0 718.0
WheatHead 974.0 38.0 1024.0 106.0
WheatHead 239.0 782.0 352.0 841.0
WheatHead 236.0 910.0 339.0 973.0
WheatHead 331.0 516.0 424.0 562.0
WheatHead 776.0 595.0 865.0 644.0
WheatHead 301.0 551.0 360.0 629.0
WheatHead 243.0 401.0 339.0 449.0
WheatHead 669.0 901.0 745.0 966.0
WheatHead 466.0 430.0 567.0 471.0
WheatHead 847.0 305.0 917.0 375.0
WheatHead 765.0 678.0 901.0 753.0
WheatHead 424.0 324.0 597.0 383.0
WheatHead 831.0 905.0 962.0 978.0
WheatHead 634.0 337.0 718.0 398.0
WheatHead 102.0 303.0 218.0 385.0
WheatHead 226.0 63.0 376.0 164.0
WheatHead 193.0 529.0 273.0 595.0
WheatHead 304.0 247.0 416.0 341.0
WheatHead 813.0 846.0 888.0 907.0
WheatHead 65.0 925.0 182.0 1003.0
WheatHead 502.0 514.0 576.0 558.0
WheatHead 512.0 614.0 592.0 651.0
WheatHead 566.0 961.0 665.0 1018.0
WheatHead 752.0 307.0 855.0 381.0
WheatHead 441.0 599.0 545.0 666.0
WheatHead 80.0 383.0 166.0 428.0
WheatHead 77.0 674.0 184.0 711.0
WheatHead 159.0 632.0 350.0 683.0
WheatHead 434.0 371.0 495.0 421.0
WheatHead 827.0 57.0 891.0 101.0
WheatHead 359.0 36.0 475.0 90.0
WheatHead 192.0 978.0 262.0 1022.0
WheatHead 32.0 901.0 128.0 943.0
WheatHead 537.0 747.0 641.0 794.0
WheatHead 385.0 984.0 480.0 1021.0
WheatHead 378.0 259.0 449.0 329.0
WheatHead 604.0 554.0 682.0 582.0
WheatHead 107.0 767.0 227.0 800.0
WheatHead 707.0 498.0 783.0 545.0
WheatHead 853.0 0.0 934.0 51.0
WheatHead 210.0 412.0 293.0 457.0
WheatHead 966.0 92.0 1018.0 144.0
WheatHead 2.0 365.0 99.0 420.0
WheatHead 617.0 51.0 731.0 114.0
WheatHead 316.0 988.0 402.0 1017.0
WheatHead 62.0 458.0 146.0 486.0
WheatHead 339.0 738.0 414.0 767.0
WheatHead 57.0 855.0 164.0 894.0
WheatHead 645.0 494.0 708.0 536.0
WheatHead 311.0 683.0 402.0 724.0
WheatHead 708.0 34.0 806.0 96.0
WheatHead 360.0 877.0 445.0 914.0
WheatHead 858.0 656.0 909.0 697.0
WheatHead 5.0 200.0 114.0 262.0
WheatHead 344.0 826.0 433.0 864.0
WheatHead 267.0 17.0 392.0 56.0
WheatHead 477.0 723.0 552.0 763.0
WheatHead 159.0 587.0 277.0 617.0
WheatHead 234.0 337.0 326.0 379.0
WheatHead 434.0 187.0 538.0 239.0
WheatHead 129.0 517.0 240.0 542.0
WheatHead 916.0 738.0 1017.0 777.0
WheatHead 892.0 92.0 929.0 167.0
WheatHead 0.0 775.0 45.0 815.0
WheatHead 618.0 400.0 697.0 452.0
WheatHead 472.0 797.0 542.0 832.0
WheatHead 879.0 132.0 931.0 176.0
WheatHead 544.0 1.0 593.0 19.0
WheatHead 509.0 1007.0 596.0 1024.0
WheatHead 346.0 111.0 454.0 171.0
WheatHead 511.0 18.0 643.0 101.0
WheatHead 669.0 0.0 733.0 46.0
WheatHead 62.0 205.0 178.0 267.0
WheatHead 222.0 307.0 311.0 368.0
WheatHead 432.0 744.0 499.0 810.0
WheatHead 220.0 0.0 293.0 37.0
