WheatHead 739.0 704.0 875.0 798.0
WheatHead 829.0 811.0 926.0 880.0
WheatHead 552.0 468.0 642.0 552.0
WheatHead 919.0 501.0 1024.0 609.0
WheatHead 650.0 903.0 765.0 993.0
WheatHead 373.0 852.0 522.0 980.0
WheatHead 74.0 450.0 160.0 533.0
WheatHead 250.0 130.0 335.0 215.0
WheatHead 312.0 268.0 417.0 353.0
WheatHead 670.0 450.0 747.0 535.0
WheatHead 43.0 616.0 138.0 716.0
WheatHead 394.0 407.0 499.0 509.0
WheatHead 12.0 87.0 92.0 171.0
WheatHead 153.0 368.0 235.0 453.0
WheatHead 936.0 913.0 1024.0 1008.0
WheatHead 852.0 27.0 972.0 103.0
WheatHead 33.0 755.0 120.0 826.0
WheatHead 294.0 796.0 371.0 924.0
WheatHead 684.0 193.0 787.0 267.0
