WheatHead 75.0 486.0 152.0 552.0
WheatHead 32.0 529.0 130.0 593.0
WheatHead 0.0 564.0 62.0 624.0
WheatHead 112.0 258.0 152.0 317.0
WheatHead 157.0 243.0 209.0 302.0
WheatHead 86.0 197.0 208.0 265.0
WheatHead 89.0 44.0 176.0 172.0
WheatHead 6.0 0.0 98.0 102.0
WheatHead 0.0 55.0 15.0 142.0
WheatHead 70.0 645.0 135.0 746.0
WheatHead 175.0 576.0 228.0 660.0
WheatHead 305.0 587.0 348.0 657.0
WheatHead 266.0 718.0 329.0 792.0
WheatHead 144.0 724.0 240.0 836.0
WheatHead 109.0 944.0 168.0 1005.0
WheatHead 265.0 200.0 326.0 250.0
WheatHead 221.0 295.0 275.0 357.0
WheatHead 275.0 292.0 344.0 359.0
WheatHead 311.0 482.0 397.0 549.0
WheatHead 443.0 388.0 518.0 545.0
WheatHead 621.0 641.0 684.0 701.0
WheatHead 604.0 580.0 661.0 641.0
WheatHead 639.0 549.0 701.0 610.0
WheatHead 560.0 357.0 642.0 515.0
WheatHead 520.0 537.0 598.0 628.0
WheatHead 590.0 860.0 698.0 967.0
WheatHead 798.0 813.0 885.0 938.0
WheatHead 713.0 650.0 793.0 720.0
WheatHead 879.0 497.0 940.0 590.0
WheatHead 944.0 408.0 1009.0 492.0
WheatHead 654.0 296.0 789.0 432.0
WheatHead 729.0 441.0 813.0 512.0
WheatHead 792.0 413.0 908.0 548.0
WheatHead 737.0 982.0 815.0 1024.0
WheatHead 828.0 960.0 963.0 1024.0
WheatHead 950.0 933.0 1020.0 1024.0
WheatHead 610.0 60.0 664.0 124.0
WheatHead 464.0 67.0 519.0 145.0
WheatHead 421.0 234.0 485.0 336.0
WheatHead 373.0 90.0 460.0 174.0
WheatHead 380.0 70.0 426.0 120.0
WheatHead 347.0 0.0 407.0 88.0
WheatHead 206.0 0.0 325.0 112.0
WheatHead 269.0 0.0 321.0 92.0
WheatHead 709.0 0.0 778.0 32.0
WheatHead 594.0 0.0 672.0 38.0
WheatHead 701.0 27.0 804.0 81.0
WheatHead 686.0 75.0 744.0 165.0
WheatHead 698.0 149.0 785.0 227.0
WheatHead 798.0 90.0 856.0 161.0
WheatHead 886.0 34.0 952.0 115.0
WheatHead 888.0 0.0 945.0 55.0
WheatHead 843.0 179.0 901.0 242.0
WheatHead 56.0 979.0 119.0 1024.0
WheatHead 0.0 755.0 40.0 789.0
WheatHead 295.0 812.0 335.0 872.0
WheatHead 406.0 337.0 484.0 413.0
WheatHead 309.0 31.0 386.0 150.0
WheatHead 823.0 727.0 873.0 782.0
