WheatHead 854.0 190.0 984.0 282.0
WheatHead 691.0 150.0 813.0 265.0
WheatHead 448.0 188.0 574.0 282.0
WheatHead 380.0 7.0 470.0 88.0
WheatHead 102.0 470.0 271.0 579.0
WheatHead 493.0 474.0 719.0 619.0
WheatHead 360.0 747.0 482.0 939.0
WheatHead 977.0 711.0 1024.0 901.0
WheatHead 800.0 771.0 936.0 948.0
WheatHead 525.0 0.0 607.0 34.0
WheatHead 790.0 0.0 961.0 45.0
WheatHead 995.0 0.0 1024.0 10.0
WheatHead 197.0 125.0 304.0 188.0
WheatHead 178.0 0.0 258.0 61.0
WheatHead 56.0 26.0 141.0 110.0
WheatHead 3.0 176.0 130.0 252.0
WheatHead 204.0 244.0 310.0 335.0
WheatHead 0.0 278.0 79.0 344.0
WheatHead 13.0 438.0 60.0 555.0
WheatHead 658.0 434.0 739.0 485.0
WheatHead 972.0 462.0 1024.0 532.0
WheatHead 803.0 494.0 876.0 586.0
WheatHead 743.0 677.0 805.0 752.0
WheatHead 653.0 681.0 724.0 765.0
WheatHead 504.0 648.0 602.0 723.0
WheatHead 553.0 687.0 635.0 765.0
WheatHead 657.0 809.0 733.0 885.0
WheatHead 751.0 924.0 861.0 1024.0
WheatHead 950.0 593.0 1024.0 668.0
WheatHead 214.0 664.0 279.0 742.0
WheatHead 104.0 780.0 203.0 882.0
WheatHead 201.0 863.0 302.0 1024.0
WheatHead 515.0 956.0 640.0 1024.0
WheatHead 0.0 718.0 87.0 848.0
WheatHead 0.0 606.0 47.0 686.0
WheatHead 2.0 857.0 76.0 983.0
WheatHead 407.0 166.0 487.0 246.0
WheatHead 164.0 190.0 279.0 254.0
