WheatHead 856.0 464.0 939.0 550.0
WheatHead 572.0 400.0 637.0 513.0
WheatHead 671.0 208.0 757.0 309.0
WheatHead 632.0 711.0 727.0 770.0
WheatHead 243.0 498.0 305.0 593.0
WheatHead 113.0 451.0 189.0 537.0
WheatHead 372.0 228.0 468.0 279.0
WheatHead 518.0 613.0 588.0 701.0
WheatHead 517.0 348.0 577.0 434.0
WheatHead 7.0 53.0 114.0 132.0
WheatHead 704.0 38.0 752.0 126.0
WheatHead 32.099998474121094 500.20001220703125 106.0999984741211 574.2000122070312
WheatHead 873.0 902.0 950.0 970.0
WheatHead 924.0 296.0 978.0 372.0
WheatHead 331.0 555.0 420.0 603.0
WheatHead 786.0 604.0 858.0 667.0
WheatHead 315.0 734.0 410.0 838.0
WheatHead 168.0 718.0 282.0 773.0
WheatHead 58.0 268.0 178.0 346.0
WheatHead 456.0 98.0 561.0 203.0
WheatHead 772.0 248.0 809.0 339.0
WheatHead 968.0 460.0 1022.0 614.0
WheatHead 656.0 285.0 723.0 349.0
WheatHead 966.0 106.0 1024.0 175.0
WheatHead 339.0 42.0 418.0 103.0
WheatHead 517.0 301.0 578.0 344.0
WheatHead 898.0 728.0 996.0 784.0
WheatHead 383.0 0.0 448.0 37.0
WheatHead 211.0 652.0 373.0 710.0
WheatHead 958.0 274.0 1024.0 323.0
WheatHead 552.0 951.0 621.0 999.0
WheatHead 830.0 948.0 895.0 996.0
WheatHead 172.0 897.0 264.0 951.0
WheatHead 60.0 904.0 114.0 949.0
WheatHead 501.0 886.0 597.0 950.0
WheatHead 807.0 309.0 910.0 359.0
WheatHead 199.0 491.0 259.0 547.0
WheatHead 199.0 853.0 281.0 900.0
WheatHead 205.0 384.0 265.0 425.0
WheatHead 481.0 895.0 524.0 958.0
WheatHead 728.0 942.0 820.0 990.0
WheatHead 878.0 632.0 939.0 683.0
WheatHead 745.0 593.0 805.0 655.0
WheatHead 304.0 260.0 356.0 334.0
WheatHead 540.0 854.0 626.0 908.0
WheatHead 756.0 348.0 830.0 397.0
WheatHead 486.0 573.0 549.0 647.0
WheatHead 64.0 404.0 140.0 433.0
WheatHead 0.0 643.0 32.0 676.0
WheatHead 430.0 606.0 507.0 650.0
WheatHead 353.0 910.0 400.0 970.0
WheatHead 792.0 985.0 895.0 1024.0
WheatHead 175.0 0.0 250.0 40.0
WheatHead 392.0 891.0 494.0 1008.0
WheatHead 666.0 5.0 704.0 72.0
WheatHead 0.0 501.1000061035156 62.0 553.0999755859375
WheatHead 709.0 988.0 744.0 1024.0
WheatHead 551.0 53.0 638.0 101.0
WheatHead 859.0 565.0 932.0 617.0
WheatHead 387.0 248.0 447.0 309.0
WheatHead 931.0 237.0 999.0 285.0
WheatHead 742.0 566.0 811.0 606.0
WheatHead 881.0 716.0 961.0 752.0
WheatHead 300.0 332.0 437.0 380.0
WheatHead 51.0 901.0 102.0 956.0
WheatHead 240.0 969.0 304.0 1023.0
WheatHead 578.0 993.0 665.0 1024.0
WheatHead 924.0 431.0 978.0 490.0
WheatHead 587.0 514.0 626.0 559.0
WheatHead 741.0 898.0 845.0 947.0
WheatHead 104.0 535.0 303.0 644.0
WheatHead 925.0 992.0 974.0 1021.0
WheatHead 703.0 593.0 750.0 629.0
WheatHead 700.0 537.0 780.0 572.0
WheatHead 501.0 362.0 538.0 433.0
WheatHead 451.0 709.0 516.0 740.0
WheatHead 437.0 690.0 467.0 759.0
WheatHead 864.0 610.0 907.0 642.0
WheatHead 993.0 418.0 1024.0 479.0
WheatHead 995.0 172.0 1024.0 213.0
WheatHead 545.0 91.0 634.0 137.0
WheatHead 79.0 694.0 157.0 740.0
WheatHead 0.0 627.0 48.0 661.0
