WheatHead 52.0 159.0 112.0 247.0
WheatHead 142.0 179.0 287.0 270.0
WheatHead 109.0 271.0 213.0 331.0
WheatHead 0.0 483.0 82.0 567.0
WheatHead 0.0 335.0 60.0 399.0
WheatHead 124.0 354.0 234.0 415.0
WheatHead 111.0 413.0 175.0 490.0
WheatHead 320.0 537.0 385.0 623.0
WheatHead 68.0 595.0 113.0 640.0
WheatHead 80.0 634.0 171.0 792.0
WheatHead 0.0 668.0 48.0 769.0
WheatHead 142.0 827.0 249.0 943.0
WheatHead 62.0 935.0 115.0 1024.0
WheatHead 273.0 849.0 353.0 913.0
WheatHead 290.0 934.0 389.0 1020.0
WheatHead 0.0 824.0 68.0 900.0
WheatHead 0.0 958.0 56.0 1024.0
WheatHead 54.0 0.0 197.0 105.0
WheatHead 786.0 0.0 887.0 129.0
WheatHead 539.0 49.0 621.0 124.0
WheatHead 598.0 35.0 735.0 124.0
WheatHead 688.0 116.0 800.0 188.0
WheatHead 681.0 200.0 751.0 264.0
WheatHead 691.0 246.0 768.0 329.0
WheatHead 630.0 208.0 676.0 263.0
WheatHead 399.0 159.0 520.0 255.0
WheatHead 365.0 250.0 425.0 348.0
WheatHead 294.0 402.0 448.0 477.0
WheatHead 482.0 265.0 583.0 341.0
WheatHead 623.0 292.0 682.0 355.0
WheatHead 668.0 338.0 731.0 399.0
WheatHead 563.0 388.0 672.0 460.0
WheatHead 658.0 425.0 726.0 517.0
WheatHead 464.0 472.0 548.0 550.0
WheatHead 752.0 512.0 802.0 566.0
WheatHead 840.0 448.0 912.0 531.0
WheatHead 436.0 691.0 526.0 755.0
WheatHead 487.0 764.0 559.0 826.0
WheatHead 410.0 781.0 488.0 863.0
WheatHead 674.0 755.0 743.0 826.0
WheatHead 655.0 816.0 715.0 880.0
WheatHead 706.0 808.0 817.0 904.0
WheatHead 792.0 921.0 844.0 998.0
WheatHead 740.0 969.0 790.0 1024.0
WheatHead 591.0 907.0 653.0 985.0
WheatHead 881.0 920.0 950.0 1019.0
WheatHead 941.0 539.0 1024.0 708.0
WheatHead 921.0 389.0 974.0 467.0
WheatHead 972.0 341.0 1024.0 420.0
WheatHead 815.0 297.0 873.0 355.0
WheatHead 979.0 746.0 1024.0 832.0
WheatHead 108.0 641.0 192.0 753.0
