WheatHead 55.0 503.0 250.0 727.0
WheatHead 296.0 318.0 447.0 430.0
WheatHead 256.0 798.0 455.0 1024.0
WheatHead 755.0 455.0 931.0 734.0
WheatHead 23.0 176.0 153.0 307.0
WheatHead 929.0 459.0 1024.0 548.0
WheatHead 788.0 143.0 957.0 258.0
WheatHead 637.0 17.0 791.0 161.0
WheatHead 52.0 911.0 201.0 1024.0
WheatHead 739.0 748.0 875.0 898.0
WheatHead 491.0 576.0 724.0 913.0
WheatHead 637.0 568.0 734.0 634.0
WheatHead 961.0 650.0 1024.0 796.0
WheatHead 578.0 628.0 736.0 706.0
WheatHead 474.0 764.0 818.0 1005.0
WheatHead 180.0 160.0 259.0 262.0
