WheatHead 0.0 15.0 90.0 169.0
WheatHead 204.0 69.0 291.0 169.0
WheatHead 74.0 181.0 157.0 248.0
WheatHead 186.0 248.0 249.0 316.0
WheatHead 206.0 384.0 313.0 488.0
WheatHead 311.0 484.0 482.0 618.0
WheatHead 27.0 521.0 145.0 594.0
WheatHead 0.0 657.0 37.0 722.0
WheatHead 0.0 809.0 121.0 968.0
WheatHead 0.0 714.0 27.0 787.0
WheatHead 208.0 710.0 287.0 801.0
WheatHead 379.0 642.0 647.0 750.0
WheatHead 616.0 518.0 700.0 624.0
WheatHead 427.0 321.0 531.0 502.0
WheatHead 521.0 96.0 598.0 181.0
WheatHead 352.0 137.0 435.0 234.0
WheatHead 431.0 0.0 502.0 116.0
WheatHead 649.0 125.0 716.0 224.0
WheatHead 760.0 210.0 882.0 454.0
WheatHead 805.0 545.0 941.0 661.0
WheatHead 770.0 612.0 858.0 718.0
WheatHead 646.0 716.0 823.0 809.0
WheatHead 551.0 793.0 626.0 858.0
WheatHead 403.0 825.0 476.0 945.0
WheatHead 260.0 925.0 356.0 1017.0
WheatHead 161.0 982.0 271.0 1024.0
WheatHead 724.0 823.0 852.0 958.0
WheatHead 891.0 990.0 966.0 1024.0
WheatHead 980.0 817.0 1024.0 929.0
WheatHead 956.0 677.0 1024.0 799.0
WheatHead 905.0 195.0 992.0 279.0
WheatHead 935.0 17.0 1024.0 114.0
