WheatHead 0.0 238.0 74.0 346.0
WheatHead 0.0 0.0 73.0 33.0
WheatHead 24.0 112.0 152.0 176.0
WheatHead 965.0 38.0 1024.0 140.0
WheatHead 874.0 71.0 947.0 156.0
WheatHead 837.0 0.0 905.0 55.0
WheatHead 950.0 192.0 1024.0 247.0
WheatHead 536.0 0.0 655.0 41.0
WheatHead 452.0 5.0 538.0 72.0
WheatHead 378.0 85.0 445.0 169.0
WheatHead 569.0 117.0 645.0 203.0
WheatHead 698.0 185.0 782.0 256.0
WheatHead 635.0 228.0 701.0 289.0
WheatHead 760.0 236.0 860.0 312.0
WheatHead 849.0 203.0 925.0 269.0
WheatHead 657.0 293.0 763.0 354.0
WheatHead 968.0 344.0 1024.0 417.0
WheatHead 830.0 486.0 906.0 571.0
WheatHead 713.0 384.0 794.0 454.0
WheatHead 542.0 394.0 648.0 473.0
WheatHead 618.0 489.0 671.0 568.0
WheatHead 564.0 496.0 618.0 577.0
WheatHead 764.0 533.0 825.0 607.0
WheatHead 711.0 615.0 778.0 664.0
WheatHead 393.0 434.0 487.0 506.0
WheatHead 279.0 227.0 372.0 294.0
WheatHead 143.0 452.0 223.0 516.0
WheatHead 303.0 500.0 376.0 609.0
WheatHead 388.0 545.0 467.0 651.0
WheatHead 129.0 229.0 211.0 293.0
WheatHead 90.0 313.0 170.0 382.0
WheatHead 191.0 170.0 275.0 240.0
WheatHead 258.0 135.0 313.0 193.0
WheatHead 488.0 705.0 577.0 780.0
WheatHead 112.0 746.0 318.0 859.0
WheatHead 271.0 787.0 373.0 917.0
WheatHead 518.0 778.0 678.0 852.0
WheatHead 677.0 735.0 795.0 814.0
WheatHead 519.0 853.0 632.0 1000.0
WheatHead 449.0 850.0 531.0 937.0
WheatHead 321.0 925.0 409.0 1004.0
WheatHead 233.0 880.0 351.0 984.0
WheatHead 185.0 844.0 249.0 922.0
WheatHead 98.0 915.0 177.0 1000.0
WheatHead 0.0 948.0 80.0 1024.0
WheatHead 231.0 992.0 305.0 1024.0
WheatHead 681.0 890.0 755.0 969.0
WheatHead 770.0 955.0 884.0 1024.0
WheatHead 829.0 891.0 931.0 961.0
WheatHead 881.0 973.0 986.0 1022.0
WheatHead 1003.0 915.0 1024.0 979.0
WheatHead 918.0 786.0 1024.0 900.0
WheatHead 880.0 693.0 992.0 783.0
WheatHead 0.0 737.0 58.0 810.0
WheatHead 0.0 425.0 49.0 489.0
WheatHead 658.0 26.0 737.0 120.0
WheatHead 923.0 439.0 995.0 530.0
WheatHead 203.0 106.0 248.0 176.0
WheatHead 394.0 960.0 486.0 997.0
WheatHead 381.0 932.0 482.0 970.0
WheatHead 756.0 694.0 839.0 760.0
WheatHead 545.0 380.0 623.0 436.0
WheatHead 825.0 414.0 867.0 455.0
