WheatHead 36.0 62.0 128.0 187.0
WheatHead 223.0 436.0 309.0 527.0
WheatHead 946.0 684.0 1010.0 779.0
WheatHead 416.0 522.0 476.0 617.0
WheatHead 197.0 0.0 284.0 76.0
WheatHead 60.0 502.0 132.0 581.0
WheatHead 307.0 405.0 364.0 491.0
WheatHead 405.0 501.0 484.0 559.0
WheatHead 364.0 849.0 445.0 931.0
WheatHead 996.0 557.0 1024.0 647.0
WheatHead 334.0 68.0 439.0 171.0
WheatHead 293.0 176.0 331.0 251.0
WheatHead 191.0 305.0 287.0 377.0
WheatHead 31.0 566.0 141.0 614.0
WheatHead 559.0 151.0 618.0 242.0
WheatHead 910.0 751.0 995.0 827.0
WheatHead 524.0 615.0 582.0 689.0
WheatHead 592.0 563.0 685.0 615.0
WheatHead 861.0 1.0 939.0 66.0
WheatHead 925.0 914.0 998.0 985.0
WheatHead 344.0 8.0 440.0 55.0
WheatHead 847.0 120.0 928.0 169.0
WheatHead 559.0 577.0 659.0 640.0
WheatHead 718.0 464.0 745.0 544.0
WheatHead 460.0 706.0 556.0 768.0
WheatHead 23.0 225.0 94.0 274.0
WheatHead 383.0 62.0 474.0 130.0
WheatHead 352.0 498.0 406.0 570.0
WheatHead 710.0 723.0 784.0 830.0
WheatHead 558.0 777.0 661.0 850.0
WheatHead 120.0 713.0 280.0 831.0
WheatHead 696.0 656.0 788.0 759.0
WheatHead 970.0 823.0 1024.0 887.0
WheatHead 410.0 275.0 481.0 324.0
WheatHead 584.0 970.0 727.0 1011.0
WheatHead 146.0 929.0 228.0 968.0
WheatHead 176.0 594.0 281.0 659.0
WheatHead 45.0 278.0 146.0 341.0
WheatHead 559.0 697.0 593.0 764.0
WheatHead 249.0 589.0 363.0 646.0
WheatHead 861.0 571.0 933.0 613.0
WheatHead 948.0 592.0 1014.0 655.0
WheatHead 512.0 931.0 567.0 978.0
WheatHead 944.0 630.0 998.0 690.0
WheatHead 603.0 0.0 660.0 53.0
WheatHead 748.0 557.0 841.0 621.0
WheatHead 247.0 729.0 329.0 765.0
WheatHead 270.0 638.0 376.0 678.0
WheatHead 517.0 503.0 581.0 559.0
WheatHead 989.0 638.0 1024.0 705.0
WheatHead 187.0 1004.0 247.0 1024.0
WheatHead 668.0 530.0 742.0 605.0
WheatHead 359.70001220703125 301.1000061035156 444.29998779296875 367.79998779296875
WheatHead 0.0 853.0 49.0 910.0
WheatHead 833.0 901.0 889.0 943.0
WheatHead 570.0 524.0 659.0 567.0
WheatHead 756.0 0.0 836.0 26.0
WheatHead 302.0 259.0 438.0 332.0
WheatHead 336.0 390.0 435.0 432.0
WheatHead 0.0 225.0 45.0 286.0
WheatHead 674.0 472.0 726.0 531.0
WheatHead 617.0 648.0 693.0 677.0
WheatHead 655.0 615.0 758.0 672.0
WheatHead 640.0 543.0 710.0 608.0
