WheatHead 1004.0 520.0 1024.0 613.0
WheatHead 95.0 65.0 189.0 136.0
WheatHead 685.0 319.0 798.0 406.0
WheatHead 879.0 368.0 983.0 484.0
WheatHead 816.0 880.0 883.0 955.0
WheatHead 826.0 845.0 906.0 918.0
WheatHead 129.0 334.0 219.0 395.0
WheatHead 468.0 540.0 544.0 600.0
WheatHead 35.0 109.0 157.0 195.0
WheatHead 596.0 350.0 686.0 458.0
WheatHead 166.0 453.0 252.0 527.0
WheatHead 644.0 512.0 778.0 555.0
WheatHead 219.0 110.0 319.0 206.0
WheatHead 180.0 166.0 263.0 233.0
WheatHead 281.0 191.0 371.0 304.0
WheatHead 159.0 480.0 237.0 550.0
WheatHead 512.0 259.0 589.0 334.0
WheatHead 68.0 79.0 158.0 166.0
WheatHead 831.0 714.0 932.0 809.0
WheatHead 273.0 607.0 360.0 686.0
WheatHead 1.0 834.0 113.0 921.0
WheatHead 690.0 361.0 776.0 458.0
WheatHead 947.0 537.0 1003.0 649.0
WheatHead 989.0 753.0 1024.0 806.0
WheatHead 147.0 813.0 278.0 875.0
WheatHead 806.0 4.0 872.0 60.0
WheatHead 443.0 929.0 552.0 991.0
WheatHead 25.0 756.0 148.0 851.0
WheatHead 985.0 409.0 1024.0 479.0
WheatHead 935.0 884.0 999.0 955.0
WheatHead 931.0 0.0 1017.0 47.0
WheatHead 876.0 10.0 942.0 58.0
WheatHead 606.0 51.0 684.0 120.0
WheatHead 562.0 664.0 658.0 708.0
WheatHead 674.0 376.0 750.0 466.0
WheatHead 320.0 397.0 428.0 465.0
WheatHead 34.0 907.0 132.0 942.0
WheatHead 290.0 978.0 393.0 1013.0
WheatHead 514.0 341.0 585.0 453.0
WheatHead 79.0 491.0 228.0 596.0
WheatHead 233.0 5.0 363.0 135.0
WheatHead 226.0 72.0 341.0 167.0
WheatHead 252.0 479.0 342.0 520.0
WheatHead 2.0 477.0 92.0 525.0
WheatHead 707.0 891.0 800.0 947.0
WheatHead 496.0 425.0 641.7999877929688 497.70001220703125
WheatHead 80.0 987.0 172.0 1021.0
WheatHead 90.0 696.0 226.0 783.0
WheatHead 671.0 643.0 756.0 688.0
WheatHead 621.0 548.0 649.0 641.0
WheatHead 621.0 880.0 694.0 924.0
WheatHead 774.0 595.0 888.0 704.0
WheatHead 0.0 995.0 38.0 1022.0
WheatHead 393.0 565.0 451.0 628.0
WheatHead 197.0 32.0 299.0 92.0
WheatHead 58.0 522.0 185.0 587.0
WheatHead 234.0 378.0 344.0 425.0
WheatHead 525.0 303.0 600.0 368.0
WheatHead 951.0 535.0 1014.0 621.0
WheatHead 0.0 528.0 49.0 587.0
WheatHead 681.0 0.0 744.0 45.0
WheatHead 203.0 929.0 312.0 1024.0
WheatHead 487.0 637.0 569.0 673.0
WheatHead 424.0 548.0 483.0 592.0
WheatHead 159.0 595.0 210.0 690.0
WheatHead 139.0 0.0 185.0 32.0
WheatHead 116.0 873.0 206.0 898.0
WheatHead 144.0 775.0 219.0 828.0
WheatHead 39.0 841.0 180.0 880.0
WheatHead 637.0 671.0 726.0 720.0
WheatHead 705.0 705.0 805.0 748.0
WheatHead 297.0 610.0 400.0 648.0
WheatHead 841.0 983.0 892.0 1019.0
WheatHead 337.0 588.0 441.0 647.0
WheatHead 371.0 841.0 424.0 896.0
WheatHead 389.0 884.0 483.0 943.0
WheatHead 678.0 906.0 718.0 970.0
WheatHead 860.0 999.0 968.0 1024.0
WheatHead 250.0 973.0 342.0 1024.0
