WheatHead 300.0 821.0 374.0 897.0
WheatHead 547.0 4.0 617.0 72.0
WheatHead 795.0 868.0 866.0 959.0
WheatHead 888.0 869.0 943.0 965.0
WheatHead 481.0 387.0 592.0 432.0
WheatHead 327.0 238.0 434.0 294.0
WheatHead 976.0 4.0 1024.0 92.0
WheatHead 651.0 337.0 735.0 398.0
WheatHead 944.0 651.0 1021.0 705.0
WheatHead 633.0 625.0 674.0 748.0
WheatHead 117.0 962.0 199.0 1021.0
WheatHead 406.0 651.0 461.0 719.0
WheatHead 464.0 103.0 558.0 187.0
WheatHead 270.0 244.0 390.0 345.0
WheatHead 438.0 345.0 464.0 450.0
WheatHead 472.0 603.0 540.0 649.0
WheatHead 83.0 1.0 158.0 57.0
WheatHead 446.0 465.0 552.0 505.0
WheatHead 356.0 436.0 424.0 543.0
WheatHead 262.0 928.0 326.0 1002.0
WheatHead 266.0 740.0 365.0 770.0
WheatHead 533.0 430.0 649.0 499.0
WheatHead 245.0 363.0 363.0 410.0
WheatHead 424.0 901.0 479.0 968.0
WheatHead 774.0 735.0 851.0 775.0
WheatHead 559.0 125.0 637.0 167.0
WheatHead 875.0 92.0 1024.0 138.0
WheatHead 379.0 42.0 456.0 83.0
WheatHead 521.0 331.0 592.0 421.0
WheatHead 854.0 439.0 916.0 484.0
WheatHead 271.0 286.0 337.0 376.0
WheatHead 364.0 178.0 408.0 258.0
WheatHead 90.0 749.0 197.0 800.0
WheatHead 608.0 0.0 659.0 24.0
WheatHead 0.0 827.0 73.0 860.0
WheatHead 48.0 64.0 99.0 117.0
WheatHead 90.0 658.0 180.0 770.0
WheatHead 593.0 785.0 706.0 845.0
WheatHead 0.0 496.0 96.0 544.0
WheatHead 782.0 283.0 906.0 404.0
WheatHead 481.0 77.0 544.0 133.0
WheatHead 613.0 883.0 735.0 996.0
WheatHead 6.0 868.0 102.0 895.0
WheatHead 783.0 1.0 826.0 32.0
WheatHead 816.0 196.0 942.0 352.0
WheatHead 779.0 672.0 837.0 715.0
WheatHead 638.0 122.0 769.0 187.0
WheatHead 771.0 106.0 832.0 148.0
WheatHead 753.0 776.0 816.0 804.0
WheatHead 830.0 472.0 932.0 549.0
WheatHead 30.0 633.0 126.0 704.0
WheatHead 114.0 883.0 192.0 914.0
WheatHead 115.0 589.0 180.0 619.0
WheatHead 996.0 249.0 1022.0 322.0
WheatHead 589.0 655.0 638.0 704.0
WheatHead 6.0 4.0 101.0 47.0
WheatHead 936.0 1002.0 970.0 1024.0
WheatHead 16.0 76.0 51.0 135.0
WheatHead 148.0 447.0 193.0 513.0
WheatHead 626.0 507.0 772.0 599.0
WheatHead 102.0 901.0 185.0 918.0
WheatHead 230.0 771.0 343.0 813.0
WheatHead 279.0 440.0 384.0 528.0
WheatHead 175.0 797.0 300.0 842.0
