WheatHead 185.0 0.0 245.0 63.0
WheatHead 78.0 519.0 157.0 603.0
WheatHead 152.0 434.0 215.0 501.0
WheatHead 30.0 359.0 87.0 436.0
WheatHead 252.0 306.0 383.0 398.0
WheatHead 205.0 259.0 288.0 323.0
WheatHead 197.0 197.0 254.0 265.0
WheatHead 309.0 460.0 451.0 567.0
WheatHead 374.0 419.0 458.0 487.0
WheatHead 426.0 352.0 490.0 422.0
WheatHead 482.0 318.0 548.0 381.0
WheatHead 208.0 670.0 290.0 776.0
WheatHead 37.0 942.0 88.0 996.0
WheatHead 12.0 877.0 107.0 944.0
WheatHead 448.0 58.0 514.0 130.0
WheatHead 727.0 0.0 804.0 59.0
WheatHead 849.0 0.0 912.0 57.0
WheatHead 674.0 325.0 744.0 388.0
WheatHead 567.0 405.0 644.0 469.0
WheatHead 674.0 496.0 753.0 557.0
WheatHead 560.0 583.0 661.0 700.0
WheatHead 747.0 608.0 813.0 702.0
WheatHead 883.0 487.0 955.0 548.0
WheatHead 563.0 938.0 649.0 1020.0
WheatHead 788.0 886.0 934.0 970.0
WheatHead 780.0 962.0 879.0 1024.0
WheatHead 852.0 965.0 927.0 1015.0
WheatHead 956.0 938.0 1024.0 1001.0
WheatHead 980.0 342.0 1023.0 417.0
WheatHead 960.0 490.0 1021.0 554.0
WheatHead 0.0 507.0 70.0 567.0
WheatHead 1001.0 532.0 1024.0 594.0
