WheatHead 186.0 0.0 265.0 54.0
WheatHead 25.0 0.0 101.0 184.0
WheatHead 55.0 93.0 152.0 170.0
WheatHead 76.0 156.0 145.0 317.0
WheatHead 29.0 232.0 94.0 345.0
WheatHead 369.0 157.0 453.0 306.0
WheatHead 535.0 41.0 626.0 136.0
WheatHead 519.0 114.0 587.0 182.0
WheatHead 158.0 456.0 225.0 519.0
WheatHead 246.0 485.0 389.0 552.0
WheatHead 10.0 725.0 112.0 784.0
WheatHead 82.0 786.0 153.0 864.0
WheatHead 170.0 765.0 244.0 833.0
WheatHead 368.0 623.0 442.0 711.0
WheatHead 256.0 838.0 349.0 906.0
WheatHead 272.0 891.0 345.0 967.0
WheatHead 230.0 969.0 339.0 1024.0
WheatHead 480.0 933.0 575.0 1015.0
WheatHead 393.0 892.0 472.0 982.0
WheatHead 354.0 838.0 425.0 904.0
WheatHead 419.0 747.0 514.0 882.0
WheatHead 510.0 712.0 714.0 878.0
WheatHead 644.0 712.0 709.0 788.0
WheatHead 582.0 899.0 654.0 979.0
WheatHead 647.0 916.0 720.0 979.0
WheatHead 715.0 897.0 836.0 1008.0
WheatHead 867.0 946.0 948.0 1024.0
WheatHead 975.0 825.0 1024.0 954.0
WheatHead 847.0 726.0 932.0 839.0
WheatHead 850.0 627.0 939.0 727.0
WheatHead 977.0 597.0 1024.0 731.0
WheatHead 973.0 483.0 1024.0 563.0
WheatHead 819.0 493.0 899.0 557.0
WheatHead 732.0 545.0 799.0 636.0
WheatHead 559.0 496.0 652.0 579.0
WheatHead 675.0 421.0 823.0 493.0
WheatHead 687.0 306.0 773.0 397.0
WheatHead 737.0 98.0 820.0 163.0
WheatHead 659.0 119.0 779.0 228.0
WheatHead 619.0 0.0 672.0 44.0
WheatHead 954.0 195.0 1020.0 319.0
WheatHead 909.0 0.0 1024.0 63.0
WheatHead 2.0 612.0 65.0 693.0
WheatHead 224.0 543.0 355.0 595.0
WheatHead 3.0 369.0 64.0 445.0
WheatHead 267.0 0.0 343.0 18.0
