WheatHead 234.0 501.0 306.0 573.0
WheatHead 639.0 669.0 757.0 752.0
WheatHead 452.0 80.0 565.0 167.0
WheatHead 622.0 153.0 802.0 241.0
WheatHead 238.0 791.0 329.0 872.0
WheatHead 44.0 51.0 113.0 162.0
WheatHead 222.0 122.0 281.0 212.0
WheatHead 925.0 529.0 1024.0 629.0
WheatHead 386.0 642.0 527.0 732.0
WheatHead 466.0 349.0 581.0 478.0
WheatHead 358.0 430.0 445.0 499.0
WheatHead 340.0 74.0 426.0 192.0
WheatHead 604.0 368.0 737.0 437.0
WheatHead 358.0 914.0 441.0 1012.0
WheatHead 606.0 417.0 691.0 483.0
WheatHead 622.0 841.0 780.0 935.0
WheatHead 684.0 2.0 787.0 71.0
WheatHead 0.0 2.0 84.0 71.0
WheatHead 907.0 172.0 995.0 238.0
WheatHead 888.0 258.0 977.0 325.0
WheatHead 427.0 541.0 524.0 636.0
WheatHead 0.0 501.0 2.0 645.0
