WheatHead 33.0 227.0 121.0 296.0
WheatHead 207.0 157.0 283.0 251.0
WheatHead 128.0 457.0 190.0 530.0
WheatHead 234.0 328.0 361.0 435.0
WheatHead 268.0 265.0 374.0 342.0
WheatHead 354.0 307.0 455.0 372.0
WheatHead 406.0 293.0 564.0 425.0
WheatHead 572.0 250.0 656.0 317.0
WheatHead 797.0 358.0 906.0 467.0
WheatHead 682.0 507.0 748.0 580.0
WheatHead 145.0 612.0 207.0 693.0
WheatHead 147.0 742.0 244.0 822.0
WheatHead 144.0 817.0 224.0 904.0
WheatHead 267.0 862.0 336.0 941.0
WheatHead 329.0 886.0 387.0 992.0
WheatHead 381.0 879.0 470.0 940.0
WheatHead 442.0 898.0 534.0 971.0
WheatHead 524.0 890.0 598.0 988.0
WheatHead 731.0 811.0 801.0 890.0
WheatHead 641.0 697.0 711.0 771.0
WheatHead 724.0 625.0 796.0 806.0
WheatHead 739.0 725.0 839.0 803.0
WheatHead 801.0 674.0 908.0 813.0
WheatHead 848.0 766.0 913.0 827.0
WheatHead 833.0 550.0 885.0 669.0
WheatHead 895.0 916.0 994.0 980.0
WheatHead 941.0 894.0 1019.0 937.0
WheatHead 919.0 968.0 993.0 1024.0
WheatHead 964.0 355.0 1024.0 437.0
WheatHead 835.0 176.0 935.0 300.0
WheatHead 890.0 17.0 992.0 125.0
WheatHead 179.0 2.0 267.0 111.0
WheatHead 777.0 816.0 849.0 906.0
WheatHead 498.0 245.0 591.0 319.0
WheatHead 217.0 0.0 302.0 45.0
WheatHead 379.0 0.0 432.0 36.0
WheatHead 580.0 0.0 640.0 26.0
WheatHead 841.0 0.0 921.0 36.0
WheatHead 461.0 863.0 545.0 984.0
WheatHead 993.0 650.0 1024.0 725.0
WheatHead 973.0 694.0 1001.0 738.0
WheatHead 1010.0 932.0 1024.0 987.0
WheatHead 344.0 626.0 417.0 712.0
WheatHead 31.0 872.0 90.0 937.0
