WheatHead 0.0 0.0 123.0 56.0
WheatHead 299.0 77.0 413.0 176.0
WheatHead 745.0 954.0 813.0 1022.0
WheatHead 847.0 819.0 933.0 894.0
WheatHead 644.0 192.0 734.0 241.0
WheatHead 252.0 559.0 348.0 613.0
WheatHead 8.0 173.0 113.0 261.0
WheatHead 331.0 435.0 435.0 493.0
WheatHead 873.0 237.0 935.0 318.0
WheatHead 111.0 229.0 216.0 296.0
WheatHead 832.0 580.0 907.0 633.0
WheatHead 158.0 179.0 265.0 254.0
WheatHead 376.0 221.0 446.0 277.0
WheatHead 834.0 305.0 925.0 367.0
WheatHead 412.0 286.0 497.0 348.0
WheatHead 188.0 616.0 296.0 672.0
WheatHead 367.0 550.0 435.0 600.0
WheatHead 480.0 206.0 533.0 307.0
WheatHead 569.0 229.0 664.0 282.0
WheatHead 507.0 129.0 600.0 176.0
WheatHead 701.0 139.0 768.0 182.0
WheatHead 145.0 509.0 240.0 558.0
WheatHead 360.0 708.0 458.0 745.0
WheatHead 498.0 613.0 591.0 655.0
WheatHead 2.0 329.0 103.0 368.0
WheatHead 312.0 557.0 391.0 603.0
WheatHead 575.0 584.0 746.0 624.0
WheatHead 289.0 918.0 408.0 959.0
WheatHead 489.0 908.0 622.0 944.0
WheatHead 615.0 196.0 677.0 258.0
WheatHead 696.0 614.0 787.0 651.0
WheatHead 880.0 363.0 954.0 422.0
WheatHead 848.0 642.0 943.0 678.0
WheatHead 70.0 873.0 184.0 907.0
WheatHead 0.0 191.0 60.0 249.0
WheatHead 678.0 542.0 750.0 574.0
WheatHead 836.0 943.0 944.0 974.0
WheatHead 0.0 215.0 15.0 305.0
WheatHead 486.0 299.0 555.0 326.0
WheatHead 304.0 869.0 375.0 928.0
WheatHead 212.0 648.0 348.0 717.0
WheatHead 480.0 670.0 532.0 745.0
WheatHead 508.0 985.0 580.0 1014.0
WheatHead 815.0 365.0 866.0 404.0
WheatHead 427.0 155.0 495.0 215.0
WheatHead 587.0 281.0 711.0 334.0
WheatHead 920.0 241.0 983.0 283.0
WheatHead 978.0 266.0 1024.0 297.0
WheatHead 627.0 659.0 723.0 694.0
WheatHead 387.0 587.0 431.0 647.0
WheatHead 378.0 951.0 471.0 995.0
WheatHead 370.0 511.0 453.0 544.0
WheatHead 857.0 987.0 910.0 1017.0
WheatHead 975.0 988.0 1024.0 1015.0
WheatHead 0.0 983.0 51.0 1013.0
WheatHead 0.0 877.0 72.0 920.0
WheatHead 625.0 783.0 689.0 801.0
WheatHead 485.0 198.0 611.0 238.0
WheatHead 578.0 159.0 614.0 225.0
WheatHead 419.0 954.0 506.0 973.0
WheatHead 0.0 659.0 75.0 692.0
WheatHead 83.0 0.0 166.0 19.0
WheatHead 207.0 596.0 333.0 632.0
WheatHead 191.0 966.0 259.0 1011.0
WheatHead 455.0 655.0 548.0 701.0
WheatHead 336.0 971.0 427.0 1008.0
WheatHead 444.0 1003.0 522.0 1024.0
WheatHead 381.0 927.0 514.0 978.0
WheatHead 562.0 843.0 720.0 890.0
WheatHead 437.0 489.0 509.0 537.0
WheatHead 497.0 479.0 710.0 615.0
WheatHead 529.0 554.0 590.0 623.0
WheatHead 93.0 130.0 254.0 244.0
