WheatHead 668.0 252.0 727.0 323.0
WheatHead 722.0 222.0 780.0 292.0
WheatHead 802.0 198.0 861.0 256.0
WheatHead 818.0 47.0 901.0 142.0
WheatHead 879.0 64.0 983.0 136.0
WheatHead 945.0 0.0 1024.0 64.0
WheatHead 652.0 34.0 743.0 97.0
WheatHead 611.0 54.0 678.0 115.0
WheatHead 615.0 12.0 662.0 66.0
WheatHead 502.0 128.0 537.0 165.0
WheatHead 524.0 141.0 605.0 207.0
WheatHead 982.0 150.0 1024.0 227.0
WheatHead 546.0 427.0 629.0 549.0
WheatHead 295.0 63.0 366.0 130.0
WheatHead 84.0 84.0 155.0 131.0
WheatHead 46.0 30.0 121.0 84.0
WheatHead 105.0 0.0 173.0 60.0
WheatHead 0.0 59.0 67.0 140.0
WheatHead 137.0 233.0 198.0 301.0
WheatHead 113.0 309.0 194.0 371.0
WheatHead 484.0 617.0 578.0 685.0
WheatHead 418.0 659.0 497.0 736.0
WheatHead 355.0 619.0 429.0 670.0
WheatHead 223.0 613.0 305.0 676.0
WheatHead 231.0 710.0 313.0 760.0
WheatHead 182.0 743.0 262.0 809.0
WheatHead 348.0 721.0 448.0 787.0
WheatHead 376.0 781.0 462.0 832.0
WheatHead 491.0 742.0 585.0 816.0
WheatHead 569.0 737.0 662.0 806.0
WheatHead 630.0 623.0 695.0 712.0
WheatHead 686.0 623.0 756.0 712.0
WheatHead 809.0 603.0 882.0 670.0
WheatHead 879.0 596.0 952.0 656.0
WheatHead 862.0 731.0 957.0 781.0
WheatHead 879.0 743.0 936.0 806.0
WheatHead 905.0 781.0 994.0 870.0
WheatHead 841.0 832.0 920.0 886.0
WheatHead 805.0 748.0 858.0 835.0
WheatHead 834.0 885.0 910.0 974.0
WheatHead 897.0 905.0 962.0 953.0
WheatHead 972.0 899.0 1024.0 993.0
WheatHead 0.0 912.0 102.0 966.0
WheatHead 0.0 863.0 84.0 906.0
WheatHead 19.0 793.0 89.0 855.0
WheatHead 126.0 792.0 203.0 862.0
WheatHead 195.0 837.0 294.0 947.0
WheatHead 263.0 864.0 307.0 908.0
WheatHead 307.0 819.0 380.0 873.0
WheatHead 265.0 796.0 305.0 832.0
WheatHead 304.0 946.0 415.0 1011.0
WheatHead 265.0 908.0 308.0 963.0
WheatHead 550.0 899.0 621.0 955.0
WheatHead 584.0 957.0 723.0 1020.0
WheatHead 716.0 819.0 798.0 905.0
WheatHead 657.0 751.0 730.0 855.0
WheatHead 462.0 855.0 534.0 923.0
WheatHead 448.0 832.0 497.0 881.0
