WheatHead 252.0 768.0 316.0 851.0
WheatHead 103.0 760.0 181.0 843.0
WheatHead 647.0 604.0 767.0 671.0
WheatHead 794.0 368.0 845.0 453.0
WheatHead 974.0 289.0 1024.0 391.0
WheatHead 0.0 517.0 20.0 602.0
WheatHead 737.0 600.0 877.0 679.0
WheatHead 0.0 438.0 76.0 507.0
WheatHead 299.0 236.0 345.0 314.0
WheatHead 700.0 375.0 731.0 484.0
WheatHead 150.0 849.0 285.0 903.0
WheatHead 510.0 96.0 611.0 184.0
WheatHead 974.0 461.0 1000.0 577.0
WheatHead 420.0 503.0 505.0 582.0
WheatHead 817.0 510.0 894.0 591.0
WheatHead 607.0 206.0 633.0 271.0
WheatHead 643.0 816.0 720.0 872.0
WheatHead 679.0 32.0 737.0 70.0
WheatHead 765.0 143.0 800.0 229.0
WheatHead 0.0 506.0 31.0 577.0
WheatHead 83.0 423.0 181.0 503.0
WheatHead 521.0 793.0 582.0 846.0
WheatHead 64.0 633.0 132.0 686.0
WheatHead 580.0 757.0 645.0 805.0
WheatHead 252.0 746.0 330.0 789.0
WheatHead 667.0 872.0 715.0 946.0
WheatHead 259.0 592.0 341.0 659.0
WheatHead 591.0 918.0 656.0 962.0
WheatHead 215.0 610.0 258.0 697.0
WheatHead 486.0 32.0 589.0 64.0
WheatHead 131.3000030517578 549.5 269.79998779296875 591.0999755859375
WheatHead 707.0 472.0 757.0 537.0
WheatHead 507.0 909.0 569.0 933.0
WheatHead 618.0 600.0 671.0 786.0
WheatHead 94.0 876.0 125.0 936.0
WheatHead 121.0 262.0 169.0 320.0
WheatHead 749.0 926.0 857.0 958.0
WheatHead 16.0 931.0 168.0 974.0
WheatHead 577.0 547.0 637.0 607.0
WheatHead 688.0 267.0 714.0 322.0
WheatHead 988.0 54.0 1024.0 98.0
WheatHead 323.0 312.0 527.0 486.0
WheatHead 602.0 300.0 653.0 352.0
WheatHead 970.0 644.0 1024.0 711.0
WheatHead 869.0 961.0 943.0 984.0
WheatHead 582.0 1.0 621.0 28.0
WheatHead 521.0 319.0 565.0 344.0
WheatHead 0.0 475.0 40.0 499.0
WheatHead 428.0 602.0 472.0 644.0
WheatHead 79.0 249.0 125.0 303.0
WheatHead 221.0 329.0 296.0 370.0
WheatHead 421.0 0.0 492.0 24.0
WheatHead 117.0 506.0 171.0 542.0
WheatHead 108.0 485.0 184.0 525.0
WheatHead 860.0 922.0 902.0 959.0
