WheatHead 0.0 0.0 47.0 17.0
WheatHead 234.0 94.0 299.0 222.0
WheatHead 295.0 173.0 374.0 240.0
WheatHead 132.0 185.0 222.0 253.0
WheatHead 23.0 173.0 128.0 374.0
WheatHead 128.0 305.0 220.0 381.0
WheatHead 218.0 309.0 305.0 429.0
WheatHead 183.0 377.0 265.0 458.0
WheatHead 305.0 328.0 352.0 411.0
WheatHead 313.0 301.0 397.0 368.0
WheatHead 321.0 248.0 386.0 318.0
WheatHead 395.0 253.0 512.0 427.0
WheatHead 608.0 58.0 683.0 157.0
WheatHead 665.0 67.0 819.0 145.0
WheatHead 768.0 17.0 921.0 92.0
WheatHead 799.0 173.0 884.0 291.0
WheatHead 673.0 242.0 844.0 340.0
WheatHead 632.0 279.0 714.0 453.0
WheatHead 683.0 350.0 789.0 490.0
WheatHead 817.0 395.0 866.0 474.0
WheatHead 838.0 323.0 919.0 413.0
WheatHead 653.0 488.0 748.0 590.0
WheatHead 667.0 679.0 852.0 754.0
WheatHead 572.0 709.0 673.0 854.0
WheatHead 362.0 705.0 464.0 799.0
WheatHead 518.0 679.0 592.0 744.0
WheatHead 437.0 590.0 518.0 659.0
WheatHead 256.0 581.0 323.0 707.0
WheatHead 188.0 600.0 251.0 732.0
WheatHead 94.0 765.0 151.0 858.0
WheatHead 0.0 925.0 43.0 1008.0
WheatHead 4.0 687.0 74.0 886.0
WheatHead 323.0 889.0 401.0 1024.0
WheatHead 466.0 838.0 581.0 917.0
WheatHead 486.0 945.0 566.0 1024.0
WheatHead 596.0 852.0 667.0 927.0
WheatHead 646.0 900.0 707.0 982.0
WheatHead 689.0 795.0 785.0 889.0
WheatHead 795.0 763.0 900.0 828.0
WheatHead 799.0 830.0 974.0 903.0
WheatHead 803.0 864.0 896.0 1024.0
WheatHead 968.0 783.0 1024.0 872.0
WheatHead 1002.0 358.0 1024.0 488.0
WheatHead 1000.0 193.0 1024.0 242.0
WheatHead 0.0 822.0 19.0 919.0
WheatHead 361.0 609.0 472.0 652.0
WheatHead 265.0 221.0 314.0 298.0
