WheatHead 297.0 307.0 554.0 382.0
WheatHead 838.0 69.0 984.0 189.0
WheatHead 0.0 367.0 66.0 476.0
WheatHead 520.0 106.0 781.0 235.0
WheatHead 469.0 351.0 665.0 445.0
WheatHead 119.0 492.0 257.0 575.0
WheatHead 695.0 53.0 783.0 128.0
WheatHead 76.0 937.0 199.0 1024.0
WheatHead 7.0 806.0 178.0 901.0
WheatHead 972.0 406.0 1024.0 485.0
WheatHead 89.0 233.0 183.0 372.0
WheatHead 501.0 576.0 575.0 661.0
WheatHead 883.0 29.0 1017.0 142.0
WheatHead 767.0 32.0 909.0 107.0
WheatHead 694.0 261.0 803.0 422.0
WheatHead 0.0 720.0 240.0 781.0
WheatHead 570.0 501.0 804.0 642.0
WheatHead 218.0 358.0 285.0 481.0
WheatHead 705.0 405.0 774.0 481.0
WheatHead 428.0 132.0 582.0 194.0
WheatHead 590.0 12.0 685.0 130.0
WheatHead 474.0 0.0 575.0 103.0
