WheatHead 0.0 0.0 95.0 67.0
WheatHead 111.0 17.0 208.0 119.0
WheatHead 627.0 0.0 721.0 53.0
WheatHead 884.0 4.0 1006.0 90.0
WheatHead 836.0 230.0 963.0 335.0
WheatHead 938.0 283.0 1013.0 351.0
WheatHead 836.0 369.0 925.0 419.0
WheatHead 458.0 144.0 539.0 239.0
WheatHead 582.0 123.0 658.0 216.0
WheatHead 571.0 78.0 631.0 146.0
WheatHead 380.0 108.0 482.0 175.0
WheatHead 260.0 66.0 343.0 133.0
WheatHead 83.0 302.0 171.0 421.0
WheatHead 336.0 305.0 432.0 395.0
WheatHead 7.0 302.0 58.0 363.0
WheatHead 0.0 955.0 73.0 1024.0
WheatHead 149.0 907.0 242.0 1024.0
WheatHead 314.0 762.0 402.0 867.0
WheatHead 372.0 642.0 471.0 772.0
WheatHead 425.0 494.0 511.0 580.0
WheatHead 482.0 544.0 556.0 621.0
WheatHead 533.0 598.0 636.0 673.0
WheatHead 545.0 452.0 649.0 519.0
WheatHead 600.0 488.0 673.0 575.0
WheatHead 851.0 546.0 975.0 626.0
WheatHead 944.0 608.0 1024.0 681.0
WheatHead 545.0 878.0 631.0 960.0
WheatHead 823.0 965.0 940.0 1024.0
WheatHead 776.0 832.0 844.0 889.0
WheatHead 597.0 732.0 657.0 773.0
WheatHead 34.0 869.0 116.0 940.0
WheatHead 467.0 718.0 538.0 785.0
WheatHead 665.0 508.0 721.0 579.0
WheatHead 357.0 37.0 429.0 107.0
