WheatHead 309.0 494.0 412.0 570.0
WheatHead 14.0 254.0 142.0 368.0
WheatHead 268.0 942.0 353.0 1016.0
WheatHead 486.0 701.0 544.0 765.0
WheatHead 1018.0 120.0 1024.0 217.0
WheatHead 373.0 762.0 455.0 842.0
WheatHead 396.0 701.0 478.0 762.0
WheatHead 878.0 824.0 970.0 911.0
WheatHead 328.0 388.0 415.0 459.0
WheatHead 217.0 834.0 302.0 889.0
WheatHead 223.0 317.0 294.0 386.0
WheatHead 401.0 291.0 471.0 363.0
WheatHead 949.0 726.0 1021.0 783.0
WheatHead 945.0 245.0 1024.0 330.0
WheatHead 939.0 43.0 1024.0 140.0
WheatHead 496.0 424.0 554.0 486.0
WheatHead 430.0 215.0 514.0 296.0
WheatHead 387.0 138.0 448.0 237.0
WheatHead 471.0 587.0 542.0 653.0
WheatHead 870.0 576.0 947.0 634.0
WheatHead 429.0 643.0 478.0 683.0
WheatHead 864.0 132.0 932.0 190.0
WheatHead 359.0 613.0 419.0 670.0
WheatHead 276.0 734.0 360.0 803.0
WheatHead 192.0 634.0 261.0 706.0
WheatHead 122.0 404.0 217.0 478.0
WheatHead 325.0 691.0 396.0 750.0
WheatHead 181.0 430.0 263.0 496.0
WheatHead 321.0 86.0 382.0 141.0
WheatHead 586.0 265.0 656.0 316.0
WheatHead 294.0 2.0 371.0 74.0
