WheatHead 882.0 86.0 980.0 143.0
WheatHead 806.0 424.0 890.0 537.0
WheatHead 205.0 726.0 347.0 865.0
WheatHead 386.0 66.0 514.0 143.0
WheatHead 0.0 418.0 48.0 522.0
WheatHead 0.0 253.0 120.0 337.0
WheatHead 110.0 43.0 294.0 122.0
WheatHead 174.0 330.0 294.0 396.0
WheatHead 46.0 135.0 125.0 204.0
WheatHead 153.0 230.0 291.0 289.0
WheatHead 412.0 424.0 532.0 573.0
WheatHead 771.0 212.0 843.0 253.0
WheatHead 88.0 216.0 177.0 319.0
WheatHead 212.0 771.0 304.0 891.0
WheatHead 266.0 555.0 368.0 663.0
WheatHead 125.0 517.0 197.0 642.0
WheatHead 911.0 401.0 1018.0 486.0
WheatHead 852.0 286.0 936.0 366.0
WheatHead 965.0 181.0 1024.0 281.0
