WheatHead 892.0 653.0 944.0 767.0
WheatHead 914.0 776.0 1021.0 846.0
WheatHead 91.0 943.0 170.0 1022.0
WheatHead 90.0 111.0 150.0 203.0
WheatHead 697.0 764.0 787.0 849.0
WheatHead 88.0 527.0 172.0 603.0
WheatHead 482.0 460.0 594.0 554.0
WheatHead 174.0 563.0 275.0 618.0
WheatHead 527.0 742.0 610.0 808.0
WheatHead 441.0 641.0 477.0 734.0
WheatHead 993.0 131.0 1022.0 191.0
WheatHead 285.0 944.0 354.0 1018.0
WheatHead 846.0 584.0 907.0 656.0
WheatHead 962.0 522.0 1021.0 617.0
WheatHead 23.0 368.0 111.0 430.0
WheatHead 0.0 43.0 50.0 88.0
WheatHead 753.0 162.0 794.0 281.0
WheatHead 0.0 929.0 64.0 976.0
WheatHead 458.0 947.0 532.0 1021.0
WheatHead 565.0 375.0 655.0 477.0
WheatHead 523.0 916.0 562.0 1024.0
WheatHead 163.0 15.0 256.0 86.0
WheatHead 0.0 664.0 94.0 700.0
WheatHead 709.0 292.0 763.0 383.0
WheatHead 175.0 737.0 339.0 836.0
WheatHead 143.0 845.0 211.0 890.0
WheatHead 351.0 556.0 497.0 604.0
WheatHead 204.0 978.0 234.0 1024.0
WheatHead 312.0 434.0 458.0 482.0
WheatHead 0.0 109.0 80.0 169.0
WheatHead 222.0 503.0 357.0 533.0
WheatHead 462.0 503.0 486.0 569.0
WheatHead 13.0 528.0 72.0 596.0
WheatHead 193.0 447.0 237.0 514.0
WheatHead 567.0 791.0 614.0 901.0
WheatHead 563.0 692.0 607.0 779.0
WheatHead 726.0 947.0 753.0 1024.0
WheatHead 668.0 712.0 828.0 816.0
WheatHead 40.0 249.0 133.0 281.0
WheatHead 976.0 622.0 1024.0 693.0
WheatHead 0.0 762.0 95.0 808.0
WheatHead 83.0 10.0 178.0 73.0
WheatHead 644.0 722.0 696.0 779.0
WheatHead 785.0 887.0 876.0 976.0
WheatHead 735.0 333.0 802.0 412.0
WheatHead 237.0 85.0 302.0 114.0
WheatHead 817.0 826.0 914.0 866.0
WheatHead 0.0 829.0 78.0 870.0
WheatHead 700.0 524.0 733.0 578.0
WheatHead 550.0 450.0 599.0 479.0
WheatHead 557.0 669.0 602.0 705.0
WheatHead 913.0 476.0 954.0 529.0
WheatHead 835.0 0.0 864.0 43.0
WheatHead 0.0 602.0 75.0 671.0
WheatHead 165.0 406.0 271.0 430.0
WheatHead 855.0 859.0 922.0 953.0
WheatHead 178.0 0.0 341.0 34.0
WheatHead 39.0 216.0 179.0 367.0
WheatHead 696.0 290.0 734.0 350.0
WheatHead 509.0 35.0 559.0 187.0
WheatHead 475.0 130.0 529.0 199.0
WheatHead 464.0 104.0 578.0 195.0
WheatHead 611.0 109.0 657.0 160.0
WheatHead 569.0 135.0 606.0 180.0
WheatHead 494.0 146.0 634.0 315.0
WheatHead 816.0 0.0 837.0 31.0
WheatHead 370.0 918.0 422.0 983.0
WheatHead 339.0 955.0 443.0 1024.0
