WheatHead 733.0 613.0 806.0 704.0
WheatHead 274.0 161.0 341.0 260.0
WheatHead 401.0 200.0 479.0 279.0
WheatHead 232.0 47.0 297.0 133.0
WheatHead 813.0 339.0 876.0 428.0
WheatHead 165.0 90.0 228.0 170.0
WheatHead 0.0 244.0 20.0 300.0
WheatHead 458.0 909.0 520.0 999.0
WheatHead 851.0 724.0 903.0 813.0
WheatHead 959.0 922.0 1024.0 1011.0
WheatHead 891.0 674.0 946.0 753.0
WheatHead 626.0 712.0 692.0 786.0
WheatHead 589.0 326.0 674.0 391.0
WheatHead 802.0 0.0 858.0 101.0
WheatHead 899.0 461.0 995.0 528.0
WheatHead 947.0 655.0 1000.0 730.0
WheatHead 144.0 887.0 225.0 1004.0
WheatHead 566.0 47.0 633.0 148.0
WheatHead 649.0 131.0 715.0 208.0
WheatHead 812.0 502.0 868.0 592.0
WheatHead 401.0 462.0 475.0 547.0
WheatHead 450.0 46.0 518.0 113.0
WheatHead 719.0 796.0 842.0 848.0
WheatHead 894.0 338.0 936.0 402.0
WheatHead 630.0 484.0 690.0 540.0
WheatHead 872.0 891.0 948.0 985.0
WheatHead 871.0 219.0 913.0 289.0
WheatHead 365.0 483.0 421.0 550.0
WheatHead 279.0 640.0 370.0 724.0
WheatHead 858.0 821.0 924.0 869.0
WheatHead 0.0 402.0 49.0 468.0
WheatHead 610.0 998.0 671.0 1022.0
WheatHead 866.0 950.0 935.0 997.0
WheatHead 752.0 564.0 859.0 613.0
WheatHead 0.0 371.0 111.0 434.0
WheatHead 862.0 528.0 903.0 611.0
WheatHead 247.0 124.0 283.0 191.0
WheatHead 860.0 23.0 901.0 126.0
WheatHead 453.0 724.0 488.0 804.0
WheatHead 156.0 477.0 246.0 532.0
WheatHead 846.0 947.0 897.0 1014.0
WheatHead 578.0 827.0 676.0 870.0
WheatHead 405.0 948.0 457.0 1004.0
WheatHead 416.0 417.0 492.0 464.0
WheatHead 110.0 567.0 184.0 617.0
WheatHead 752.0 407.0 800.0 493.0
WheatHead 613.0 788.0 711.0 832.0
WheatHead 717.0 943.0 759.0 1014.0
WheatHead 841.0 90.0 888.0 140.0
WheatHead 8.0 187.0 62.0 225.0
WheatHead 736.0 317.0 789.0 407.0
WheatHead 342.0 335.0 431.0 401.0
WheatHead 575.0 144.0 632.0 222.0
WheatHead 455.0 483.0 518.0 528.0
WheatHead 557.0 589.0 607.0 637.0
WheatHead 268.0 991.0 307.0 1024.0
WheatHead 663.0 87.0 707.0 151.0
WheatHead 314.0 357.0 348.0 401.0
WheatHead 308.0 821.0 359.0 857.0
WheatHead 899.0 412.0 948.0 477.0
WheatHead 770.0 452.0 848.0 507.0
WheatHead 593.0 870.0 674.0 917.0
WheatHead 382.0 406.0 428.0 456.0
WheatHead 826.0 918.0 858.0 1003.0
WheatHead 747.0 952.0 812.0 994.0
WheatHead 995.0 419.0 1024.0 464.0
WheatHead 441.0 398.0 502.0 438.0
WheatHead 146.0 1004.0 193.0 1024.0
WheatHead 533.0 536.0 620.0 591.0
WheatHead 104.0 450.0 163.0 509.0
