WheatHead 550.0 578.0 680.0 719.0
WheatHead 944.0 494.0 1024.0 622.0
WheatHead 875.0 458.0 949.0 555.0
WheatHead 931.0 117.0 995.0 212.0
WheatHead 133.0 706.0 227.0 811.0
WheatHead 30.0 189.0 150.0 287.0
WheatHead 655.0 143.0 762.0 230.0
WheatHead 890.0 302.0 980.0 355.0
WheatHead 94.0 381.0 215.0 499.0
WheatHead 908.0 368.0 995.0 442.0
WheatHead 673.0 1.0 773.0 86.0
WheatHead 768.0 852.0 911.0 983.0
WheatHead 25.0 491.0 115.0 570.0
WheatHead 112.0 81.0 222.0 176.0
WheatHead 576.0 225.0 668.0 312.0
WheatHead 783.0 599.0 862.0 696.0
WheatHead 204.0 803.0 303.0 888.0
WheatHead 780.0 312.0 865.0 401.0
WheatHead 596.0 939.0 702.0 1024.0
WheatHead 719.0 742.0 806.0 824.0
WheatHead 15.0 46.0 110.0 135.0
WheatHead 7.0 923.0 106.0 1013.0
WheatHead 768.0 437.0 847.0 512.0
WheatHead 66.0 524.0 174.0 624.0
WheatHead 760.0 678.0 829.0 732.0
WheatHead 885.0 207.0 957.0 273.0
WheatHead 857.0 134.0 914.0 212.0
