WheatHead 494.0 458.0 593.0 542.0
WheatHead 540.0 94.0 629.0 174.0
WheatHead 550.0 258.0 665.0 337.0
WheatHead 696.0 43.0 793.0 117.0
WheatHead 908.0 125.0 1000.0 204.0
WheatHead 630.0 893.0 763.0 980.0
WheatHead 427.0 762.0 524.0 852.0
WheatHead 842.0 0.0 942.0 25.0
WheatHead 724.0 250.0 821.0 322.0
WheatHead 817.0 107.0 911.0 198.0
WheatHead 965.0 204.0 1024.0 286.0
WheatHead 340.0 565.0 407.0 629.0
WheatHead 829.0 391.0 901.0 463.0
WheatHead 934.0 778.0 1024.0 848.0
WheatHead 376.0 179.0 448.0 258.0
WheatHead 176.0 153.0 250.0 232.0
WheatHead 650.0 698.0 734.0 762.0
WheatHead 506.0 593.0 588.0 665.0
WheatHead 427.0 430.0 496.0 512.0
WheatHead 936.0 266.0 1011.0 335.0
WheatHead 356.0 51.0 446.0 125.0
WheatHead 259.0 170.0 331.0 257.0
WheatHead 133.0 309.0 215.0 373.0
WheatHead 51.0 424.0 133.0 494.0
WheatHead 140.0 580.0 232.0 703.0
WheatHead 350.0 788.0 422.0 865.0
WheatHead 926.0 0.0 1018.0 46.0
WheatHead 860.0 714.0 921.0 791.0
WheatHead 540.0 389.0 627.0 460.0
WheatHead 286.0 120.0 355.0 179.0
WheatHead 714.0 373.0 778.0 435.0
WheatHead 25.0 0.0 143.0 79.0
WheatHead 845.0 930.0 971.0 1024.0
WheatHead 834.0 542.0 908.0 616.0
WheatHead 901.0 412.0 967.0 478.0
WheatHead 350.0 660.0 412.0 721.0
WheatHead 156.0 865.0 235.0 954.0
WheatHead 64.0 757.0 128.0 872.0
WheatHead 422.0 632.0 483.0 691.0
WheatHead 701.0 750.0 785.0 832.0
WheatHead 696.0 583.0 765.0 637.0
WheatHead 102.0 757.0 176.0 834.0
WheatHead 2.0 808.0 58.0 880.0
WheatHead 522.0 693.0 581.0 747.0
WheatHead 174.0 965.0 268.0 1024.0
WheatHead 2.0 529.0 43.0 586.0
WheatHead 225.0 673.0 276.0 739.0
WheatHead 696.0 788.0 755.0 847.0
WheatHead 711.0 204.0 768.0 258.0
WheatHead 652.0 309.0 755.0 353.0
WheatHead 2.0 250.0 48.0 314.0
WheatHead 773.0 806.0 834.0 921.0
WheatHead 801.0 576.0 911.0 655.0
