WheatHead 494.0 821.0 611.0 908.0
WheatHead 627.0 903.0 785.0 1021.0
WheatHead 642.0 581.0 796.0 670.0
WheatHead 1.0 598.0 74.0 710.0
WheatHead 430.0 688.0 545.0 757.0
WheatHead 657.0 381.0 829.0 512.0
WheatHead 596.0 151.0 752.0 258.0
WheatHead 734.0 821.0 867.0 893.0
WheatHead 532.0 486.0 652.0 588.0
WheatHead 778.0 576.0 972.0 706.0
WheatHead 814.0 683.0 1024.0 793.0
WheatHead 842.0 935.0 1010.0 1017.0
WheatHead 706.0 296.0 837.0 389.0
WheatHead 816.0 279.0 965.0 350.0
WheatHead 796.0 366.0 962.0 463.0
WheatHead 747.0 10.0 883.0 87.0
WheatHead 536.0 221.0 636.0 333.0
WheatHead 519.0 936.0 631.0 1008.0
WheatHead 903.0 865.0 1024.0 931.0
WheatHead 885.0 478.0 1013.0 570.0
WheatHead 801.0 471.0 952.0 535.0
WheatHead 852.0 317.0 988.0 414.0
WheatHead 816.0 207.0 983.0 294.0
WheatHead 616.0 110.0 747.0 222.0
WheatHead 581.0 12.0 670.0 66.0
WheatHead 483.0 2.0 583.0 66.0
WheatHead 832.0 38.0 983.0 161.0
WheatHead 880.0 76.0 1018.0 179.0
WheatHead 675.0 207.0 791.0 281.0
