WheatHead 356.0 15.0 423.0 124.0
WheatHead 621.0 365.0 697.0 476.0
WheatHead 451.0 77.0 536.0 157.0
WheatHead 346.0 360.0 394.0 441.0
WheatHead 501.0 166.0 589.0 279.0
WheatHead 207.0 152.0 278.0 204.0
WheatHead 383.0 659.0 458.0 753.0
WheatHead 196.0 346.0 271.0 503.0
WheatHead 929.0 891.0 1002.0 1006.0
WheatHead 428.0 292.0 529.0 427.0
WheatHead 281.0 378.0 333.0 464.0
WheatHead 625.0 187.0 750.0 268.0
WheatHead 20.0 378.0 133.0 501.0
WheatHead 111.0 671.0 202.0 727.0
WheatHead 146.0 570.0 239.0 629.0
WheatHead 970.0 509.0 1024.0 547.0
WheatHead 409.0 155.0 496.0 203.0
WheatHead 64.0 864.0 163.0 924.0
WheatHead 0.0 649.0 21.0 720.0
WheatHead 918.0 679.0 976.0 753.0
WheatHead 0.0 858.0 66.0 902.0
WheatHead 712.0 727.0 756.0 825.0
WheatHead 460.0 507.0 539.0 577.0
WheatHead 819.0 273.0 929.0 372.0
WheatHead 748.0 514.0 825.0 673.0
WheatHead 451.0 520.0 491.0 592.0
WheatHead 369.0 209.0 486.0 299.0
WheatHead 845.0 576.0 903.0 625.0
WheatHead 486.0 780.0 514.0 845.0
WheatHead 137.0 8.0 188.0 65.0
WheatHead 694.0 6.0 723.0 57.0
WheatHead 292.0 795.0 365.0 839.0
WheatHead 757.0 993.0 809.0 1024.0
WheatHead 24.0 746.0 120.0 790.0
WheatHead 847.0 688.0 921.0 791.0
WheatHead 755.0 652.0 820.0 703.0
WheatHead 836.0 409.0 879.0 495.0
WheatHead 591.0 892.0 634.0 959.0
WheatHead 406.0 188.0 457.0 251.0
WheatHead 318.0 447.0 385.0 486.0
WheatHead 862.0 862.0 957.0 923.0
WheatHead 0.0 721.0 148.0 772.0
WheatHead 0.0 1.0 17.0 35.0
WheatHead 540.0 517.0 628.0 546.0
WheatHead 168.0 271.0 215.0 319.0
WheatHead 828.0 902.0 891.0 964.0
WheatHead 662.0 877.0 733.0 909.0
WheatHead 326.0 486.0 372.0 532.0
WheatHead 991.0 154.0 1024.0 253.0
WheatHead 113.0 339.0 150.0 374.0
WheatHead 354.0 874.0 421.0 919.0
WheatHead 694.0 532.0 808.0 574.0
WheatHead 525.0 460.0 633.0 554.0
WheatHead 744.0 882.0 800.0 935.0
WheatHead 818.0 610.0 884.0 651.0
WheatHead 849.0 444.0 904.0 503.0
WheatHead 128.0 974.0 212.0 1008.0
WheatHead 525.0 108.0 568.0 194.0
WheatHead 506.0 592.0 547.0 611.0
WheatHead 0.0 915.0 31.0 970.0
WheatHead 980.0 837.0 1024.0 886.0
WheatHead 1004.0 944.0 1024.0 1023.0
