WheatHead 73.0 20.0 138.0 172.0
WheatHead 196.0 92.0 246.0 181.0
WheatHead 272.0 174.0 354.0 252.0
WheatHead 356.0 144.0 427.0 318.0
WheatHead 243.0 309.0 310.0 373.0
WheatHead 169.0 412.0 262.0 461.0
WheatHead 0.0 447.0 62.0 517.0
WheatHead 51.0 519.0 142.0 757.0
WheatHead 0.0 625.0 51.0 681.0
WheatHead 101.0 768.0 273.0 848.0
WheatHead 238.0 559.0 316.0 783.0
WheatHead 397.0 710.0 460.0 893.0
WheatHead 273.0 476.0 344.0 588.0
WheatHead 497.0 310.0 581.0 387.0
WheatHead 423.0 691.0 548.0 741.0
WheatHead 554.0 725.0 640.0 889.0
WheatHead 712.0 921.0 787.0 991.0
WheatHead 739.0 932.0 814.0 1024.0
WheatHead 965.0 968.0 1024.0 1024.0
WheatHead 928.0 659.0 1004.0 758.0
WheatHead 809.0 713.0 898.0 798.0
WheatHead 685.0 719.0 738.0 860.0
WheatHead 678.0 559.0 748.0 680.0
WheatHead 771.0 845.0 822.0 898.0
WheatHead 929.0 417.0 1009.0 559.0
WheatHead 783.0 334.0 837.0 411.0
WheatHead 764.0 374.0 826.0 508.0
WheatHead 864.0 336.0 985.0 487.0
WheatHead 761.0 562.0 910.0 694.0
WheatHead 934.0 868.0 1024.0 971.0
WheatHead 982.0 802.0 1024.0 842.0
WheatHead 937.0 154.0 997.0 242.0
WheatHead 781.0 182.0 867.0 254.0
WheatHead 685.0 184.0 814.0 273.0
WheatHead 657.0 133.0 719.0 207.0
WheatHead 607.0 65.0 800.0 155.0
WheatHead 922.0 0.0 1008.0 108.0
WheatHead 409.0 0.0 478.0 46.0
