WheatHead 57.0 753.0 120.0 851.0
WheatHead 849.0 688.0 902.0 782.0
WheatHead 592.0 516.0 673.0 584.0
WheatHead 16.0 2.0 107.0 66.0
WheatHead 443.0 425.0 505.0 505.0
WheatHead 675.0 125.0 726.0 223.0
WheatHead 0.0 262.0 19.0 324.0
WheatHead 363.0 809.0 402.0 899.0
WheatHead 432.0 349.0 501.0 432.0
WheatHead 303.0 151.0 338.0 232.0
WheatHead 613.0 711.0 664.0 801.0
WheatHead 46.0 628.0 77.0 709.0
WheatHead 391.0 462.0 434.0 565.0
WheatHead 189.0 221.0 237.0 293.0
WheatHead 1.0 759.0 92.0 860.0
WheatHead 118.0 872.0 202.0 937.0
WheatHead 16.0 372.0 96.0 481.0
WheatHead 110.0 525.0 185.0 614.0
WheatHead 38.0 73.0 107.0 188.0
WheatHead 567.0 591.0 596.0 656.0
WheatHead 421.0 781.0 513.0 866.0
WheatHead 846.0 528.0 927.0 598.0
WheatHead 106.0 60.0 162.0 170.0
WheatHead 49.0 516.0 120.0 600.0
WheatHead 679.0 704.0 752.0 828.0
WheatHead 496.0 869.0 574.0 931.0
WheatHead 391.0 767.0 432.0 858.0
WheatHead 860.0 230.0 910.0 326.0
WheatHead 279.0 359.0 330.0 426.0
WheatHead 529.0 420.0 572.0 520.0
WheatHead 813.0 778.0 861.0 849.0
WheatHead 473.0 146.0 542.0 217.0
WheatHead 724.0 827.0 816.0 886.0
WheatHead 314.0 912.0 357.0 1005.0
WheatHead 349.0 748.0 408.0 846.0
WheatHead 502.0 970.0 551.0 1022.0
WheatHead 4.0 344.0 76.0 397.0
WheatHead 311.0 326.0 342.0 407.0
WheatHead 81.0 471.0 144.0 540.0
WheatHead 0.0 853.0 96.0 892.0
WheatHead 432.0 551.0 494.0 626.0
WheatHead 916.0 790.0 969.0 843.0
WheatHead 484.0 553.0 534.0 617.0
WheatHead 50.0 570.0 111.0 641.0
WheatHead 270.0 913.0 319.0 1024.0
WheatHead 589.0 899.0 634.0 955.0
WheatHead 416.0 510.0 479.0 559.0
WheatHead 912.0 56.0 967.0 170.0
WheatHead 780.0 430.0 811.0 516.0
WheatHead 278.0 443.0 345.0 499.0
WheatHead 854.0 0.0 888.0 42.0
WheatHead 219.0 511.0 300.0 560.0
WheatHead 309.0 312.0 356.0 368.0
WheatHead 419.0 86.0 458.0 136.0
WheatHead 350.0 484.0 389.0 567.0
WheatHead 416.0 906.0 449.0 1018.0
WheatHead 534.0 372.0 564.0 445.0
WheatHead 225.0 529.0 308.0 600.0
WheatHead 182.0 169.0 210.0 230.0
WheatHead 794.0 479.0 849.0 546.0
WheatHead 305.0 539.0 338.0 606.0
WheatHead 737.0 908.0 806.0 962.0
WheatHead 693.0 0.0 724.0 28.0
WheatHead 857.0 999.0 886.0 1024.0
WheatHead 921.0 858.0 965.0 913.0
WheatHead 357.0 968.0 398.0 1007.0
WheatHead 649.0 1.0 694.0 21.0
WheatHead 904.0 0.0 943.0 26.0
WheatHead 789.0 0.0 835.0 19.0
WheatHead 436.0 974.0 467.0 1024.0
