WheatHead 22.0 661.0 101.0 756.0
WheatHead 432.0 762.0 547.0 852.0
WheatHead 926.0 0.0 1024.0 77.0
WheatHead 966.0 927.0 1024.0 1024.0
WheatHead 640.0 335.0 811.0 445.0
WheatHead 494.0 33.0 588.0 179.0
WheatHead 696.0 680.0 770.0 803.0
WheatHead 586.0 747.0 670.0 855.0
WheatHead 16.0 30.0 157.0 107.0
WheatHead 522.0 0.0 716.0 58.0
WheatHead 591.0 878.0 832.0 970.0
WheatHead 684.0 737.0 803.0 889.0
WheatHead 527.0 896.0 599.0 1021.0
WheatHead 576.0 524.0 757.0 604.0
WheatHead 396.0 547.0 471.0 691.0
WheatHead 43.0 107.0 204.0 194.0
WheatHead 58.0 176.0 148.0 291.0
WheatHead 596.0 688.0 660.0 752.0
WheatHead 824.0 834.0 1024.0 924.0
WheatHead 512.0 384.0 629.0 453.0
WheatHead 601.0 176.0 816.0 263.0
WheatHead 271.0 540.0 391.0 770.0
WheatHead 663.0 427.0 732.0 555.0
WheatHead 514.0 637.0 586.0 742.0
WheatHead 514.0 581.0 596.0 655.0
WheatHead 616.0 573.0 849.0 668.0
WheatHead 121.0 793.0 226.0 867.0
WheatHead 765.0 440.0 826.0 558.0
WheatHead 360.0 857.0 450.0 916.0
WheatHead 509.0 207.0 647.0 279.0
WheatHead 2.0 454.0 107.0 582.0
WheatHead 135.0 128.0 207.0 245.0
WheatHead 599.0 256.0 709.0 412.0
WheatHead 158.0 337.0 258.0 448.0
WheatHead 1.0 0.0 98.0 46.0
WheatHead 640.0 158.0 701.0 235.0
WheatHead 48.0 248.0 104.0 371.0
WheatHead 675.0 665.0 742.0 752.0
WheatHead 606.0 419.0 724.0 535.0
