WheatHead 0.0 176.0 96.0 273.0
WheatHead 33.0 64.0 124.0 147.0
WheatHead 194.0 107.0 282.0 289.0
WheatHead 240.0 32.0 431.0 114.0
WheatHead 0.0 734.0 73.0 841.0
WheatHead 174.0 807.0 257.0 878.0
WheatHead 101.0 973.0 148.0 1024.0
WheatHead 259.0 934.0 378.0 1018.0
WheatHead 311.0 747.0 459.0 903.0
WheatHead 0.0 553.0 115.0 649.0
WheatHead 147.0 352.0 216.0 402.0
WheatHead 247.0 453.0 314.0 671.0
WheatHead 424.0 532.0 524.0 650.0
WheatHead 493.0 468.0 584.0 513.0
WheatHead 587.0 311.0 706.0 389.0
WheatHead 689.0 617.0 794.0 783.0
WheatHead 680.0 741.0 805.0 903.0
WheatHead 705.0 896.0 777.0 1024.0
WheatHead 880.0 556.0 988.0 664.0
WheatHead 855.0 739.0 953.0 841.0
WheatHead 771.0 903.0 896.0 1005.0
WheatHead 892.0 401.0 1024.0 564.0
WheatHead 1010.0 382.0 1024.0 450.0
WheatHead 750.0 289.0 832.0 350.0
WheatHead 555.0 960.0 648.0 1024.0
WheatHead 457.0 973.0 521.0 1024.0
