WheatHead 651.0 76.0 771.0 135.0
WheatHead 525.0 472.0 629.0 537.0
WheatHead 163.0 10.0 271.0 107.0
WheatHead 374.0 813.0 497.0 869.0
WheatHead 790.0 761.0 879.0 821.0
WheatHead 316.0 447.0 413.0 502.0
WheatHead 808.0 47.0 940.0 126.0
WheatHead 632.0 105.0 729.0 152.0
WheatHead 552.0 262.0 673.0 314.0
WheatHead 645.0 914.0 779.0 965.0
WheatHead 405.0 525.0 551.0 590.0
WheatHead 600.0 428.0 733.0 481.0
WheatHead 836.0 107.0 977.0 175.0
WheatHead 66.0 730.0 212.0 809.0
WheatHead 684.0 510.0 767.0 550.0
WheatHead 481.0 912.0 585.0 965.0
WheatHead 32.0 437.0 221.0 526.0
WheatHead 803.0 460.0 994.0 541.0
WheatHead 330.0 884.0 483.0 929.0
WheatHead 206.0 543.0 348.0 606.0
WheatHead 628.0 166.0 738.0 222.0
WheatHead 23.0 117.0 151.0 170.0
WheatHead 980.0 567.0 1024.0 628.0
WheatHead 500.0 862.0 630.0 897.0
WheatHead 759.0 536.0 830.0 595.0
WheatHead 845.0 506.0 1002.0 564.0
WheatHead 311.0 491.0 456.0 534.0
WheatHead 537.0 839.0 655.0 882.0
WheatHead 887.0 243.0 951.0 275.0
WheatHead 0.0 225.0 86.0 296.0
WheatHead 247.0 105.0 437.0 175.0
WheatHead 0.0 841.0 96.0 880.0
WheatHead 488.0 315.0 564.0 352.0
WheatHead 99.0 836.0 200.0 867.0
WheatHead 387.0 168.0 540.0 204.0
WheatHead 301.0 672.0 438.0 702.0
WheatHead 217.0 189.0 319.0 237.0
WheatHead 593.0 582.0 707.0 626.0
WheatHead 176.0 909.0 308.0 948.0
WheatHead 90.0 240.0 191.0 275.0
WheatHead 115.0 626.0 228.0 666.0
WheatHead 8.0 288.0 173.0 338.0
WheatHead 689.0 614.0 817.0 653.0
WheatHead 10.0 215.0 187.0 241.0
WheatHead 732.0 889.0 843.0 937.0
WheatHead 944.0 202.0 1016.0 232.0
WheatHead 230.0 640.0 335.0 669.0
WheatHead 5.0 1003.0 102.0 1024.0
WheatHead 868.0 566.0 1001.0 606.0
WheatHead 226.0 950.0 397.0 1013.0
WheatHead 58.0 703.0 194.0 732.0
WheatHead 259.0 712.0 407.0 759.0
WheatHead 28.0 985.0 155.0 1016.0
WheatHead 1.0 320.0 90.0 349.0
WheatHead 834.0 877.0 989.0 912.0
WheatHead 775.0 862.0 857.0 899.0
WheatHead 14.0 927.0 143.0 966.0
WheatHead 5.0 140.0 180.0 221.0
WheatHead 823.0 522.0 948.0 551.0
WheatHead 831.0 908.0 948.0 938.0
WheatHead 1.0 880.0 111.0 917.0
WheatHead 0.0 601.0 127.0 709.0
WheatHead 723.0 835.0 791.0 882.0
WheatHead 266.0 126.0 419.0 181.0
WheatHead 214.0 785.0 380.0 833.0
WheatHead 535.0 155.0 653.0 217.0
WheatHead 36.0 959.0 238.0 998.0
WheatHead 9.0 385.0 129.0 435.0
WheatHead 348.0 864.0 493.0 898.0
WheatHead 276.0 1.0 332.0 24.0
WheatHead 451.0 928.0 546.0 968.0
WheatHead 45.0 669.0 206.0 859.0
WheatHead 439.0 152.0 526.0 226.0
WheatHead 631.0 578.0 714.0 633.0
WheatHead 893.0 855.0 989.0 901.0
