WheatHead 18.0 912.0 87.0 1003.0
WheatHead 264.0 663.0 337.0 908.0
WheatHead 116.0 456.0 181.0 612.0
WheatHead 226.0 385.0 332.0 604.0
WheatHead 0.0 120.0 103.0 359.0
WheatHead 12.0 269.0 72.0 395.0
WheatHead 4.0 369.0 59.0 501.0
WheatHead 79.0 1.0 176.0 179.0
WheatHead 156.0 113.0 212.0 229.0
WheatHead 160.0 289.0 216.0 482.0
WheatHead 115.0 211.0 205.0 433.0
WheatHead 99.0 138.0 161.0 330.0
WheatHead 324.0 254.0 393.0 320.0
WheatHead 379.0 80.0 476.0 175.0
WheatHead 394.0 112.0 513.0 239.0
WheatHead 237.0 299.0 389.0 376.0
WheatHead 365.0 226.0 477.0 302.0
WheatHead 438.0 269.0 495.0 402.0
WheatHead 356.0 318.0 433.0 411.0
WheatHead 323.0 342.0 515.0 636.0
WheatHead 445.0 468.0 521.0 591.0
WheatHead 487.0 423.0 558.0 538.0
WheatHead 533.0 411.0 597.0 530.0
WheatHead 579.0 391.0 652.0 508.0
WheatHead 509.0 563.0 582.0 690.0
WheatHead 393.0 572.0 448.0 641.0
WheatHead 527.0 29.0 593.0 296.0
WheatHead 587.0 166.0 659.0 309.0
WheatHead 581.0 297.0 645.0 384.0
WheatHead 641.0 291.0 727.0 384.0
WheatHead 633.0 444.0 706.0 659.0
WheatHead 596.0 648.0 734.0 735.0
WheatHead 692.0 490.0 780.0 558.0
WheatHead 759.0 491.0 824.0 588.0
WheatHead 727.0 175.0 854.0 423.0
WheatHead 724.0 254.0 777.0 341.0
WheatHead 832.0 156.0 933.0 326.0
WheatHead 905.0 247.0 1021.0 323.0
WheatHead 817.0 327.0 925.0 435.0
WheatHead 857.0 403.0 905.0 541.0
WheatHead 701.0 448.0 976.0 722.0
WheatHead 605.0 799.0 688.0 966.0
WheatHead 700.0 729.0 808.0 906.0
WheatHead 692.0 974.0 765.0 1024.0
WheatHead 944.0 493.0 1024.0 664.0
WheatHead 856.0 654.0 1002.0 838.0
WheatHead 459.0 402.0 515.0 497.0
WheatHead 420.0 569.0 481.0 678.0
WheatHead 309.0 239.0 364.0 282.0
WheatHead 769.0 398.0 829.0 489.0
WheatHead 639.0 217.0 681.0 301.0
WheatHead 188.0 226.0 229.0 315.0
WheatHead 195.0 159.0 248.0 217.0
WheatHead 0.0 285.0 36.0 363.0
WheatHead 38.0 479.0 125.0 660.0
WheatHead 85.0 153.0 158.0 432.0
WheatHead 639.0 979.0 681.0 1024.0
WheatHead 211.0 410.0 281.0 479.0
WheatHead 0.0 463.0 110.0 607.0
WheatHead 0.0 641.0 40.0 716.0
WheatHead 61.0 676.0 233.0 972.0
WheatHead 623.0 369.0 673.0 415.0
