WheatHead 555.0 20.0 640.0 72.0
WheatHead 644.0 520.0 703.0 592.0
WheatHead 185.0 531.0 234.0 599.0
WheatHead 686.0 755.0 745.0 801.0
WheatHead 738.0 477.0 816.0 528.0
WheatHead 954.0 932.0 1008.0 999.0
WheatHead 40.0 697.0 143.0 735.0
WheatHead 178.0 442.0 267.0 503.0
WheatHead 816.0 412.0 877.0 468.0
WheatHead 909.0 295.0 990.0 337.0
WheatHead 248.0 533.0 311.0 578.0
WheatHead 35.0 750.0 101.0 802.0
WheatHead 266.0 771.0 334.0 839.0
WheatHead 719.0 5.0 776.0 51.0
WheatHead 602.0 816.0 662.0 865.0
WheatHead 333.0 200.0 394.0 238.0
WheatHead 201.0 816.0 286.0 859.0
WheatHead 780.0 419.0 843.0 473.0
WheatHead 383.0 17.0 457.0 63.0
WheatHead 570.0 102.0 647.0 151.0
WheatHead 846.0 565.0 906.0 610.0
WheatHead 338.0 587.0 398.0 625.0
WheatHead 16.0 277.0 96.0 307.0
WheatHead 180.0 735.0 238.0 771.0
WheatHead 134.0 101.0 214.0 149.0
WheatHead 621.0 159.0 688.0 218.0
WheatHead 114.0 569.0 192.0 608.0
WheatHead 233.0 63.0 322.0 109.0
WheatHead 337.0 232.0 389.0 275.0
WheatHead 201.0 19.0 281.0 62.0
WheatHead 581.0 244.0 652.0 308.0
WheatHead 934.0 442.0 991.0 505.0
WheatHead 390.0 0.0 479.0 35.0
WheatHead 785.0 189.0 851.0 234.0
WheatHead 426.0 745.0 514.0 803.0
WheatHead 362.0 74.0 433.0 106.0
WheatHead 670.0 998.0 740.0 1021.0
WheatHead 764.0 630.0 827.0 660.0
WheatHead 966.0 265.0 1020.0 315.0
WheatHead 391.0 825.0 455.0 865.0
WheatHead 476.0 791.0 546.0 839.0
WheatHead 134.0 361.0 229.0 398.0
WheatHead 30.0 304.0 94.0 343.0
WheatHead 496.0 76.0 550.0 107.0
WheatHead 764.0 58.0 820.0 110.0
WheatHead 577.0 885.0 632.0 919.0
WheatHead 521.0 39.0 591.0 77.0
WheatHead 203.0 327.0 270.0 362.0
WheatHead 126.0 260.0 210.0 313.0
WheatHead 0.0 707.0 58.0 756.0
WheatHead 517.0 925.0 562.0 963.0
WheatHead 464.0 625.2999877929688 550.2999877929688 658.0
WheatHead 650.0 37.0 721.0 95.0
WheatHead 112.0 866.0 214.0 911.0
WheatHead 764.0 113.0 812.0 140.0
WheatHead 791.0 58.0 873.0 112.0
WheatHead 477.0 94.0 548.0 127.0
WheatHead 703.0 90.0 745.0 141.0
WheatHead 254.0 936.0 366.0 977.0
WheatHead 834.0 15.0 933.0 56.0
WheatHead 173.0 417.0 234.0 458.0
WheatHead 361.0 705.0 463.0 744.0
WheatHead 26.0 355.0 96.0 390.0
WheatHead 88.0 931.0 166.0 963.0
WheatHead 79.0 965.0 161.0 1009.0
WheatHead 218.0 919.0 290.0 953.0
WheatHead 400.0 530.0 482.0 582.0
WheatHead 690.0 491.0 731.0 529.0
WheatHead 694.0 17.0 746.0 53.0
WheatHead 801.0 749.0 872.0 808.0
WheatHead 322.0 634.0 386.0 656.0
WheatHead 582.0 942.0 657.0 981.0
WheatHead 266.0 975.0 338.0 1012.0
WheatHead 601.0 689.0 672.0 731.0
WheatHead 228.0 883.0 271.0 905.0
WheatHead 50.0 681.0 117.0 700.0
WheatHead 787.0 792.0 883.0 839.0
WheatHead 909.0 700.0 965.0 735.0
WheatHead 380.0 473.0 447.0 504.0
WheatHead 306.0 857.0 416.0 899.0
WheatHead 132.0 121.0 205.0 174.0
WheatHead 249.0 1.0 296.0 16.0
WheatHead 831.0 587.0 880.0 621.0
WheatHead 113.0 806.0 169.0 838.0
WheatHead 910.0 901.0 947.0 920.0
WheatHead 749.0 735.0 826.0 770.0
WheatHead 554.0 679.0 645.0 717.0
WheatHead 418.0 604.0 524.0 640.0
WheatHead 76.0 544.0 154.0 587.0
WheatHead 719.0 628.0 821.0 662.0
WheatHead 584.0 1004.0 695.0 1024.0
WheatHead 0.0 90.0 68.0 162.0
WheatHead 27.0 120.0 96.0 198.0
