WheatHead 0.0 78.0 63.0 142.0
WheatHead 57.0 152.0 117.0 227.0
WheatHead 32.0 131.0 178.0 209.0
WheatHead 177.0 84.0 241.0 195.0
WheatHead 0.0 257.0 52.0 358.0
WheatHead 0.0 361.0 40.0 427.0
WheatHead 3.0 417.0 90.0 484.0
WheatHead 0.0 478.0 19.0 531.0
WheatHead 0.0 545.0 107.0 632.0
WheatHead 0.0 703.0 93.0 785.0
WheatHead 120.0 689.0 201.0 778.0
WheatHead 0.0 805.0 135.0 875.0
WheatHead 183.0 806.0 269.0 900.0
WheatHead 633.0 847.0 712.0 977.0
WheatHead 623.0 849.0 765.0 980.0
WheatHead 591.0 696.0 673.0 807.0
WheatHead 408.0 697.0 497.0 805.0
WheatHead 242.0 754.0 363.0 849.0
WheatHead 323.0 793.0 382.0 857.0
WheatHead 331.0 876.0 412.0 983.0
WheatHead 239.0 846.0 332.0 900.0
WheatHead 414.0 525.0 548.0 593.0
WheatHead 525.0 401.0 626.0 508.0
WheatHead 882.0 475.0 989.0 575.0
WheatHead 513.0 310.0 660.0 395.0
WheatHead 243.0 124.0 317.0 203.0
WheatHead 325.0 134.0 424.0 209.0
WheatHead 243.0 54.0 326.0 121.0
WheatHead 307.0 61.0 396.0 120.0
WheatHead 231.0 0.0 355.0 52.0
WheatHead 474.0 21.0 590.0 89.0
WheatHead 439.0 0.0 519.0 43.0
WheatHead 809.0 3.0 894.0 84.0
WheatHead 945.0 57.0 1024.0 141.0
