WheatHead 15.0 630.0 83.0 739.0
WheatHead 48.0 200.0 113.0 275.0
WheatHead 11.0 14.0 86.0 106.0
WheatHead 190.0 9.0 265.0 108.0
WheatHead 257.0 47.0 335.0 132.0
WheatHead 251.0 199.0 325.0 261.0
WheatHead 247.0 292.0 327.0 375.0
WheatHead 190.0 341.0 271.0 405.0
WheatHead 400.0 305.0 506.0 400.0
WheatHead 376.0 487.0 460.0 579.0
WheatHead 809.0 233.0 938.0 324.0
WheatHead 945.0 264.0 1022.0 371.0
WheatHead 745.0 489.0 836.0 577.0
WheatHead 628.0 736.0 700.0 827.0
WheatHead 263.0 561.0 349.0 643.0
WheatHead 21.0 456.0 75.0 521.0
WheatHead 201.0 676.0 280.0 775.0
WheatHead 176.0 776.0 267.0 844.0
WheatHead 226.0 640.0 329.0 740.0
WheatHead 364.0 698.0 432.0 771.0
WheatHead 515.0 822.0 601.0 888.0
WheatHead 455.0 873.0 548.0 952.0
WheatHead 351.0 851.0 423.0 918.0
WheatHead 324.0 955.0 432.0 1024.0
WheatHead 187.0 912.0 264.0 982.0
WheatHead 0.0 900.0 48.0 967.0
WheatHead 14.0 989.0 66.0 1024.0
WheatHead 182.0 981.0 243.0 1024.0
WheatHead 652.0 354.0 720.0 420.0
WheatHead 868.0 696.0 972.0 779.0
WheatHead 377.0 589.0 473.0 696.0
WheatHead 309.0 374.0 392.0 446.0
