WheatHead 15.0 33.0 148.0 99.0
WheatHead 535.0 153.0 642.0 256.0
WheatHead 0.0 676.0 56.0 781.0
WheatHead 793.0 157.0 898.0 236.0
WheatHead 704.0 627.0 806.0 701.0
WheatHead 217.0 450.0 320.0 552.0
WheatHead 45.0 0.0 143.0 40.0
WheatHead 217.0 33.0 299.0 130.0
WheatHead 0.0 263.0 2.0 343.0
WheatHead 300.0 332.0 459.0 401.0
WheatHead 599.0 752.0 757.0 916.0
WheatHead 755.0 442.0 842.0 552.0
WheatHead 307.0 532.0 494.0 611.0
WheatHead 504.0 716.0 570.0 824.0
WheatHead 757.0 266.0 855.0 366.0
WheatHead 0.0 550.0 71.0 670.0
WheatHead 686.0 166.0 750.0 232.0
WheatHead 332.0 296.0 427.0 348.0
WheatHead 596.0 944.0 752.0 1013.0
WheatHead 48.0 560.0 153.0 632.0
WheatHead 844.0 854.0 939.0 1024.0
WheatHead 0.0 855.0 146.0 957.0
WheatHead 668.0 476.0 737.0 568.0
WheatHead 878.0 220.0 939.0 304.0
WheatHead 596.0 419.0 783.0 486.0
WheatHead 849.0 481.0 947.0 529.0
WheatHead 20.0 153.0 112.0 332.0
WheatHead 384.0 30.0 527.0 128.0
WheatHead 852.0 619.0 995.0 793.0
WheatHead 92.0 253.0 156.0 381.0
WheatHead 849.0 270.0 932.0 340.0
WheatHead 896.0 504.0 1013.0 568.0
WheatHead 441.0 925.0 523.0 1024.0
WheatHead 460.0 499.0 535.0 586.0
WheatHead 258.0 140.0 337.0 204.0
WheatHead 43.0 519.0 140.0 570.0
WheatHead 248.0 202.0 366.0 289.0
WheatHead 419.0 110.0 496.0 158.0
WheatHead 424.0 583.0 524.0 660.0
WheatHead 903.0 53.0 988.0 158.0
WheatHead 888.0 563.0 1024.0 706.0
WheatHead 432.0 0.0 527.0 51.0
WheatHead 673.0 110.0 752.0 181.0
WheatHead 724.0 296.0 778.0 363.0
WheatHead 212.0 225.0 340.0 291.0
WheatHead 0.0 135.0 56.0 192.0
WheatHead 926.0 112.0 1024.0 186.0
WheatHead 76.0 330.0 135.0 396.0
WheatHead 0.0 163.0 71.0 271.0
WheatHead 3.0 714.0 59.0 772.0
WheatHead 696.0 954.0 766.0 1023.0
WheatHead 944.0 783.0 1024.0 896.0
