WheatHead 930.0 0.0 1000.0 47.0
WheatHead 892.0 44.0 975.0 97.0
WheatHead 929.0 145.0 1024.0 287.0
WheatHead 653.0 8.0 758.0 126.0
WheatHead 403.0 0.0 544.0 51.0
WheatHead 225.0 0.0 332.0 47.0
WheatHead 271.0 105.0 369.0 208.0
WheatHead 423.0 60.0 533.0 157.0
WheatHead 149.0 194.0 225.0 276.0
WheatHead 257.0 223.0 321.0 264.0
WheatHead 0.0 80.0 101.0 141.0
WheatHead 36.0 49.0 101.0 83.0
WheatHead 0.0 0.0 55.0 53.0
WheatHead 815.0 224.0 882.0 333.0
WheatHead 686.0 374.0 773.0 445.0
WheatHead 613.0 485.0 666.0 572.0
WheatHead 669.0 467.0 731.0 533.0
WheatHead 676.0 544.0 746.0 619.0
WheatHead 789.0 494.0 896.0 595.0
WheatHead 903.0 428.0 970.0 507.0
WheatHead 927.0 509.0 1002.0 616.0
WheatHead 769.0 591.0 829.0 643.0
WheatHead 287.0 490.0 391.0 556.0
WheatHead 376.0 470.0 466.0 530.0
WheatHead 202.0 429.0 261.0 496.0
WheatHead 100.0 440.0 176.0 503.0
WheatHead 369.0 309.0 433.0 395.0
WheatHead 406.0 251.0 484.0 326.0
WheatHead 250.0 666.0 335.0 733.0
WheatHead 346.0 649.0 421.0 714.0
WheatHead 470.0 621.0 541.0 676.0
WheatHead 456.0 686.0 520.0 752.0
WheatHead 514.0 697.0 578.0 778.0
WheatHead 568.0 697.0 615.0 750.0
WheatHead 691.0 735.0 757.0 788.0
WheatHead 608.0 606.0 676.0 662.0
WheatHead 869.0 716.0 919.0 772.0
WheatHead 844.0 791.0 912.0 878.0
WheatHead 900.0 832.0 974.0 903.0
WheatHead 762.0 893.0 849.0 971.0
WheatHead 645.0 944.0 772.0 1001.0
WheatHead 526.0 783.0 619.0 855.0
WheatHead 378.0 879.0 441.0 1024.0
WheatHead 273.0 843.0 339.0 904.0
WheatHead 246.0 798.0 291.0 849.0
WheatHead 75.0 817.0 134.0 875.0
WheatHead 12.0 840.0 85.0 901.0
WheatHead 0.0 786.0 83.0 836.0
WheatHead 172.0 724.0 243.0 780.0
WheatHead 14.0 707.0 189.0 784.0
WheatHead 298.0 586.0 355.0 636.0
WheatHead 485.0 959.0 548.0 1024.0
WheatHead 819.0 978.0 894.0 1024.0
WheatHead 759.0 1000.0 833.0 1024.0
WheatHead 960.0 989.0 1024.0 1024.0
WheatHead 81.0 576.0 133.0 627.0
WheatHead 169.0 637.0 296.0 691.0
WheatHead 613.0 717.0 684.0 768.0
WheatHead 734.0 521.0 798.0 574.0
WheatHead 899.0 111.0 961.0 162.0
