WheatHead 196.0 702.0 289.0 909.0
WheatHead 0.0 512.0 88.0 629.0
WheatHead 41.0 491.0 112.0 555.0
WheatHead 179.0 561.0 282.0 684.0
WheatHead 246.0 635.0 345.0 785.0
WheatHead 325.0 693.0 556.0 826.0
WheatHead 360.0 569.0 413.0 672.0
WheatHead 430.0 571.0 515.0 691.0
WheatHead 473.0 376.0 548.0 514.0
WheatHead 542.0 509.0 627.0 627.0
WheatHead 273.0 345.0 387.0 448.0
WheatHead 205.0 215.0 299.0 485.0
WheatHead 356.0 891.0 501.0 981.0
WheatHead 530.0 901.0 632.0 975.0
WheatHead 621.0 897.0 755.0 1011.0
WheatHead 738.0 851.0 823.0 1016.0
WheatHead 611.0 733.0 709.0 821.0
WheatHead 693.0 673.0 876.0 836.0
WheatHead 656.0 647.0 711.0 761.0
WheatHead 736.0 584.0 848.0 697.0
WheatHead 772.0 432.0 914.0 573.0
WheatHead 656.0 202.0 753.0 340.0
WheatHead 89.0 133.0 225.0 198.0
WheatHead 331.0 0.0 499.0 313.0
WheatHead 472.0 166.0 510.0 251.0
WheatHead 518.0 5.0 595.0 304.0
WheatHead 0.0 448.0 27.0 610.0
WheatHead 618.0 0.0 704.0 202.0
WheatHead 686.0 0.0 741.0 85.0
WheatHead 864.0 146.0 949.0 268.0
WheatHead 886.0 204.0 959.0 306.0
WheatHead 160.0 0.0 230.0 118.0
WheatHead 972.0 416.0 1024.0 573.0
WheatHead 959.0 560.0 1021.0 686.0
WheatHead 892.0 657.0 994.0 790.0
WheatHead 887.0 796.0 967.0 877.0
WheatHead 245.0 814.0 327.0 893.0
WheatHead 395.0 610.0 470.0 719.0
WheatHead 562.0 0.0 631.0 84.0
WheatHead 452.0 232.0 520.0 362.0
WheatHead 394.0 276.0 465.0 362.0
WheatHead 529.0 478.0 602.0 552.0
WheatHead 585.0 332.0 713.0 433.0
WheatHead 495.0 263.0 550.0 317.0
WheatHead 441.0 282.0 568.0 445.0
WheatHead 513.0 155.0 697.0 415.0
WheatHead 120.0 391.0 171.0 487.0
WheatHead 91.0 385.0 216.0 570.0
WheatHead 714.0 862.0 796.0 1024.0
WheatHead 712.0 848.0 763.0 921.0
