WheatHead 312.0 157.0 445.0 222.0
WheatHead 389.0 318.0 502.0 380.0
WheatHead 197.0 64.0 286.0 143.0
WheatHead 301.0 0.0 408.0 81.0
WheatHead 418.0 30.0 514.0 136.0
WheatHead 534.0 89.0 610.0 146.0
WheatHead 613.0 30.0 678.0 136.0
WheatHead 735.0 0.0 798.0 76.0
WheatHead 645.0 163.0 701.0 222.0
WheatHead 591.0 209.0 669.0 275.0
WheatHead 714.0 175.0 793.0 261.0
WheatHead 824.0 146.0 890.0 205.0
WheatHead 857.0 154.0 934.0 202.0
WheatHead 1004.0 123.0 1024.0 199.0
WheatHead 916.0 266.0 990.0 355.0
WheatHead 898.0 387.0 970.0 437.0
WheatHead 748.0 345.0 883.0 415.0
WheatHead 622.0 314.0 707.0 379.0
WheatHead 525.0 385.0 586.0 449.0
WheatHead 491.0 495.0 580.0 557.0
WheatHead 817.0 484.0 904.0 586.0
WheatHead 986.0 0.0 1024.0 123.0
WheatHead 878.0 0.0 978.0 71.0
WheatHead 148.0 152.0 224.0 208.0
WheatHead 62.0 201.0 138.0 358.0
WheatHead 0.0 330.0 123.0 379.0
WheatHead 15.0 485.0 126.0 572.0
WheatHead 0.0 556.0 96.0 638.0
WheatHead 265.0 699.0 433.0 776.0
WheatHead 563.0 719.0 626.0 798.0
WheatHead 531.0 815.0 605.0 948.0
WheatHead 757.0 815.0 882.0 891.0
WheatHead 647.0 841.0 717.0 899.0
WheatHead 404.0 801.0 483.0 871.0
WheatHead 274.0 862.0 344.0 929.0
WheatHead 41.0 769.0 141.0 839.0
WheatHead 69.0 735.0 190.0 824.0
WheatHead 432.0 898.0 503.0 977.0
WheatHead 257.0 929.0 335.0 986.0
WheatHead 328.0 954.0 408.0 1012.0
WheatHead 201.0 930.0 253.0 994.0
WheatHead 95.0 1007.0 166.0 1024.0
WheatHead 79.0 916.0 179.0 972.0
WheatHead 849.0 993.0 961.0 1024.0
WheatHead 768.0 1005.0 845.0 1024.0
WheatHead 14.0 0.0 97.0 90.0
WheatHead 757.0 148.0 870.0 246.0
