WheatHead 11.0 11.0 82.0 93.0
WheatHead 92.0 0.0 157.0 56.0
WheatHead 127.0 34.0 223.0 98.0
WheatHead 40.0 240.0 131.0 347.0
WheatHead 49.0 342.0 126.0 426.0
WheatHead 14.0 931.0 74.0 1024.0
WheatHead 98.0 789.0 163.0 896.0
WheatHead 221.0 911.0 314.0 1017.0
WheatHead 342.0 754.0 429.0 885.0
WheatHead 530.0 727.0 613.0 874.0
WheatHead 665.0 777.0 744.0 953.0
WheatHead 669.0 500.0 789.0 589.0
WheatHead 802.0 548.0 877.0 631.0
WheatHead 800.0 638.0 877.0 725.0
WheatHead 882.0 647.0 967.0 735.0
WheatHead 836.0 757.0 907.0 848.0
WheatHead 916.0 833.0 1000.0 894.0
WheatHead 896.0 964.0 1001.0 1024.0
WheatHead 773.0 922.0 843.0 1024.0
WheatHead 38.0 474.0 107.0 557.0
WheatHead 51.0 795.0 109.0 856.0
WheatHead 90.0 582.0 179.0 661.0
WheatHead 2.0 586.0 81.0 645.0
WheatHead 115.0 512.0 204.0 586.0
WheatHead 168.0 639.0 236.0 692.0
WheatHead 256.0 484.0 331.0 541.0
WheatHead 257.0 549.0 355.0 623.0
WheatHead 382.0 501.0 479.0 628.0
WheatHead 373.0 634.0 448.0 721.0
WheatHead 504.0 355.0 590.0 419.0
WheatHead 582.0 403.0 668.0 482.0
WheatHead 666.0 235.0 785.0 313.0
WheatHead 245.0 355.0 325.0 449.0
WheatHead 273.0 119.0 388.0 219.0
WheatHead 546.0 49.0 602.0 129.0
WheatHead 594.0 44.0 660.0 131.0
WheatHead 690.0 0.0 795.0 50.0
WheatHead 806.0 153.0 888.0 247.0
WheatHead 394.0 0.0 515.0 70.0
WheatHead 328.0 44.0 380.0 95.0
WheatHead 0.0 509.0 48.0 566.0
WheatHead 469.0 752.0 533.0 897.0
WheatHead 120.0 283.0 211.0 336.0
