WheatHead 230.0 476.0 305.0 557.0
WheatHead 431.0 116.0 490.0 206.0
WheatHead 23.0 225.0 81.0 314.0
WheatHead 0.0 875.0 72.0 943.0
WheatHead 195.0 23.0 290.0 94.0
WheatHead 602.0 303.0 637.0 382.0
WheatHead 488.0 560.0 602.0 622.0
WheatHead 255.0 551.0 342.0 599.0
WheatHead 738.0 308.0 805.0 382.0
WheatHead 212.0 247.0 293.0 300.0
WheatHead 861.0 270.0 929.0 348.0
WheatHead 778.0 296.0 847.0 363.0
WheatHead 202.0 658.0 294.0 704.0
WheatHead 4.0 334.0 83.0 383.0
WheatHead 483.0 296.0 567.0 350.0
WheatHead 527.0 613.0 602.0 667.0
WheatHead 585.0 252.0 662.0 314.0
WheatHead 697.0 218.0 783.0 292.0
WheatHead 614.0 45.0 678.0 92.0
WheatHead 0.0 675.0 25.0 726.0
WheatHead 745.0 716.0 831.0 760.0
WheatHead 338.0 17.0 412.0 75.0
WheatHead 94.0 596.0 185.0 630.0
WheatHead 8.0 549.0 68.0 598.0
WheatHead 0.0 570.0 57.0 634.0
WheatHead 899.0 629.0 980.0 669.0
WheatHead 0.0 344.0 23.0 378.0
WheatHead 46.0 77.0 107.0 114.0
WheatHead 240.0 619.0 309.0 660.0
WheatHead 57.0 670.0 141.0 704.0
WheatHead 251.0 370.0 319.0 421.0
WheatHead 895.0 417.0 973.0 499.0
WheatHead 181.0 968.0 284.0 1018.0
WheatHead 857.0 910.0 918.0 939.0
WheatHead 162.0 189.0 218.0 238.0
WheatHead 984.0 887.0 1024.0 954.0
WheatHead 853.0 582.0 918.0 619.0
WheatHead 733.0 348.0 782.0 405.0
WheatHead 165.0 384.0 262.0 423.0
WheatHead 699.0 630.0 794.0 674.0
WheatHead 929.0 103.0 981.0 154.0
WheatHead 559.0 948.0 634.0 1000.0
WheatHead 644.0 760.0 696.0 820.0
WheatHead 985.0 241.0 1024.0 301.0
WheatHead 486.0 687.0 566.0 720.0
WheatHead 547.0 352.0 596.0 378.0
WheatHead 334.0 481.0 393.0 510.0
WheatHead 473.0 651.0 552.0 681.0
WheatHead 669.0 1.0 731.0 51.0
WheatHead 832.0 389.0 912.0 447.0
WheatHead 655.0 951.0 728.0 995.0
WheatHead 724.0 226.0 815.0 258.0
WheatHead 863.0 133.0 943.0 172.0
WheatHead 0.0 980.0 80.0 1012.0
WheatHead 351.0 0.0 421.0 30.0
WheatHead 301.0 339.0 375.0 375.0
WheatHead 312.0 1004.0 360.0 1024.0
WheatHead 96.0 935.0 222.0 973.0
WheatHead 297.0 656.0 376.0 694.0
WheatHead 877.0 660.0 927.0 686.0
WheatHead 235.0 417.0 334.0 464.0
WheatHead 813.0 977.0 872.0 1007.0
WheatHead 279.0 784.0 343.0 816.0
WheatHead 969.0 750.0 1022.0 775.0
WheatHead 189.0 494.0 248.0 517.0
WheatHead 943.0 315.0 988.0 356.0
WheatHead 453.0 723.0 525.0 742.0
WheatHead 826.0 621.0 880.0 656.0
WheatHead 527.0 734.0 579.0 777.0
WheatHead 280.0 748.0 365.0 784.0
WheatHead 709.0 10.0 761.0 49.0
WheatHead 869.0 705.0 975.0 749.0
WheatHead 690.0 4.0 756.0 50.0
WheatHead 996.0 0.0 1022.0 28.0
WheatHead 659.0 1003.0 696.0 1024.0
WheatHead 393.0 357.0 467.0 389.0
WheatHead 703.0 86.0 744.0 118.0
WheatHead 604.0 773.0 647.0 813.0
WheatHead 363.0 367.0 440.70001220703125 404.0
WheatHead 344.0 832.0 380.0 883.0
WheatHead 410.0 570.0 475.0 605.0
WheatHead 577.0 664.0 628.0 697.0
WheatHead 302.0 723.0 393.0 770.0
WheatHead 810.0 306.0 873.0 344.0
WheatHead 595.0 696.0 694.0 741.0
