WheatHead 775.0 0.0 848.0 62.0
WheatHead 953.0 27.0 1024.0 98.0
WheatHead 527.0 39.0 653.0 93.0
WheatHead 592.0 122.0 675.0 194.0
WheatHead 461.0 152.0 536.0 224.0
WheatHead 777.0 142.0 862.0 208.0
WheatHead 827.0 254.0 919.0 323.0
WheatHead 984.0 146.0 1024.0 216.0
WheatHead 77.0 57.0 155.0 133.0
WheatHead 303.0 0.0 365.0 35.0
WheatHead 361.0 45.0 438.0 125.0
WheatHead 118.0 166.0 294.0 221.0
WheatHead 213.0 217.0 263.0 259.0
WheatHead 387.0 250.0 460.0 310.0
WheatHead 488.0 317.0 566.0 373.0
WheatHead 586.0 276.0 685.0 342.0
WheatHead 496.0 393.0 547.0 445.0
WheatHead 566.0 406.0 615.0 466.0
WheatHead 415.0 379.0 475.0 455.0
WheatHead 687.0 496.0 756.0 560.0
WheatHead 660.0 583.0 732.0 641.0
WheatHead 555.0 547.0 610.0 602.0
WheatHead 415.0 584.0 514.0 663.0
WheatHead 330.0 579.0 399.0 653.0
WheatHead 588.0 584.0 673.0 627.0
WheatHead 549.0 694.0 611.0 776.0
WheatHead 470.0 748.0 523.0 812.0
WheatHead 561.0 791.0 624.0 847.0
WheatHead 603.0 694.0 657.0 762.0
WheatHead 776.0 786.0 860.0 852.0
WheatHead 902.0 842.0 973.0 921.0
WheatHead 988.0 752.0 1024.0 815.0
WheatHead 973.0 638.0 1024.0 698.0
WheatHead 905.0 509.0 959.0 580.0
WheatHead 977.0 387.0 1024.0 438.0
WheatHead 937.0 440.0 986.0 491.0
WheatHead 173.0 467.0 260.0 561.0
WheatHead 300.0 344.0 368.0 440.0
WheatHead 293.0 416.0 349.0 491.0
WheatHead 121.0 387.0 182.0 432.0
WheatHead 140.0 740.0 204.0 837.0
WheatHead 233.0 833.0 322.0 879.0
WheatHead 56.0 903.0 147.0 967.0
WheatHead 313.0 980.0 385.0 1024.0
WheatHead 253.0 935.0 335.0 1018.0
WheatHead 162.0 899.0 262.0 1003.0
WheatHead 660.0 863.0 718.0 927.0
WheatHead 624.0 958.0 711.0 1024.0
WheatHead 531.0 938.0 611.0 1013.0
WheatHead 936.0 973.0 1007.0 1024.0
WheatHead 261.0 240.0 350.0 308.0
