WheatHead 0.0 941.0 16.0 1009.0
WheatHead 86.0 671.0 166.0 743.0
WheatHead 90.0 525.0 203.0 609.0
WheatHead 84.0 963.0 325.0 1024.0
WheatHead 328.0 882.0 404.0 947.0
WheatHead 391.0 758.0 465.0 817.0
WheatHead 526.0 819.0 617.0 899.0
WheatHead 415.0 896.0 492.0 948.0
WheatHead 462.0 957.0 549.0 1024.0
WheatHead 650.0 879.0 760.0 972.0
WheatHead 743.0 563.0 844.0 694.0
WheatHead 864.0 579.0 971.0 688.0
WheatHead 945.0 640.0 1024.0 736.0
WheatHead 867.0 487.0 930.0 579.0
WheatHead 432.0 508.0 519.0 612.0
WheatHead 414.0 608.0 555.0 710.0
WheatHead 512.0 398.0 579.0 492.0
WheatHead 73.0 404.0 203.0 484.0
WheatHead 60.0 430.0 162.0 494.0
WheatHead 113.0 366.0 286.0 438.0
WheatHead 222.0 243.0 308.0 314.0
WheatHead 308.0 222.0 417.0 305.0
WheatHead 0.0 20.0 70.0 91.0
WheatHead 81.0 0.0 304.0 38.0
WheatHead 14.0 219.0 148.0 314.0
WheatHead 148.0 217.0 209.0 308.0
WheatHead 246.0 93.0 359.0 200.0
WheatHead 537.0 132.0 660.0 204.0
WheatHead 704.0 114.0 784.0 206.0
WheatHead 643.0 236.0 778.0 319.0
WheatHead 906.0 262.0 1022.0 343.0
WheatHead 843.0 0.0 915.0 70.0
WheatHead 929.0 17.0 1011.0 100.0
WheatHead 495.0 0.0 573.0 87.0
WheatHead 560.0 0.0 698.0 67.0
WheatHead 269.0 19.0 329.0 96.0
