WheatHead 957.0 501.0 1024.0 589.0
WheatHead 941.0 253.0 1024.0 337.0
WheatHead 788.0 224.0 892.0 346.0
WheatHead 732.0 150.0 822.0 213.0
WheatHead 921.0 110.0 990.0 212.0
WheatHead 735.0 0.0 826.0 93.0
WheatHead 676.0 93.0 732.0 148.0
WheatHead 635.0 30.0 729.0 98.0
WheatHead 535.0 35.0 640.0 109.0
WheatHead 553.0 154.0 626.0 219.0
WheatHead 512.0 268.0 646.0 358.0
WheatHead 577.0 324.0 712.0 424.0
WheatHead 19.0 8.0 133.0 62.0
WheatHead 64.0 86.0 168.0 157.0
WheatHead 185.0 172.0 284.0 241.0
WheatHead 352.0 92.0 428.0 185.0
WheatHead 374.0 17.0 444.0 88.0
WheatHead 176.0 388.0 245.0 470.0
WheatHead 448.0 378.0 538.0 531.0
WheatHead 556.0 552.0 642.0 645.0
WheatHead 707.0 624.0 799.0 802.0
WheatHead 740.0 821.0 806.0 953.0
WheatHead 935.0 736.0 1002.0 948.0
WheatHead 867.0 875.0 945.0 956.0
WheatHead 469.0 707.0 566.0 896.0
WheatHead 397.0 730.0 474.0 834.0
WheatHead 325.0 815.0 402.0 864.0
WheatHead 197.0 578.0 305.0 742.0
WheatHead 18.0 455.0 103.0 515.0
WheatHead 213.0 366.0 344.0 550.0
WheatHead 67.0 500.0 178.0 563.0
WheatHead 0.0 723.0 62.0 825.0
WheatHead 104.0 915.0 273.0 993.0
WheatHead 34.0 957.0 112.0 1024.0
WheatHead 0.0 142.0 71.0 198.0
WheatHead 429.0 568.0 488.0 627.0
WheatHead 710.0 436.0 803.0 516.0
WheatHead 892.0 492.0 953.0 589.0
WheatHead 426.0 185.0 494.0 249.0
WheatHead 301.0 130.0 379.0 202.0
WheatHead 545.0 922.0 602.0 998.0
WheatHead 590.0 859.0 654.0 934.0
WheatHead 55.0 525.0 164.0 584.0
WheatHead 93.0 587.0 175.0 651.0
WheatHead 549.0 646.0 623.0 735.0
WheatHead 638.0 205.0 700.0 291.0
WheatHead 589.0 487.0 677.0 573.0
WheatHead 606.0 603.0 666.0 690.0
