WheatHead 136.0 935.0 221.0 1002.0
WheatHead 693.0 404.0 774.0 503.0
WheatHead 671.0 954.0 758.0 1015.0
WheatHead 128.0 658.0 211.0 762.0
WheatHead 791.0 27.0 839.0 125.0
WheatHead 824.0 66.0 894.0 150.0
WheatHead 0.0 126.0 96.0 194.0
WheatHead 622.0 157.0 734.0 219.0
WheatHead 330.0 31.0 379.0 151.0
WheatHead 39.0 679.0 120.0 753.0
WheatHead 860.0 673.0 947.0 741.0
WheatHead 865.0 694.0 962.0 786.0
WheatHead 851.0 800.0 907.0 866.0
WheatHead 4.0 730.0 94.0 797.0
WheatHead 1.0 834.0 79.0 912.0
WheatHead 389.0 207.0 463.0 270.0
WheatHead 425.0 716.0 492.0 764.0
WheatHead 143.0 420.0 251.0 489.0
WheatHead 196.0 142.0 347.0 206.0
WheatHead 483.0 600.0 520.0 677.0
WheatHead 912.0 494.0 954.0 563.0
WheatHead 787.0 471.0 866.0 506.0
WheatHead 284.0 777.0 400.0 835.0
WheatHead 0.0 465.0 84.0 509.0
WheatHead 147.0 654.0 248.0 723.0
WheatHead 759.0 924.0 856.0 996.0
WheatHead 68.0 923.0 159.0 987.0
WheatHead 21.0 113.0 122.0 163.0
WheatHead 0.0 437.0 142.0 489.0
WheatHead 865.0 553.0 960.0 609.0
WheatHead 0.0 28.0 60.0 94.0
WheatHead 835.0 913.0 895.0 959.0
WheatHead 958.0 146.0 1002.0 206.0
WheatHead 862.0 1003.0 935.0 1024.0
WheatHead 835.0 0.0 904.0 32.0
WheatHead 228.0 511.0 338.0 552.0
WheatHead 88.0 502.0 159.0 547.0
WheatHead 974.0 512.0 1024.0 570.0
WheatHead 853.0 466.0 955.0 520.0
WheatHead 703.0 720.0 746.0 789.0
WheatHead 170.0 761.0 289.0 807.0
WheatHead 241.0 722.0 293.0 790.0
WheatHead 552.0 207.0 602.0 255.0
WheatHead 921.0 599.0 970.0 634.0
WheatHead 549.0 411.0 601.0 488.0
WheatHead 733.0 772.0 800.0 816.0
WheatHead 597.0 361.0 692.0 432.0
WheatHead 90.0 675.0 139.0 709.0
WheatHead 66.0 520.0 135.0 546.0
WheatHead 974.0 835.0 1013.0 900.0
WheatHead 572.0 139.0 626.0 187.0
WheatHead 720.0 790.0 770.0 858.0
WheatHead 995.0 236.0 1024.0 280.0
WheatHead 729.0 386.0 825.0 443.0
WheatHead 239.0 921.0 338.0 963.0
WheatHead 2.0 236.0 85.0 283.0
WheatHead 337.0 300.0 409.0 345.0
WheatHead 503.0 790.0 614.0 835.0
WheatHead 221.0 806.0 350.0 864.0
WheatHead 196.0 522.0 294.0 579.0
WheatHead 1.0 1002.0 56.0 1024.0
WheatHead 890.0 169.0 936.0 225.0
WheatHead 610.0 991.0 671.0 1024.0
WheatHead 593.0 461.0 661.0 526.0
WheatHead 424.0 438.0 499.0 502.0
WheatHead 402.0 513.0 496.0 556.0
WheatHead 988.0 286.0 1024.0 325.0
WheatHead 218.0 177.0 274.0 223.0
WheatHead 50.0 596.0 100.0 618.0
WheatHead 1013.0 864.0 1024.0 883.0
WheatHead 0.0 565.0 104.0 603.0
WheatHead 572.0 482.0 631.0 535.0
WheatHead 82.0 297.0 162.0 334.0
WheatHead 0.0 73.0 27.0 131.0
WheatHead 0.0 296.0 62.0 337.0
WheatHead 184.0 492.0 261.0 534.0
WheatHead 73.0 876.0 118.0 921.0
WheatHead 76.0 978.0 154.0 1007.0
WheatHead 357.0 167.0 428.0 208.0
WheatHead 948.0 842.0 984.0 893.0
