WheatHead 382.0 368.0 482.0 447.0
WheatHead 970.0 760.0 1024.0 834.0
WheatHead 742.0 760.0 862.0 870.0
WheatHead 599.0 0.0 680.0 40.0
WheatHead 307.0 128.0 373.0 212.0
WheatHead 655.0 7.0 724.0 120.0
WheatHead 996.0 913.0 1024.0 1002.0
WheatHead 266.0 30.0 353.0 133.0
WheatHead 637.0 721.0 796.0 796.0
WheatHead 803.0 225.0 1024.0 325.0
WheatHead 522.0 348.0 780.0 509.0
WheatHead 271.0 721.0 343.0 855.0
WheatHead 563.0 798.0 714.0 949.0
WheatHead 171.0 230.0 322.0 366.0
WheatHead 737.0 583.0 880.0 747.0
WheatHead 317.0 527.0 481.0 611.0
WheatHead 504.0 2.0 586.0 128.0
WheatHead 796.0 0.0 947.0 35.0
WheatHead 384.0 0.0 499.0 99.0
WheatHead 51.0 365.0 297.0 514.0
WheatHead 261.0 829.0 448.0 952.0
WheatHead 156.0 51.0 217.0 130.0
WheatHead 980.0 455.0 1024.0 527.0
WheatHead 855.0 519.0 1024.0 709.0
WheatHead 384.0 711.0 463.0 803.0
WheatHead 0.0 556.0 183.0 624.0
WheatHead 422.0 0.0 563.0 10.0
WheatHead 34.0 661.0 219.0 834.0
WheatHead 844.0 109.0 1024.0 219.0
WheatHead 734.0 53.0 890.0 120.0
WheatHead 535.0 125.0 645.0 189.0
WheatHead 527.0 130.0 688.0 366.0
WheatHead 332.0 430.0 401.0 529.0
WheatHead 568.0 832.0 857.0 1024.0
WheatHead 619.0 604.0 691.0 660.0
WheatHead 711.0 0.0 801.0 35.0
WheatHead 683.0 808.0 752.0 916.0
WheatHead 860.0 757.0 919.0 808.0
WheatHead 291.0 299.0 386.0 522.0
WheatHead 463.0 952.0 540.0 1021.0
WheatHead 724.0 0.0 832.0 33.0
WheatHead 71.0 43.0 158.0 197.0
WheatHead 314.0 560.0 399.0 652.0
WheatHead 563.0 519.0 629.0 709.0
WheatHead 322.0 0.0 417.0 71.0
WheatHead 529.0 163.0 604.0 304.0
WheatHead 294.0 839.0 542.0 988.0
WheatHead 130.0 220.0 204.0 427.0
WheatHead 977.0 563.0 1024.0 637.0
WheatHead 775.0 307.0 911.0 373.0
WheatHead 122.0 0.0 258.0 61.0
WheatHead 458.0 512.0 514.0 565.0
WheatHead 540.0 424.0 640.0 494.0
WheatHead 614.0 455.0 837.0 563.0
WheatHead 0.0 595.0 143.0 656.0
WheatHead 1.0 789.0 55.0 893.0
WheatHead 119.0 842.0 175.0 886.0
WheatHead 437.0 714.0 512.0 865.0
WheatHead 486.0 729.0 545.0 788.0
WheatHead 335.0 826.0 404.0 885.0
WheatHead 2.0 924.0 130.0 1024.0
WheatHead 273.0 965.0 381.0 1024.0
WheatHead 573.0 967.0 655.0 1024.0
WheatHead 688.0 952.0 750.0 1024.0
WheatHead 806.0 568.0 852.0 616.0
WheatHead 1011.0 217.0 1024.0 281.0
WheatHead 842.0 76.0 985.0 161.0
