WheatHead 0.0 963.0 64.0 1024.0
WheatHead 213.0 961.0 317.0 1024.0
WheatHead 342.0 945.0 390.0 1024.0
WheatHead 178.0 830.0 273.0 911.0
WheatHead 498.0 868.0 578.0 937.0
WheatHead 423.0 783.0 496.0 930.0
WheatHead 445.0 694.0 542.0 769.0
WheatHead 570.0 684.0 664.0 776.0
WheatHead 592.0 606.0 703.0 696.0
WheatHead 530.0 529.0 620.0 658.0
WheatHead 441.0 543.0 536.0 610.0
WheatHead 257.0 527.0 325.0 653.0
WheatHead 0.0 246.0 69.0 302.0
WheatHead 17.0 208.0 68.0 254.0
WheatHead 308.0 210.0 418.0 287.0
WheatHead 289.0 375.0 372.0 437.0
WheatHead 313.0 450.0 390.0 636.0
WheatHead 453.0 416.0 568.0 509.0
WheatHead 571.0 475.0 678.0 566.0
WheatHead 571.0 416.0 675.0 495.0
WheatHead 487.0 279.0 607.0 351.0
WheatHead 692.0 280.0 783.0 361.0
WheatHead 835.0 397.0 913.0 530.0
WheatHead 617.0 325.0 724.0 402.0
WheatHead 538.0 354.0 644.0 417.0
WheatHead 658.0 388.0 774.0 453.0
WheatHead 597.0 212.0 687.0 311.0
WheatHead 0.0 64.0 72.0 121.0
WheatHead 61.0 15.0 190.0 73.0
WheatHead 279.0 153.0 333.0 195.0
WheatHead 215.0 102.0 290.0 172.0
WheatHead 311.0 77.0 400.0 150.0
WheatHead 290.0 0.0 346.0 74.0
WheatHead 363.0 0.0 464.0 64.0
WheatHead 565.0 18.0 641.0 115.0
WheatHead 557.0 0.0 622.0 30.0
WheatHead 795.0 193.0 857.0 281.0
WheatHead 841.0 162.0 959.0 226.0
WheatHead 953.0 201.0 1024.0 265.0
WheatHead 657.0 749.0 851.0 878.0
WheatHead 803.0 821.0 855.0 896.0
WheatHead 873.0 868.0 994.0 952.0
WheatHead 841.0 841.0 1017.0 913.0
WheatHead 282.0 54.0 326.0 145.0
