WheatHead 885.0 539.0 969.0 680.0
WheatHead 912.0 814.0 988.0 942.0
WheatHead 32.0 252.0 83.0 362.0
WheatHead 918.0 379.0 996.0 462.0
WheatHead 46.0 875.0 95.0 988.0
WheatHead 385.0 503.0 410.0 608.0
WheatHead 917.0 637.0 955.0 765.0
WheatHead 0.0 299.0 21.0 395.0
WheatHead 109.0 959.0 192.0 1017.0
WheatHead 162.0 141.0 296.0 204.0
WheatHead 802.0 251.0 909.0 322.0
WheatHead 0.0 387.0 55.0 442.0
WheatHead 102.0 375.0 172.0 443.0
WheatHead 0.0 181.0 13.0 225.0
WheatHead 215.0 294.0 296.0 338.0
WheatHead 395.0 937.0 466.0 1006.0
WheatHead 598.0 509.0 643.0 643.0
WheatHead 327.0 800.0 404.0 853.0
WheatHead 25.0 782.0 83.0 817.0
WheatHead 520.0 438.0 570.0 525.0
WheatHead 92.0 23.0 141.0 98.0
WheatHead 562.0 363.0 617.0 431.0
WheatHead 30.0 522.0 128.0 562.0
WheatHead 371.0 407.0 455.0 454.0
WheatHead 866.0 348.0 922.0 465.0
WheatHead 143.0 740.0 269.0 789.0
WheatHead 402.0 256.0 451.0 339.0
WheatHead 480.0 780.0 518.0 852.0
WheatHead 891.0 83.0 924.0 146.0
WheatHead 144.0 656.0 241.0 715.0
WheatHead 0.0 570.0 59.0 629.0
WheatHead 776.0 261.0 845.0 383.0
WheatHead 305.0 656.0 363.0 737.0
WheatHead 240.0 443.0 296.0 499.0
WheatHead 290.0 547.0 333.0 636.0
WheatHead 212.0 976.0 286.0 1019.0
WheatHead 920.0 989.0 977.0 1024.0
WheatHead 791.0 907.0 878.0 965.0
WheatHead 868.0 958.0 915.0 1014.0
WheatHead 839.0 172.0 905.0 207.0
WheatHead 374.0 656.0 455.0 701.0
WheatHead 565.0 421.0 614.0 503.0
WheatHead 688.0 442.0 767.0 475.0
WheatHead 0.0 92.0 23.0 132.0
WheatHead 0.0 958.0 66.0 1005.0
WheatHead 649.0 255.0 685.0 312.0
WheatHead 726.0 353.0 783.0 383.0
WheatHead 841.0 880.0 868.0 939.0
WheatHead 626.0 161.0 666.0 214.0
WheatHead 0.0 897.0 49.0 958.0
WheatHead 361.0 261.0 467.0 416.0
WheatHead 0.0 686.0 12.0 704.0
WheatHead 731.0 454.0 783.0 521.0
WheatHead 795.0 426.0 907.0 460.0
WheatHead 591.0 218.0 622.0 309.0
WheatHead 812.0 374.0 858.0 426.0
WheatHead 430.0 898.0 472.0 979.0
WheatHead 527.0 390.0 591.0 458.0
WheatHead 72.0 548.0 150.0 604.0
WheatHead 285.0 532.0 331.0 571.0
WheatHead 200.0 181.0 244.0 228.0
WheatHead 550.0 46.0 600.0 99.0
WheatHead 679.0 472.0 733.0 488.0
WheatHead 471.0 514.0 547.0 562.0
WheatHead 622.0 0.0 655.0 45.0
WheatHead 6.0 555.0 50.0 574.0
WheatHead 116.0 150.0 146.0 208.0
WheatHead 12.0 846.0 86.0 921.0
WheatHead 625.0 252.0 711.0 354.0
WheatHead 567.0 249.0 658.0 324.0
WheatHead 650.0 346.0 699.0 390.0
WheatHead 498.0 458.0 585.0 507.0
WheatHead 454.0 451.0 520.0 507.0
WheatHead 237.0 286.0 305.0 372.0
WheatHead 147.0 704.0 205.0 743.0
WheatHead 18.0 0.0 47.0 14.0
WheatHead 0.0 0.0 19.0 35.0
WheatHead 828.0 925.0 870.0 1024.0
WheatHead 996.0 872.0 1024.0 933.0
WheatHead 356.0 950.0 424.0 1008.0
WheatHead 327.0 926.0 389.0 1008.0
WheatHead 599.0 989.0 662.0 1024.0
