WheatHead 36.0 1.0 86.0 52.0
WheatHead 91.0 36.0 246.0 124.0
WheatHead 241.0 70.0 335.0 198.0
WheatHead 376.0 0.0 462.0 38.0
WheatHead 483.0 0.0 614.0 123.0
WheatHead 916.0 0.0 1024.0 52.0
WheatHead 14.0 168.0 97.0 270.0
WheatHead 159.0 227.0 242.0 307.0
WheatHead 418.0 174.0 516.0 259.0
WheatHead 555.0 177.0 664.0 265.0
WheatHead 715.0 222.0 805.0 307.0
WheatHead 128.0 659.0 219.0 730.0
WheatHead 266.0 635.0 366.0 709.0
WheatHead 63.0 320.0 148.0 459.0
WheatHead 0.0 414.0 97.0 487.0
WheatHead 681.0 451.0 748.0 515.0
WheatHead 670.0 335.0 774.0 438.0
WheatHead 790.0 391.0 1024.0 518.0
WheatHead 0.0 942.0 37.0 1024.0
WheatHead 191.0 792.0 338.0 881.0
WheatHead 576.0 784.0 719.0 867.0
WheatHead 782.0 913.0 932.0 1022.0
WheatHead 912.0 280.0 1022.0 371.0
WheatHead 855.0 204.0 963.0 275.0
WheatHead 817.0 793.0 892.0 846.0
WheatHead 474.0 718.0 546.0 788.0
WheatHead 495.0 297.0 566.0 364.0
