WheatHead 0.0 796.0 50.0 895.0
WheatHead 134.0 985.0 203.0 1024.0
WheatHead 436.0 978.0 508.0 1024.0
WheatHead 792.0 940.0 894.0 1023.0
WheatHead 864.0 961.0 947.0 1024.0
WheatHead 567.0 926.0 643.0 996.0
WheatHead 617.0 860.0 710.0 933.0
WheatHead 816.0 673.0 887.0 728.0
WheatHead 873.0 627.0 961.0 701.0
WheatHead 832.0 600.0 904.0 665.0
WheatHead 914.0 395.0 985.0 476.0
WheatHead 861.0 509.0 935.0 564.0
WheatHead 768.0 433.0 839.0 498.0
WheatHead 691.0 455.0 848.0 526.0
WheatHead 658.0 662.0 753.0 739.0
WheatHead 606.0 606.0 676.0 664.0
WheatHead 683.0 597.0 753.0 660.0
WheatHead 750.0 588.0 809.0 658.0
WheatHead 577.0 527.0 650.0 624.0
WheatHead 745.0 515.0 822.0 593.0
WheatHead 633.0 391.0 700.0 451.0
WheatHead 506.0 358.0 597.0 449.0
WheatHead 682.0 537.0 759.0 605.0
WheatHead 370.0 542.0 445.0 623.0
WheatHead 324.0 501.0 394.0 569.0
WheatHead 224.0 542.0 312.0 608.0
WheatHead 222.0 368.0 310.0 450.0
WheatHead 299.0 984.0 371.0 1024.0
WheatHead 317.0 930.0 392.0 990.0
WheatHead 376.0 877.0 448.0 941.0
WheatHead 633.0 466.0 711.0 596.0
WheatHead 957.0 398.0 1024.0 466.0
WheatHead 720.0 1001.0 780.0 1024.0
WheatHead 557.0 1012.0 602.0 1024.0
