WheatHead 933.0 0.0 992.0 72.0
WheatHead 877.0 123.0 985.0 187.0
WheatHead 806.0 183.0 905.0 247.0
WheatHead 717.0 237.0 792.0 274.0
WheatHead 543.0 149.0 604.0 196.0
WheatHead 496.0 147.0 564.0 198.0
WheatHead 419.0 37.0 459.0 119.0
WheatHead 357.0 117.0 427.0 154.0
WheatHead 339.0 163.0 384.0 216.0
WheatHead 324.0 12.0 384.0 68.0
WheatHead 329.0 65.0 379.0 100.0
WheatHead 84.0 80.0 129.0 119.0
WheatHead 88.0 116.0 151.0 164.0
WheatHead 101.0 151.0 173.0 199.0
WheatHead 103.0 237.0 152.0 279.0
WheatHead 70.0 543.0 141.0 590.0
WheatHead 389.0 739.0 449.0 813.0
WheatHead 382.0 757.0 499.0 838.0
WheatHead 543.0 702.0 607.0 790.0
WheatHead 593.0 561.0 662.0 601.0
WheatHead 600.0 611.0 675.0 655.0
WheatHead 676.0 620.0 757.0 699.0
WheatHead 803.0 738.0 888.0 796.0
WheatHead 845.0 736.0 933.0 780.0
WheatHead 942.0 798.0 1024.0 835.0
WheatHead 922.0 693.0 1024.0 749.0
WheatHead 803.0 603.0 854.0 659.0
WheatHead 806.0 450.0 866.0 508.0
WheatHead 866.0 586.0 966.0 640.0
WheatHead 921.0 612.0 1024.0 687.0
WheatHead 882.0 158.0 969.0 209.0
WheatHead 34.0 124.0 108.0 213.0
WheatHead 829.0 974.0 883.0 1024.0
