WheatHead 0.0 0.0 115.0 76.0
WheatHead 213.0 29.0 282.0 146.0
WheatHead 211.0 0.0 311.0 37.0
WheatHead 286.0 56.0 346.0 148.0
WheatHead 61.0 210.0 259.0 285.0
WheatHead 152.0 285.0 262.0 342.0
WheatHead 10.0 295.0 184.0 400.0
WheatHead 598.0 140.0 689.0 233.0
WheatHead 572.0 219.0 660.0 325.0
WheatHead 718.0 203.0 783.0 300.0
WheatHead 768.0 188.0 837.0 263.0
WheatHead 744.0 101.0 882.0 222.0
WheatHead 146.0 440.0 283.0 521.0
WheatHead 8.0 505.0 73.0 600.0
WheatHead 428.0 466.0 540.0 545.0
WheatHead 445.0 536.0 522.0 628.0
WheatHead 400.0 654.0 469.0 762.0
WheatHead 275.0 692.0 406.0 828.0
WheatHead 257.0 838.0 435.0 914.0
WheatHead 117.0 931.0 281.0 1009.0
WheatHead 8.0 948.0 99.0 1024.0
WheatHead 0.0 779.0 86.0 904.0
WheatHead 346.0 933.0 439.0 1024.0
WheatHead 577.0 739.0 637.0 861.0
WheatHead 778.0 634.0 880.0 716.0
WheatHead 564.0 981.0 635.0 1024.0
WheatHead 767.0 893.0 855.0 998.0
WheatHead 874.0 879.0 939.0 991.0
WheatHead 804.0 765.0 899.0 867.0
WheatHead 933.0 649.0 1012.0 742.0
WheatHead 889.0 533.0 989.0 618.0
WheatHead 895.0 448.0 958.0 533.0
WheatHead 826.0 397.0 947.0 467.0
WheatHead 749.0 350.0 868.0 445.0
WheatHead 604.0 325.0 712.0 432.0
WheatHead 509.0 379.0 622.0 458.0
WheatHead 862.0 169.0 989.0 300.0
WheatHead 954.0 86.0 1024.0 165.0
WheatHead 890.0 0.0 977.0 70.0
WheatHead 402.0 875.0 487.0 956.0
WheatHead 89.0 411.0 189.0 501.0
WheatHead 756.0 945.0 908.0 1022.0
WheatHead 15.0 224.0 183.0 281.0
WheatHead 113.0 287.0 215.0 361.0
