WheatHead 847.0 351.0 925.0 418.0
WheatHead 735.0 358.0 811.0 421.0
WheatHead 706.0 399.0 788.0 494.0
WheatHead 635.0 462.0 735.0 557.0
WheatHead 477.0 376.0 555.0 481.0
WheatHead 447.0 417.0 538.0 512.0
WheatHead 428.0 231.0 522.0 343.0
WheatHead 109.0 326.0 223.0 407.0
WheatHead 78.0 234.0 142.0 288.0
WheatHead 212.0 89.0 272.0 159.0
WheatHead 481.0 0.0 545.0 62.0
WheatHead 692.0 0.0 773.0 59.0
WheatHead 724.0 73.0 807.0 145.0
WheatHead 720.0 131.0 802.0 210.0
WheatHead 826.0 142.0 927.0 205.0
WheatHead 860.0 0.0 971.0 83.0
WheatHead 1000.0 25.0 1024.0 119.0
WheatHead 1006.0 175.0 1024.0 240.0
WheatHead 0.0 457.0 81.0 527.0
WheatHead 0.0 555.0 85.0 631.0
WheatHead 156.0 585.0 276.0 650.0
WheatHead 352.0 662.0 433.0 710.0
WheatHead 396.0 870.0 486.0 927.0
WheatHead 500.0 909.0 568.0 987.0
WheatHead 165.0 990.0 277.0 1024.0
WheatHead 198.0 854.0 280.0 937.0
WheatHead 772.0 968.0 848.0 1024.0
WheatHead 619.0 968.0 720.0 1024.0
WheatHead 871.0 942.0 956.0 1013.0
WheatHead 815.0 813.0 914.0 934.0
WheatHead 725.0 669.0 817.0 766.0
WheatHead 776.0 563.0 859.0 651.0
WheatHead 849.0 580.0 926.0 653.0
WheatHead 996.0 529.0 1024.0 593.0
WheatHead 878.0 415.0 968.0 464.0
WheatHead 591.0 247.0 709.0 324.0
