WheatHead 276.0 825.0 507.0 982.0
WheatHead 326.0 495.0 503.0 590.0
WheatHead 631.0 512.0 832.0 833.0
WheatHead 234.0 0.0 353.0 103.0
WheatHead 140.0 839.0 296.0 957.0
WheatHead 499.0 240.0 670.0 381.0
WheatHead 40.0 376.0 192.0 514.0
WheatHead 19.0 64.0 161.0 302.0
WheatHead 348.0 0.0 491.0 181.0
WheatHead 773.0 46.0 868.0 125.0
WheatHead 217.0 381.0 330.0 491.0
WheatHead 712.0 381.0 812.0 484.0
WheatHead 821.0 944.0 936.0 1024.0
WheatHead 132.0 744.0 227.0 839.0
WheatHead 4.0 308.0 80.0 403.0
