WheatHead 844.0 803.0 921.0 916.0
WheatHead 56.0 332.0 122.0 409.0
WheatHead 89.0 917.0 170.0 1011.0
WheatHead 837.0 704.0 944.0 803.0
WheatHead 0.0 294.0 43.0 391.0
WheatHead 88.0 486.0 167.0 560.0
WheatHead 908.0 263.0 1003.0 337.0
WheatHead 163.0 445.0 281.0 520.0
WheatHead 135.0 384.0 209.0 478.0
WheatHead 0.0 928.0 37.0 1011.0
WheatHead 798.0 519.0 913.0 640.0
WheatHead 10.0 0.0 122.0 36.0
WheatHead 0.0 831.0 40.0 944.0
WheatHead 31.0 878.0 91.0 997.0
WheatHead 904.0 872.0 1024.0 1001.0
WheatHead 936.0 942.0 1008.0 1024.0
WheatHead 711.0 326.0 806.0 406.0
WheatHead 931.0 215.0 1024.0 276.0
WheatHead 947.0 112.0 1024.0 194.0
WheatHead 947.0 176.0 1021.0 248.0
WheatHead 960.0 598.0 1024.0 676.0
WheatHead 975.0 706.0 1024.0 776.0
WheatHead 971.0 785.0 1024.0 870.0
