WheatHead 0.0 69.0 37.0 130.0
WheatHead 0.0 129.0 66.0 188.0
WheatHead 6.0 174.0 76.0 248.0
WheatHead 0.0 734.0 63.0 818.0
WheatHead 189.0 844.0 256.0 915.0
WheatHead 183.0 791.0 265.0 858.0
WheatHead 198.0 725.0 284.0 795.0
WheatHead 171.0 611.0 247.0 701.0
WheatHead 169.0 561.0 238.0 623.0
WheatHead 220.0 523.0 293.0 606.0
WheatHead 45.0 357.0 165.0 478.0
WheatHead 344.0 314.0 435.0 397.0
WheatHead 330.0 660.0 408.0 725.0
WheatHead 327.0 777.0 406.0 850.0
WheatHead 331.0 721.0 404.0 776.0
WheatHead 428.0 705.0 519.0 766.0
WheatHead 404.0 756.0 476.0 857.0
WheatHead 489.0 751.0 568.0 839.0
WheatHead 555.0 754.0 625.0 837.0
WheatHead 581.0 701.0 690.0 750.0
WheatHead 626.0 625.0 714.0 698.0
WheatHead 596.0 795.0 682.0 908.0
WheatHead 640.0 747.0 707.0 814.0
WheatHead 291.0 861.0 350.0 928.0
WheatHead 744.0 789.0 835.0 862.0
WheatHead 835.0 679.0 925.0 765.0
WheatHead 848.0 615.0 938.0 691.0
WheatHead 670.0 308.0 746.0 378.0
WheatHead 761.0 343.0 837.0 420.0
WheatHead 815.0 366.0 910.0 438.0
WheatHead 716.0 267.0 829.0 340.0
WheatHead 452.0 206.0 522.0 281.0
WheatHead 490.0 126.0 554.0 206.0
WheatHead 521.0 91.0 584.0 164.0
WheatHead 596.0 90.0 681.0 176.0
WheatHead 593.0 169.0 691.0 236.0
WheatHead 647.0 199.0 740.0 266.0
WheatHead 720.0 10.0 823.0 99.0
WheatHead 755.0 66.0 828.0 137.0
WheatHead 810.0 144.0 893.0 229.0
WheatHead 889.0 97.0 964.0 220.0
WheatHead 947.0 125.0 1024.0 216.0
WheatHead 986.0 314.0 1024.0 391.0
WheatHead 602.0 115.0 676.0 188.0
WheatHead 77.0 697.0 152.0 740.0
WheatHead 50.0 801.0 109.0 853.0
WheatHead 997.0 601.0 1024.0 671.0
