WheatHead 243.0 314.0 315.0 420.0
WheatHead 492.0 60.0 569.0 172.0
WheatHead 793.0 129.0 884.0 226.0
WheatHead 638.0 643.0 718.0 723.0
WheatHead 753.0 794.0 849.0 856.0
WheatHead 823.0 737.0 884.0 827.0
WheatHead 211.0 475.0 277.0 566.0
WheatHead 543.0 462.0 630.0 604.0
WheatHead 248.0 210.0 326.0 288.0
WheatHead 0.0 416.0 81.0 483.0
WheatHead 282.0 798.0 364.0 864.0
WheatHead 664.0 847.0 740.0 932.0
WheatHead 116.0 147.0 218.0 267.0
WheatHead 432.0 880.0 521.0 960.0
WheatHead 608.0 185.0 705.0 259.0
WheatHead 883.0 109.0 968.0 210.0
WheatHead 875.0 1.0 932.0 86.0
WheatHead 869.0 376.0 950.0 451.0
WheatHead 817.0 207.0 902.0 279.0
WheatHead 270.0 475.0 387.0 595.0
WheatHead 38.0 534.0 130.0 623.0
WheatHead 400.0 453.0 487.0 565.0
WheatHead 984.0 225.0 1024.0 301.0
WheatHead 652.0 107.0 742.0 211.0
WheatHead 167.0 17.0 260.0 109.0
WheatHead 707.0 439.0 800.0 533.0
WheatHead 34.0 910.0 154.0 993.0
WheatHead 195.0 111.0 276.0 186.0
WheatHead 397.0 405.0 490.0 481.0
WheatHead 972.0 730.0 1024.0 794.0
WheatHead 345.0 125.0 435.0 211.0
WheatHead 961.0 795.0 1024.0 872.0
WheatHead 172.0 574.0 258.0 645.0
WheatHead 159.0 599.0 228.0 692.0
WheatHead 427.0 146.0 520.0 237.0
WheatHead 320.0 614.0 380.0 682.0
WheatHead 0.0 180.0 81.0 279.0
WheatHead 124.0 374.0 210.0 501.0
WheatHead 113.0 640.0 231.0 722.0
WheatHead 694.0 513.0 787.0 613.0
WheatHead 548.0 81.0 662.0 175.0
WheatHead 0.0 308.0 70.0 443.0
WheatHead 522.0 854.0 593.0 968.0
WheatHead 640.0 278.0 728.0 347.0
WheatHead 487.0 792.0 615.0 875.0
WheatHead 557.0 790.0 636.0 856.0
WheatHead 666.0 802.0 742.0 862.0
WheatHead 462.0 578.0 536.0 658.0
WheatHead 891.0 937.0 957.0 984.0
WheatHead 296.0 172.0 393.0 252.0
WheatHead 236.0 679.0 358.0 759.0
WheatHead 96.0 194.0 157.0 242.0
WheatHead 793.0 468.0 876.0 561.0
WheatHead 66.0 727.0 159.0 793.0
WheatHead 401.0 199.0 488.0 279.0
WheatHead 906.0 873.0 1018.0 944.0
WheatHead 147.0 326.0 240.0 386.0
WheatHead 623.0 479.0 690.0 562.0
WheatHead 602.0 888.0 660.0 936.0
WheatHead 535.0 0.0 580.0 38.0
WheatHead 6.0 111.0 117.0 200.0
WheatHead 197.0 918.0 281.0 972.0
WheatHead 311.0 0.0 356.0 40.0
WheatHead 444.0 283.0 560.0 375.0
WheatHead 816.0 532.0 903.0 615.0
WheatHead 569.0 466.0 663.0 607.0
WheatHead 73.0 823.0 159.0 888.0
WheatHead 24.0 782.0 126.0 832.0
WheatHead 167.0 865.0 278.0 950.0
WheatHead 738.0 816.0 804.0 884.0
WheatHead 237.0 0.0 300.0 40.0
WheatHead 9.0 1.0 79.0 25.0
WheatHead 787.0 868.0 846.0 910.0
WheatHead 383.0 995.0 424.0 1024.0
WheatHead 158.0 348.0 238.0 397.0
