WheatHead 371.0 581.0 468.0 675.0
WheatHead 368.0 762.0 460.0 888.0
WheatHead 552.0 663.0 629.0 739.0
WheatHead 166.0 437.0 281.0 552.0
WheatHead 110.0 801.0 240.0 1008.0
WheatHead 276.0 765.0 345.0 878.0
WheatHead 491.0 0.0 558.0 48.0
WheatHead 378.0 381.0 504.0 496.0
WheatHead 652.0 371.0 785.0 460.0
WheatHead 230.0 570.0 294.0 716.0
WheatHead 629.0 227.0 691.0 296.0
WheatHead 419.0 143.0 542.0 263.0
WheatHead 560.0 94.0 640.0 163.0
WheatHead 396.0 66.0 463.0 145.0
WheatHead 322.0 0.0 412.0 25.0
WheatHead 61.0 343.0 156.0 417.0
WheatHead 599.0 20.0 680.0 112.0
WheatHead 688.0 778.0 811.0 980.0
WheatHead 430.0 0.0 499.0 35.0
WheatHead 652.0 435.0 796.0 586.0
WheatHead 655.0 2.0 724.0 58.0
WheatHead 607.0 344.0 666.0 418.0
WheatHead 43.0 261.0 145.0 340.0
WheatHead 642.0 855.0 721.0 965.0
WheatHead 215.0 276.0 312.0 363.0
WheatHead 593.0 581.0 678.0 678.0
WheatHead 174.0 35.0 250.0 115.0
WheatHead 453.0 35.0 547.0 97.0
WheatHead 220.0 0.0 320.0 74.0
WheatHead 481.0 299.0 558.0 396.0
WheatHead 437.0 519.0 517.0 588.0
WheatHead 471.0 855.0 550.0 970.0
WheatHead 889.0 934.0 971.0 1024.0
WheatHead 640.0 540.0 783.0 645.0
WheatHead 527.0 432.0 609.0 509.0
WheatHead 225.0 194.0 314.0 283.0
WheatHead 302.0 563.0 363.0 642.0
WheatHead 478.0 427.0 558.0 524.0
WheatHead 509.0 476.0 609.0 565.0
WheatHead 243.0 399.0 299.0 506.0
WheatHead 381.0 958.0 463.0 1024.0
WheatHead 220.0 990.0 295.0 1024.0
WheatHead 451.0 910.0 528.0 1024.0
WheatHead 266.0 25.0 343.0 99.0
WheatHead 542.0 901.0 591.0 983.0
WheatHead 803.0 153.0 860.0 232.0
WheatHead 468.0 232.0 586.0 322.0
WheatHead 284.0 332.0 360.0 419.0
WheatHead 194.0 340.0 289.0 419.0
WheatHead 158.0 240.0 212.0 348.0
WheatHead 317.0 424.0 358.0 527.0
WheatHead 212.0 637.0 258.0 729.0
WheatHead 120.0 760.0 202.0 890.0
WheatHead 215.0 872.0 263.0 926.0
WheatHead 407.0 755.0 455.0 819.0
WheatHead 535.0 724.0 593.0 857.0
WheatHead 832.0 785.0 898.0 844.0
WheatHead 680.0 857.0 770.0 967.0
WheatHead 547.0 949.0 606.0 1024.0
WheatHead 832.0 977.0 885.0 1024.0
