WheatHead 747.0 613.0 834.0 692.0
WheatHead 825.0 67.0 924.0 143.0
WheatHead 857.0 93.0 971.0 193.0
WheatHead 325.0 69.0 401.0 156.0
WheatHead 183.0 586.0 248.0 665.0
WheatHead 468.0 94.0 569.0 188.0
WheatHead 250.0 967.0 339.0 1024.0
WheatHead 627.0 683.0 738.0 762.0
WheatHead 125.0 666.0 193.0 725.0
WheatHead 909.0 159.0 1016.0 242.0
WheatHead 196.0 944.0 255.0 997.0
WheatHead 838.0 0.0 958.0 69.0
WheatHead 980.0 68.0 1024.0 175.0
WheatHead 234.0 541.0 290.0 607.0
WheatHead 40.0 584.0 107.0 660.0
WheatHead 341.0 182.0 405.0 235.0
WheatHead 421.0 609.0 515.0 705.0
WheatHead 259.0 734.0 348.0 803.0
WheatHead 426.0 741.0 515.0 824.0
WheatHead 721.0 903.0 827.0 978.0
WheatHead 262.0 156.0 335.0 231.0
WheatHead 253.0 412.0 342.0 497.0
WheatHead 490.0 833.0 589.0 924.0
WheatHead 946.0 0.0 1015.0 69.0
WheatHead 83.0 862.0 148.0 922.0
WheatHead 372.0 944.0 470.0 1024.0
WheatHead 97.0 964.0 182.0 1020.0
WheatHead 64.0 771.0 160.0 847.0
WheatHead 162.0 869.0 235.0 937.0
WheatHead 553.0 138.0 682.0 214.0
WheatHead 71.0 0.0 174.0 48.0
WheatHead 897.0 988.0 969.0 1024.0
WheatHead 940.0 782.0 1009.0 867.0
WheatHead 954.0 753.0 1024.0 821.0
WheatHead 875.0 632.0 939.0 697.0
WheatHead 912.0 615.0 990.0 693.0
WheatHead 941.0 615.0 1024.0 702.0
WheatHead 884.0 519.0 970.0 600.0
WheatHead 972.0 301.0 1024.0 368.0
WheatHead 837.0 336.0 919.0 405.0
WheatHead 693.0 345.0 769.0 421.0
WheatHead 671.0 441.0 748.0 504.0
WheatHead 686.0 516.0 763.0 584.0
WheatHead 804.0 432.0 865.0 509.0
WheatHead 118.0 533.0 212.0 616.0
WheatHead 857.0 426.0 951.0 529.0
