WheatHead 129.0 294.0 261.0 355.0
WheatHead 129.0 212.0 176.0 286.0
WheatHead 51.0 120.0 98.0 209.0
WheatHead 0.0 44.0 70.0 127.0
WheatHead 0.0 162.0 43.0 217.0
WheatHead 0.0 298.0 56.0 419.0
WheatHead 66.0 396.0 168.0 470.0
WheatHead 337.0 366.0 421.0 481.0
WheatHead 437.0 475.0 518.0 583.0
WheatHead 325.0 591.0 463.0 699.0
WheatHead 477.0 690.0 565.0 778.0
WheatHead 209.0 666.0 320.0 739.0
WheatHead 193.0 592.0 243.0 658.0
WheatHead 103.0 553.0 172.0 662.0
WheatHead 119.0 701.0 197.0 770.0
WheatHead 38.0 631.0 90.0 694.0
WheatHead 0.0 633.0 62.0 694.0
WheatHead 76.0 488.0 122.0 554.0
WheatHead 673.0 875.0 737.0 953.0
WheatHead 627.0 727.0 699.0 785.0
WheatHead 690.0 507.0 750.0 616.0
WheatHead 618.0 526.0 673.0 603.0
WheatHead 825.0 393.0 886.0 452.0
WheatHead 961.0 200.0 1023.0 311.0
WheatHead 909.0 82.0 982.0 194.0
WheatHead 683.0 0.0 819.0 151.0
WheatHead 866.0 515.0 946.0 609.0
WheatHead 942.0 492.0 996.0 570.0
WheatHead 966.0 605.0 1024.0 714.0
WheatHead 972.0 715.0 1020.0 786.0
WheatHead 752.0 746.0 849.0 828.0
WheatHead 832.0 823.0 934.0 909.0
WheatHead 804.0 684.0 935.0 768.0
WheatHead 705.0 656.0 772.0 721.0
WheatHead 729.0 593.0 811.0 654.0
WheatHead 74.0 829.0 136.0 895.0
WheatHead 183.0 0.0 276.0 77.0
WheatHead 224.0 21.0 316.0 123.0
WheatHead 308.0 56.0 381.0 177.0
WheatHead 278.0 208.0 358.0 291.0
WheatHead 384.0 190.0 445.0 264.0
WheatHead 374.0 281.0 479.0 347.0
WheatHead 482.0 366.0 565.0 462.0
WheatHead 570.0 240.0 656.0 316.0
WheatHead 665.0 139.0 729.0 236.0
WheatHead 552.0 141.0 631.0 210.0
WheatHead 507.0 190.0 601.0 261.0
WheatHead 369.0 1.0 446.0 93.0
WheatHead 231.0 430.0 299.0 511.0
WheatHead 245.0 780.0 302.0 808.0
WheatHead 81.0 649.0 149.0 716.0
WheatHead 769.0 788.0 866.0 843.0
WheatHead 581.0 39.0 685.0 145.0
WheatHead 37.0 506.0 101.0 585.0
WheatHead 0.0 518.0 51.0 573.0
WheatHead 265.0 153.0 355.0 228.0
