WheatHead 803.0 303.0 875.0 384.0
WheatHead 879.0 385.0 930.0 458.0
WheatHead 900.0 347.0 955.0 392.0
WheatHead 915.0 389.0 986.0 451.0
WheatHead 783.0 0.0 855.0 52.0
WheatHead 673.0 0.0 746.0 74.0
WheatHead 727.0 70.0 829.0 126.0
WheatHead 557.0 21.0 697.0 99.0
WheatHead 438.0 235.0 563.0 317.0
WheatHead 579.0 301.0 650.0 362.0
WheatHead 643.0 235.0 714.0 318.0
WheatHead 623.0 179.0 692.0 225.0
WheatHead 709.0 322.0 781.0 391.0
WheatHead 612.0 359.0 679.0 402.0
WheatHead 744.0 533.0 799.0 616.0
WheatHead 783.0 489.0 881.0 557.0
WheatHead 941.0 584.0 1024.0 652.0
WheatHead 862.0 712.0 952.0 843.0
WheatHead 862.0 873.0 935.0 942.0
WheatHead 796.0 870.0 863.0 946.0
WheatHead 669.0 919.0 709.0 960.0
WheatHead 707.0 938.0 792.0 1012.0
WheatHead 860.0 963.0 948.0 1024.0
WheatHead 391.0 914.0 475.0 1002.0
WheatHead 335.0 941.0 387.0 1004.0
WheatHead 191.0 965.0 288.0 1024.0
WheatHead 73.0 912.0 148.0 972.0
WheatHead 179.0 873.0 225.0 945.0
WheatHead 208.0 870.0 313.0 918.0
WheatHead 215.0 807.0 347.0 881.0
WheatHead 321.0 604.0 415.0 744.0
WheatHead 60.0 740.0 142.0 803.0
WheatHead 48.0 821.0 154.0 885.0
WheatHead 21.0 692.0 86.0 762.0
WheatHead 77.0 527.0 144.0 598.0
WheatHead 423.0 488.0 516.0 559.0
WheatHead 23.0 268.0 109.0 335.0
WheatHead 112.0 193.0 180.0 276.0
WheatHead 182.0 251.0 254.0 300.0
WheatHead 248.0 282.0 339.0 334.0
WheatHead 288.0 337.0 410.0 381.0
WheatHead 235.0 377.0 301.0 479.0
WheatHead 130.0 328.0 234.0 393.0
WheatHead 171.0 294.0 261.0 342.0
WheatHead 55.0 321.0 145.0 365.0
WheatHead 0.0 352.0 53.0 425.0
WheatHead 358.0 407.0 462.0 484.0
WheatHead 485.0 331.0 567.0 399.0
WheatHead 579.0 376.0 643.0 441.0
WheatHead 619.0 423.0 699.0 485.0
WheatHead 653.0 490.0 724.0 559.0
WheatHead 545.0 548.0 661.0 617.0
WheatHead 570.0 594.0 662.0 698.0
WheatHead 550.0 97.0 643.0 157.0
WheatHead 635.0 119.0 692.0 169.0
WheatHead 293.0 190.0 341.0 227.0
WheatHead 186.0 428.0 249.0 492.0
WheatHead 334.0 301.0 424.0 368.0
WheatHead 238.0 618.0 289.0 669.0
WheatHead 799.0 575.0 854.0 625.0
WheatHead 734.0 10.0 784.0 68.0
