WheatHead 31.899999618530273 849.7000122070312 102.30000305175781 906.0999755859375
WheatHead 140.0 820.0 205.0 886.0
WheatHead 245.0 837.0 297.0 909.0
WheatHead 274.0 961.0 347.0 1024.0
WheatHead 401.0 989.0 464.0 1024.0
WheatHead 470.0 901.0 538.0 972.0
WheatHead 564.0 878.0 631.0 949.0
WheatHead 526.0 919.0 597.0 988.0
WheatHead 529.0 741.0 630.0 847.0
WheatHead 559.0 992.0 654.0 1024.0
WheatHead 686.0 985.0 753.0 1024.0
WheatHead 815.0 985.0 883.0 1024.0
WheatHead 935.0 985.0 1019.0 1024.0
WheatHead 868.0 693.0 996.0 823.0
WheatHead 819.0 720.0 868.0 793.0
WheatHead 680.0 571.0 756.0 644.0
WheatHead 909.0 532.0 979.0 603.0
WheatHead 841.0 473.0 927.0 561.0
WheatHead 814.0 349.0 950.0 416.0
WheatHead 838.0 395.0 925.0 470.0
WheatHead 912.0 394.0 1023.0 507.0
WheatHead 955.0 331.0 1024.0 414.0
WheatHead 405.0 482.0 514.0 554.0
WheatHead 371.0 400.0 441.0 490.0
WheatHead 182.0 412.0 280.0 494.0
WheatHead 54.0 427.0 154.0 501.0
WheatHead 444.0 133.0 527.0 255.0
WheatHead 297.0 319.0 377.0 389.0
WheatHead 243.0 280.0 304.0 384.0
WheatHead 307.0 175.0 379.0 293.0
WheatHead 177.0 70.0 248.0 188.0
WheatHead 90.0 227.0 167.0 395.0
WheatHead 4.0 235.0 72.0 303.0
WheatHead 841.0 31.0 904.0 94.0
WheatHead 774.0 97.0 854.0 163.0
WheatHead 736.0 53.0 797.0 126.0
WheatHead 800.0 557.0 899.0 645.0
WheatHead 884.0 319.0 968.0 382.0
WheatHead 268.0 132.0 353.0 231.0
WheatHead 808.0 676.0 884.0 738.0
WheatHead 0.0 259.0 22.0 350.0
WheatHead 21.0 0.0 76.0 28.0
WheatHead 898.0 0.0 947.0 29.0
WheatHead 843.0 0.0 865.0 10.0
WheatHead 807.0 0.0 838.0 22.0
WheatHead 0.0 780.0 32.0 839.0
WheatHead 0.0 979.0 29.0 1024.0
WheatHead 733.0 828.0 805.0 879.0
WheatHead 441.0 732.0 494.0 805.0
WheatHead 642.0 998.0 688.0 1024.0
WheatHead 379.0 997.0 415.0 1024.0
WheatHead 104.0 826.0 159.0 903.0
WheatHead 902.0 389.0 956.0 474.0
WheatHead 787.0 779.0 854.0 824.0
