WheatHead 418.0 808.0 526.0 898.0
WheatHead 560.0 576.0 645.0 693.0
WheatHead 778.0 558.0 860.0 650.0
WheatHead 542.0 962.0 629.0 1024.0
WheatHead 568.0 79.0 642.0 199.0
WheatHead 313.0 94.0 399.0 221.0
WheatHead 629.0 924.0 701.0 1006.0
WheatHead 680.0 517.0 755.0 614.0
WheatHead 901.0 824.0 990.0 942.0
WheatHead 478.0 66.0 555.0 194.0
WheatHead 860.0 678.0 944.0 778.0
WheatHead 573.0 381.0 657.0 504.0
WheatHead 857.0 488.0 936.0 568.0
WheatHead 486.0 381.0 611.0 535.0
WheatHead 669.0 148.0 758.0 301.0
WheatHead 684.0 798.0 745.0 914.0
WheatHead 688.0 430.0 760.0 514.0
WheatHead 683.0 716.0 768.0 791.0
WheatHead 924.0 335.0 1024.0 414.0
WheatHead 431.0 498.0 499.0 578.0
WheatHead 816.0 747.0 919.0 847.0
WheatHead 550.0 2.0 601.0 84.0
WheatHead 701.0 2.0 793.0 151.0
WheatHead 826.0 473.0 880.0 568.0
WheatHead 837.0 343.0 908.0 463.0
WheatHead 956.0 903.0 1024.0 964.0
WheatHead 945.0 3.0 1024.0 100.0
WheatHead 571.0 823.0 634.0 914.0
WheatHead 808.0 0.0 851.0 55.0
WheatHead 858.0 20.0 936.0 133.0
WheatHead 622.0 810.0 696.0 902.0
WheatHead 463.0 1.0 553.0 73.0
