WheatHead 850.0 0.0 939.0 25.0
WheatHead 911.0 10.0 1013.0 88.0
WheatHead 631.0 0.0 705.0 97.0
WheatHead 707.0 19.0 793.0 95.0
WheatHead 623.0 112.0 712.0 179.0
WheatHead 60.0 15.0 132.0 129.0
WheatHead 157.0 151.0 271.0 220.0
WheatHead 47.0 207.0 135.0 272.0
WheatHead 306.0 331.0 427.0 437.0
WheatHead 247.0 435.0 349.0 512.0
WheatHead 462.0 451.0 599.0 557.0
WheatHead 431.0 585.0 535.0 675.0
WheatHead 151.0 658.0 279.0 723.0
WheatHead 0.0 677.0 111.0 760.0
WheatHead 274.0 873.0 401.0 946.0
WheatHead 425.0 836.0 578.0 919.0
WheatHead 604.0 599.0 758.0 695.0
WheatHead 809.0 674.0 896.0 752.0
WheatHead 929.0 645.0 1024.0 791.0
WheatHead 848.0 393.0 937.0 479.0
WheatHead 741.0 309.0 818.0 367.0
WheatHead 596.0 257.0 699.0 335.0
WheatHead 489.0 194.0 583.0 271.0
WheatHead 519.0 116.0 611.0 187.0
WheatHead 904.0 171.0 997.0 244.0
WheatHead 821.0 169.0 897.0 235.0
WheatHead 764.0 976.0 918.0 1024.0
WheatHead 141.0 981.0 281.0 1024.0
WheatHead 168.0 935.0 260.0 989.0
WheatHead 375.0 559.0 488.0 635.0
