WheatHead 769.0 126.0 821.0 212.0
WheatHead 787.0 149.0 851.0 231.0
WheatHead 843.0 200.0 904.0 279.0
WheatHead 896.0 249.0 952.0 325.0
WheatHead 608.0 133.0 673.0 195.0
WheatHead 649.0 200.0 714.0 249.0
WheatHead 713.0 201.0 777.0 256.0
WheatHead 683.0 243.0 737.0 283.0
WheatHead 662.0 273.0 724.0 320.0
WheatHead 709.0 280.0 777.0 333.0
WheatHead 671.0 318.0 776.0 366.0
WheatHead 612.0 298.0 673.0 359.0
WheatHead 586.0 359.0 661.0 413.0
WheatHead 653.0 328.0 759.0 388.0
WheatHead 432.0 256.0 527.0 313.0
WheatHead 434.0 161.0 508.0 240.0
WheatHead 486.0 161.0 545.0 235.0
WheatHead 292.0 0.0 382.0 34.0
WheatHead 25.0 96.0 112.0 189.0
WheatHead 254.0 164.0 352.0 250.0
WheatHead 201.0 260.0 303.0 347.0
WheatHead 305.0 330.0 386.0 387.0
WheatHead 252.0 409.0 321.0 525.0
WheatHead 0.0 218.0 45.0 280.0
WheatHead 452.0 606.0 513.0 689.0
WheatHead 391.0 716.0 473.0 778.0
WheatHead 478.0 739.0 565.0 793.0
WheatHead 603.0 481.0 699.0 577.0
WheatHead 697.0 481.0 813.0 565.0
WheatHead 700.0 556.0 822.0 638.0
WheatHead 851.0 586.0 914.0 664.0
WheatHead 758.0 612.0 825.0 675.0
WheatHead 781.0 739.0 847.0 792.0
WheatHead 707.0 776.0 806.0 834.0
WheatHead 904.0 733.0 974.0 800.0
WheatHead 931.0 661.0 1005.0 721.0
WheatHead 422.0 832.0 506.0 903.0
WheatHead 275.0 836.0 339.0 894.0
WheatHead 884.0 911.0 947.0 1024.0
WheatHead 888.0 340.0 960.0 410.0
WheatHead 980.0 838.0 1024.0 952.0
WheatHead 533.0 352.0 589.0 396.0
WheatHead 421.0 635.0 471.0 703.0
WheatHead 0.0 89.0 108.0 159.0
WheatHead 375.0 248.0 424.0 313.0
WheatHead 474.0 808.0 538.0 869.0
