WheatHead 545.0 473.0 637.0 552.0
WheatHead 855.0 711.0 957.0 788.0
WheatHead 325.0 153.0 448.0 222.0
WheatHead 351.0 649.0 438.0 744.0
WheatHead 861.0 80.0 972.0 129.0
WheatHead 89.0 94.0 189.0 166.0
WheatHead 616.0 394.0 719.0 455.0
WheatHead 821.0 465.0 921.0 529.0
WheatHead 714.0 286.0 811.0 358.0
WheatHead 473.0 238.0 611.0 307.0
WheatHead 729.0 747.0 839.0 832.0
WheatHead 378.0 832.0 514.0 939.0
WheatHead 7.0 936.0 84.0 1015.0
WheatHead 250.0 732.0 325.0 814.0
WheatHead 23.0 262.0 110.0 352.0
WheatHead 737.0 468.0 847.0 550.0
WheatHead 711.0 184.0 824.0 261.0
WheatHead 273.0 261.0 360.0 343.0
WheatHead 788.0 0.0 916.0 41.0
WheatHead 903.0 396.0 1016.0 460.0
WheatHead 0.0 563.0 43.0 637.0
WheatHead 197.0 115.0 279.0 197.0
WheatHead 737.0 122.0 832.0 194.0
WheatHead 837.0 588.0 1003.0 657.0
WheatHead 798.0 389.0 896.0 450.0
WheatHead 593.0 710.0 701.0 797.0
WheatHead 345.0 514.0 442.0 593.0
WheatHead 752.0 919.0 849.0 1018.0
WheatHead 158.0 381.0 250.0 460.0
WheatHead 184.0 634.0 258.0 724.0
WheatHead 179.0 309.0 284.0 417.0
WheatHead 133.0 849.0 209.0 931.0
WheatHead 674.0 653.0 773.0 751.0
WheatHead 168.0 179.0 240.0 284.0
WheatHead 267.0 871.0 367.0 991.0
WheatHead 38.0 0.0 153.0 71.0
WheatHead 0.0 532.0 73.0 573.0
WheatHead 0.0 622.0 76.0 678.0
WheatHead 204.0 611.0 307.0 683.0
WheatHead 616.0 613.0 706.0 687.0
WheatHead 826.0 632.0 942.0 709.0
WheatHead 924.0 261.0 1024.0 314.0
WheatHead 934.0 135.0 1021.0 197.0
WheatHead 862.0 46.0 960.0 84.0
WheatHead 755.0 225.0 860.0 279.0
WheatHead 632.0 325.0 737.0 417.0
WheatHead 389.0 258.0 473.0 332.0
WheatHead 366.0 94.0 496.0 163.0
WheatHead 448.0 773.0 542.0 857.0
WheatHead 958.0 809.0 1022.0 880.0
WheatHead 955.0 943.0 1024.0 1022.0
WheatHead 219.0 948.0 314.0 998.0
WheatHead 207.0 980.0 294.0 1023.0
WheatHead 647.0 676.0 714.0 762.0
WheatHead 561.0 984.0 628.0 1024.0
