WheatHead 397.0 942.0 440.0 1024.0
WheatHead 610.0 0.0 684.0 66.0
WheatHead 716.0 775.0 772.0 875.0
WheatHead 41.0 568.0 138.0 633.0
WheatHead 248.0 84.0 322.0 165.0
WheatHead 21.0 938.0 130.0 1024.0
WheatHead 1004.0 388.0 1024.0 425.0
WheatHead 173.0 906.0 274.0 956.0
WheatHead 521.0 966.0 595.0 1023.0
WheatHead 637.0 447.0 731.0 528.0
WheatHead 80.0 5.0 163.0 62.0
WheatHead 957.0 931.0 1024.0 993.0
WheatHead 974.0 345.0 1024.0 393.0
WheatHead 614.0 258.0 707.0 349.0
WheatHead 921.0 266.0 996.0 319.0
WheatHead 656.0 845.0 750.0 913.0
WheatHead 906.0 687.0 1024.0 763.0
WheatHead 776.0 371.0 936.0 464.0
WheatHead 674.0 174.0 723.0 254.0
WheatHead 427.0 264.0 496.0 335.0
WheatHead 334.0 395.0 401.0 459.0
WheatHead 0.0 796.0 46.0 841.0
WheatHead 974.0 6.0 1024.0 72.0
WheatHead 117.0 159.0 260.0 222.0
WheatHead 395.0 45.0 482.0 94.0
WheatHead 850.0 886.0 910.0 950.0
WheatHead 751.0 522.0 794.0 561.0
WheatHead 548.0 960.0 618.0 1016.0
WheatHead 744.0 563.0 809.0 625.0
WheatHead 0.0 116.0 69.0 197.0
WheatHead 625.0 385.0 695.0 466.0
WheatHead 436.0 522.0 540.0 617.0
WheatHead 65.0 69.0 146.0 126.0
WheatHead 764.0 122.0 827.0 216.0
WheatHead 471.0 166.0 526.0 253.0
WheatHead 289.0 885.0 338.0 946.0
WheatHead 509.0 680.0 615.0 735.0
WheatHead 905.0 956.0 976.0 1024.0
WheatHead 0.0 380.0 30.0 407.0
WheatHead 739.0 77.0 808.0 137.0
WheatHead 175.0 220.0 292.0 264.0
WheatHead 482.0 284.0 598.0 339.0
WheatHead 219.0 309.0 247.0 329.0
WheatHead 886.0 635.0 982.0 695.0
WheatHead 525.0 379.0 650.0 455.0
WheatHead 107.0 913.0 199.0 968.0
WheatHead 817.0 497.0 969.0 544.0
WheatHead 294.0 952.0 363.0 981.0
WheatHead 631.0 109.0 691.0 173.0
WheatHead 723.0 195.0 797.0 248.0
WheatHead 0.0 858.0 83.0 891.0
WheatHead 629.0 948.0 698.0 993.0
WheatHead 61.0 880.0 122.0 938.0
WheatHead 543.0 233.0 610.0 282.0
WheatHead 697.0 0.0 761.0 42.0
WheatHead 467.0 157.0 582.0 199.0
WheatHead 759.0 335.0 892.0 375.0
WheatHead 307.0 897.0 363.0 954.0
WheatHead 831.0 423.0 925.0 506.0
WheatHead 803.0 0.0 870.0 127.0
WheatHead 439.0 123.0 629.0 173.0
WheatHead 796.0 282.0 866.0 348.0
WheatHead 23.0 195.0 102.0 252.0
WheatHead 796.0 85.0 859.0 143.0
WheatHead 323.0 11.0 373.0 50.0
WheatHead 209.0 930.0 268.0 1004.0
WheatHead 720.0 542.0 783.0 580.0
WheatHead 277.0 566.0 355.0 611.0
WheatHead 670.0 782.0 733.0 841.0
WheatHead 330.0 386.0 438.0 486.0
WheatHead 575.0 814.0 655.0 873.0
WheatHead 777.0 787.0 849.0 841.0
WheatHead 661.0 105.0 760.0 212.0
WheatHead 168.0 326.0 280.0 383.0
WheatHead 381.0 349.0 459.0 424.0
WheatHead 490.0 664.0 530.0 724.0
WheatHead 263.0 307.0 425.0 420.0
WheatHead 253.0 490.0 333.0 550.0
WheatHead 0.0 756.0 102.0 808.0
WheatHead 291.0 478.0 409.0 579.0
WheatHead 499.0 0.0 557.0 31.0
WheatHead 790.0 772.0 855.0 816.0
WheatHead 623.0 640.0 695.0 683.0
WheatHead 527.0 501.0 599.0 583.0
WheatHead 245.0 311.0 317.0 391.0
WheatHead 690.0 900.0 857.0 940.0
WheatHead 209.0 440.0 324.0 508.0
WheatHead 781.0 878.0 847.0 933.0
WheatHead 586.0 674.0 634.0 735.0
WheatHead 151.0 861.0 234.0 906.0
WheatHead 321.0 95.0 412.0 171.0
WheatHead 964.0 1006.0 1024.0 1024.0
WheatHead 618.0 996.0 655.0 1024.0
WheatHead 61.0 840.0 140.0 887.0
WheatHead 125.0 296.0 219.0 334.0
WheatHead 887.0 164.0 936.0 243.0
WheatHead 508.0 711.0 545.0 823.0
WheatHead 399.0 688.0 487.0 754.0
WheatHead 27.0 710.0 113.0 796.0
WheatHead 76.0 737.0 189.0 838.0
WheatHead 145.0 716.0 255.0 768.0
WheatHead 198.0 818.0 261.0 845.0
WheatHead 504.0 730.0 591.0 773.0
WheatHead 198.0 836.0 243.0 862.0
WheatHead 124.0 993.0 194.0 1024.0
WheatHead 197.0 1004.0 272.0 1024.0
WheatHead 337.0 755.0 418.0 836.0
WheatHead 1.0 938.0 25.0 981.0
WheatHead 274.0 979.0 409.0 1013.0
WheatHead 297.0 982.0 336.0 1024.0
WheatHead 360.0 949.0 509.0 992.0
WheatHead 415.0 916.0 510.0 1024.0
WheatHead 501.0 875.0 607.0 954.0
WheatHead 776.0 560.0 876.0 609.0
WheatHead 998.0 710.0 1024.0 764.0
WheatHead 543.0 740.0 589.0 772.0
