WheatHead 0.0 49.0 75.0 156.0
WheatHead 40.0 333.0 131.0 422.0
WheatHead 135.0 240.0 200.0 355.0
WheatHead 165.0 153.0 237.0 218.0
WheatHead 232.0 138.0 307.0 233.0
WheatHead 6.0 441.0 75.0 546.0
WheatHead 173.0 511.0 241.0 609.0
WheatHead 210.0 574.0 292.0 670.0
WheatHead 110.0 601.0 184.0 691.0
WheatHead 12.0 609.0 95.0 672.0
WheatHead 81.0 871.0 150.0 951.0
WheatHead 166.0 918.0 245.0 986.0
WheatHead 212.0 867.0 288.0 949.0
WheatHead 834.0 947.0 911.0 1021.0
WheatHead 775.0 965.0 840.0 1024.0
WheatHead 723.0 852.0 810.0 935.0
WheatHead 702.0 791.0 788.0 856.0
WheatHead 549.0 837.0 643.0 912.0
WheatHead 613.0 716.0 701.0 816.0
WheatHead 542.0 703.0 618.0 775.0
WheatHead 756.0 660.0 836.0 741.0
WheatHead 445.0 606.0 588.0 699.0
WheatHead 882.0 610.0 962.0 691.0
WheatHead 937.0 526.0 1010.0 668.0
WheatHead 859.0 500.0 939.0 624.0
WheatHead 878.0 446.0 956.0 520.0
WheatHead 683.0 417.0 769.0 539.0
WheatHead 643.0 390.0 723.0 459.0
WheatHead 679.0 334.0 755.0 412.0
WheatHead 798.0 359.0 868.0 436.0
WheatHead 778.0 301.0 838.0 369.0
WheatHead 543.0 231.0 631.0 332.0
WheatHead 594.0 175.0 657.0 244.0
WheatHead 657.0 149.0 768.0 208.0
WheatHead 462.0 326.0 528.0 387.0
WheatHead 380.0 316.0 462.0 392.0
WheatHead 348.0 286.0 424.0 355.0
WheatHead 840.0 166.0 912.0 248.0
WheatHead 919.0 229.0 997.0 298.0
WheatHead 951.0 325.0 1012.0 389.0
WheatHead 982.0 380.0 1024.0 440.0
WheatHead 676.0 205.0 753.0 276.0
WheatHead 560.0 3.0 634.0 59.0
WheatHead 352.0 954.0 419.0 1024.0
WheatHead 365.0 756.0 428.0 810.0
WheatHead 321.0 209.0 382.0 275.0
WheatHead 231.0 369.0 292.0 438.0
WheatHead 202.0 84.0 288.0 157.0
WheatHead 745.0 945.0 809.0 1009.0
WheatHead 845.0 0.0 945.0 42.0
WheatHead 410.0 974.0 474.0 1024.0
WheatHead 663.0 0.0 719.0 48.0
WheatHead 977.0 1.0 1023.0 30.0
WheatHead 989.0 200.0 1024.0 299.0
WheatHead 917.0 326.0 963.0 377.0
WheatHead 631.0 200.0 686.0 279.0
WheatHead 481.0 0.0 563.0 34.0
WheatHead 738.0 328.0 805.0 389.0
WheatHead 497.0 879.0 554.0 929.0
WheatHead 348.0 881.0 421.0 924.0
WheatHead 324.0 923.0 371.0 976.0
WheatHead 316.0 1001.0 362.0 1024.0
WheatHead 996.0 342.0 1024.0 375.0
