WheatHead 980.0 375.0 1022.0 546.0
WheatHead 845.0 407.0 953.0 560.0
WheatHead 800.0 534.0 871.0 631.0
WheatHead 754.0 565.0 841.0 653.0
WheatHead 960.0 672.0 1024.0 784.0
WheatHead 945.0 747.0 985.0 821.0
WheatHead 881.0 757.0 952.0 845.0
WheatHead 829.0 826.0 930.0 889.0
WheatHead 961.0 838.0 1020.0 911.0
WheatHead 859.0 983.0 930.0 1024.0
WheatHead 434.0 953.0 538.0 1019.0
WheatHead 362.0 975.0 449.0 1024.0
WheatHead 50.0 954.0 146.0 1024.0
WheatHead 0.0 974.0 63.0 1024.0
WheatHead 208.0 822.0 311.0 870.0
WheatHead 343.0 860.0 436.0 922.0
WheatHead 419.0 742.0 490.0 808.0
WheatHead 332.0 646.0 443.0 735.0
WheatHead 290.0 721.0 355.0 784.0
WheatHead 322.0 778.0 413.0 847.0
WheatHead 141.0 784.0 212.0 841.0
WheatHead 118.0 814.0 180.0 870.0
WheatHead 783.0 742.0 875.0 793.0
WheatHead 813.0 690.0 884.0 755.0
WheatHead 776.0 781.0 873.0 830.0
WheatHead 650.0 676.0 761.0 731.0
WheatHead 695.0 560.0 752.0 643.0
WheatHead 631.0 505.0 728.0 617.0
WheatHead 624.0 271.0 686.0 378.0
WheatHead 722.0 201.0 820.0 245.0
WheatHead 817.0 242.0 964.0 317.0
WheatHead 925.0 153.0 978.0 240.0
WheatHead 448.0 14.0 514.0 63.0
WheatHead 146.0 10.0 246.0 126.0
WheatHead 68.0 17.0 134.0 141.0
WheatHead 53.0 149.0 171.0 230.0
WheatHead 123.0 254.0 261.0 318.0
WheatHead 96.0 358.0 189.0 426.0
WheatHead 320.0 397.0 444.0 556.0
WheatHead 280.0 453.0 332.0 576.0
WheatHead 204.0 455.0 276.0 518.0
WheatHead 37.0 209.0 114.0 291.0
WheatHead 0.0 174.0 59.0 269.0
WheatHead 287.0 38.0 342.0 169.0
WheatHead 342.0 67.0 414.0 200.0
WheatHead 496.0 176.0 570.0 261.0
WheatHead 347.0 281.0 447.0 347.0
WheatHead 249.0 165.0 366.0 235.0
WheatHead 186.0 164.0 246.0 232.0
WheatHead 401.0 102.0 479.0 140.0
WheatHead 745.0 308.0 797.0 360.0
WheatHead 872.0 344.0 914.0 400.0
WheatHead 991.0 780.0 1024.0 838.0
