WheatHead 861.0 880.0 933.0 978.0
WheatHead 4.0 101.0 73.0 199.0
WheatHead 804.0 685.0 882.0 808.0
WheatHead 953.0 729.0 999.0 812.0
WheatHead 360.0 494.0 453.0 584.0
WheatHead 699.0 430.0 787.0 532.0
WheatHead 4.0 776.0 86.0 873.0
WheatHead 395.0 641.0 484.0 723.0
WheatHead 423.0 159.0 543.0 275.0
WheatHead 591.0 821.0 675.0 913.0
WheatHead 898.0 387.0 955.0 480.0
WheatHead 890.0 514.0 962.0 629.0
WheatHead 225.0 804.0 328.0 878.0
WheatHead 4.0 512.0 99.0 606.0
WheatHead 34.0 636.0 125.0 735.0
WheatHead 600.0 880.0 675.0 972.0
WheatHead 632.0 517.0 667.0 613.0
WheatHead 984.0 596.0 1014.0 696.0
WheatHead 611.0 208.0 660.0 304.0
WheatHead 760.0 232.0 861.0 344.0
WheatHead 136.0 421.0 229.0 569.0
WheatHead 551.0 565.0 633.0 667.0
WheatHead 491.0 38.0 589.0 135.0
WheatHead 188.0 664.0 296.0 774.0
WheatHead 477.0 65.0 537.0 188.0
WheatHead 525.0 978.0 602.0 1024.0
WheatHead 80.0 981.0 163.0 1022.0
WheatHead 161.0 274.0 281.0 382.0
WheatHead 599.0 17.0 645.0 84.0
WheatHead 189.0 233.0 311.0 343.0
WheatHead 823.0 126.0 874.0 178.0
WheatHead 774.0 443.0 871.0 536.0
WheatHead 558.0 898.0 613.0 972.0
WheatHead 379.0 0.0 458.0 47.0
WheatHead 543.0 701.0 610.0 761.0
WheatHead 757.0 987.0 812.0 1024.0
WheatHead 270.0 1.0 327.0 36.0
WheatHead 173.0 976.0 267.0 1022.0
WheatHead 364.0 993.0 430.0 1024.0
WheatHead 309.0 256.0 410.0 310.0
WheatHead 0.0 648.0 69.0 714.0
WheatHead 141.0 621.0 234.0 667.0
WheatHead 490.0 566.0 548.0 608.0
WheatHead 30.0 288.0 212.0 427.0
WheatHead 0.0 685.0 38.0 726.0
WheatHead 944.0 916.0 995.0 991.0
WheatHead 3.0 0.0 152.0 94.0
WheatHead 913.0 997.0 967.0 1022.0
WheatHead 184.0 178.0 330.0 257.0
WheatHead 982.0 983.0 1018.0 1023.0
WheatHead 200.0 752.0 258.0 793.0
WheatHead 125.0 99.0 222.0 188.0
WheatHead 184.0 1.0 267.0 40.0
WheatHead 816.0 412.0 854.0 480.0
WheatHead 387.0 193.0 461.0 228.0
WheatHead 23.0 603.0 121.0 675.0
WheatHead 576.0 690.0 657.0 745.0
WheatHead 832.0 162.0 882.0 254.0
WheatHead 1.0 828.0 46.0 877.0
WheatHead 0.0 860.0 125.0 964.0
WheatHead 705.0 176.0 780.0 222.0
WheatHead 496.0 761.0 606.0 894.0
