WheatHead 0.0 0.0 218.0 29.0
WheatHead 636.0 357.0 778.0 500.0
WheatHead 47.0 325.0 375.0 489.0
WheatHead 202.0 0.0 507.0 101.0
WheatHead 0.0 284.0 289.0 389.0
WheatHead 710.0 92.0 1024.0 227.0
WheatHead 828.0 562.0 1024.0 732.0
WheatHead 762.0 0.0 920.0 54.0
WheatHead 974.0 772.0 1024.0 935.0
WheatHead 725.0 751.0 831.0 866.0
WheatHead 239.0 640.0 628.0 756.0
WheatHead 518.0 17.0 674.0 161.0
WheatHead 785.0 758.0 863.0 883.0
WheatHead 808.0 772.0 893.0 895.0
WheatHead 948.0 747.0 996.0 997.0
WheatHead 0.0 99.0 139.0 181.0
WheatHead 121.0 0.0 359.0 70.0
WheatHead 234.0 0.0 491.0 111.0
