WheatHead 849.0 92.0 991.0 171.0
WheatHead 707.0 132.0 802.0 196.0
WheatHead 419.0 0.0 488.0 99.0
WheatHead 381.0 78.0 464.0 152.0
WheatHead 464.0 107.0 557.0 170.0
WheatHead 581.0 191.0 637.0 272.0
WheatHead 555.0 324.0 637.0 395.0
WheatHead 880.0 195.0 963.0 302.0
WheatHead 919.0 303.0 991.0 368.0
WheatHead 670.0 326.0 751.0 445.0
WheatHead 667.0 450.0 760.0 529.0
WheatHead 555.0 408.0 652.0 503.0
WheatHead 895.0 557.0 964.0 630.0
WheatHead 969.0 422.0 1024.0 553.0
WheatHead 721.0 706.0 809.0 794.0
WheatHead 509.0 640.0 715.0 720.0
WheatHead 402.0 475.0 484.0 632.0
WheatHead 379.0 626.0 477.0 718.0
WheatHead 332.0 620.0 411.0 706.0
WheatHead 265.0 639.0 352.0 760.0
WheatHead 395.0 792.0 478.0 869.0
WheatHead 332.0 804.0 412.0 874.0
WheatHead 335.0 871.0 395.0 966.0
WheatHead 412.0 924.0 501.0 1007.0
WheatHead 583.0 856.0 677.0 941.0
WheatHead 670.0 857.0 736.0 940.0
WheatHead 771.0 853.0 917.0 938.0
WheatHead 639.0 939.0 758.0 1024.0
WheatHead 439.0 966.0 576.0 1023.0
WheatHead 860.0 960.0 936.0 1024.0
WheatHead 56.0 267.0 225.0 354.0
WheatHead 0.0 413.0 75.0 489.0
WheatHead 44.0 511.0 104.0 618.0
WheatHead 256.0 430.0 381.0 506.0
WheatHead 245.0 502.0 334.0 577.0
WheatHead 389.0 372.0 471.0 449.0
WheatHead 206.0 0.0 344.0 89.0
WheatHead 279.0 44.0 345.0 110.0
WheatHead 102.0 948.0 183.0 1003.0
WheatHead 197.0 763.0 265.0 829.0
WheatHead 64.0 997.0 149.0 1024.0
