WheatHead 0.0 198.0 40.0 274.0
WheatHead 436.0 352.0 542.0 488.0
WheatHead 554.0 737.0 642.0 798.0
WheatHead 718.0 472.0 824.0 573.0
WheatHead 365.0 44.0 481.0 163.0
WheatHead 870.0 519.0 965.0 581.0
WheatHead 798.0 738.0 908.0 816.0
WheatHead 54.0 22.0 148.0 140.0
WheatHead 29.0 621.0 164.0 685.0
WheatHead 917.0 335.0 1024.0 435.0
WheatHead 678.0 256.0 793.0 353.0
WheatHead 788.0 686.0 860.0 752.0
WheatHead 596.0 271.0 686.0 371.0
WheatHead 844.0 58.0 928.0 154.0
WheatHead 709.0 683.0 778.0 747.0
WheatHead 835.0 1.0 924.0 62.0
WheatHead 175.0 445.0 256.0 528.0
