WheatHead 212.0 783.0 302.0 862.0
WheatHead 811.0 273.0 898.0 350.0
WheatHead 199.0 619.0 294.0 693.0
WheatHead 599.0 236.0 721.0 307.0
WheatHead 901.0 309.0 1000.0 389.0
WheatHead 902.0 576.0 1016.0 675.0
WheatHead 253.0 378.0 327.0 455.0
WheatHead 962.0 747.0 1024.0 811.0
WheatHead 16.0 494.0 143.0 566.0
WheatHead 716.0 99.0 768.0 151.0
WheatHead 890.0 138.0 972.0 243.0
WheatHead 296.0 442.0 407.0 522.0
WheatHead 163.0 184.0 253.0 258.0
WheatHead 622.0 792.0 713.0 872.0
WheatHead 284.0 125.0 355.0 197.0
WheatHead 791.0 207.0 875.0 276.0
WheatHead 71.0 192.0 168.0 266.0
WheatHead 110.0 302.0 194.0 360.0
WheatHead 615.0 928.0 696.0 979.0
WheatHead 645.0 117.0 709.0 189.0
WheatHead 604.0 399.0 704.0 488.0
WheatHead 727.0 540.0 796.0 586.0
WheatHead 657.0 304.0 721.0 340.0
WheatHead 785.0 0.0 847.0 5.0
WheatHead 719.0 394.0 806.0 450.0
WheatHead 744.0 481.0 808.0 535.0
WheatHead 775.0 125.0 826.0 184.0
WheatHead 721.0 153.0 778.0 217.0
WheatHead 407.0 163.0 455.0 230.0
