WheatHead 747.0 133.0 865.0 240.0
WheatHead 112.0 715.0 240.0 837.0
WheatHead 0.0 465.0 59.0 590.0
WheatHead 238.0 682.0 382.0 797.0
WheatHead 742.0 798.0 842.0 903.0
WheatHead 353.0 419.0 448.0 504.0
WheatHead 847.0 601.0 954.0 732.0
WheatHead 0.0 87.0 81.0 202.0
WheatHead 568.0 90.0 662.0 175.0
WheatHead 376.0 194.0 557.0 294.0
WheatHead 785.0 303.0 895.0 387.0
WheatHead 704.0 382.0 809.0 459.0
WheatHead 71.0 273.0 186.0 391.0
WheatHead 481.0 821.0 552.0 898.0
WheatHead 140.0 83.0 329.0 242.0
WheatHead 606.0 894.0 701.0 988.0
WheatHead 896.0 123.0 1024.0 249.0
WheatHead 742.0 702.0 837.0 789.0
WheatHead 246.0 426.0 320.0 508.0
WheatHead 747.0 535.0 848.0 626.0
WheatHead 69.0 878.0 148.0 970.0
WheatHead 408.0 876.0 508.0 963.0
WheatHead 667.0 597.0 782.0 697.0
WheatHead 102.0 491.0 197.0 568.0
WheatHead 262.0 948.0 367.0 1024.0
WheatHead 314.0 334.0 406.0 411.0
WheatHead 329.0 489.0 416.0 551.0
WheatHead 148.0 215.0 253.0 289.0
WheatHead 31.0 410.0 131.0 477.0
WheatHead 588.0 136.0 680.0 228.0
