WheatHead 696.0 97.0 803.0 179.0
WheatHead 696.0 302.0 793.0 373.0
WheatHead 839.0 814.0 924.0 916.0
WheatHead 739.0 366.0 844.0 463.0
WheatHead 849.0 127.0 1024.0 199.0
WheatHead 762.0 942.0 883.0 1018.0
WheatHead 582.0 426.0 669.0 519.0
WheatHead 801.0 337.0 942.0 401.0
WheatHead 752.0 0.0 857.0 79.0
WheatHead 835.0 408.0 979.0 482.0
WheatHead 744.0 834.0 855.0 929.0
WheatHead 834.0 568.0 939.0 655.0
WheatHead 872.0 532.0 1024.0 599.0
WheatHead 864.0 270.0 1020.0 334.0
WheatHead 807.0 101.0 910.0 167.0
WheatHead 837.0 33.0 957.0 87.0
WheatHead 885.0 10.0 1021.0 84.0
WheatHead 0.0 769.0 67.0 829.0
WheatHead 939.0 444.0 1024.0 499.0
