WheatHead 394.0 148.0 551.0 237.0
WheatHead 434.0 323.0 504.0 428.0
WheatHead 159.0 398.0 235.0 550.0
WheatHead 0.0 393.0 48.0 479.0
WheatHead 4.0 648.0 54.0 739.0
WheatHead 159.0 589.0 244.0 665.0
WheatHead 189.0 842.0 266.0 959.0
WheatHead 50.0 956.0 134.0 1024.0
WheatHead 464.0 980.0 544.0 1024.0
WheatHead 878.0 900.0 950.0 1016.0
WheatHead 874.0 770.0 942.0 874.0
WheatHead 921.0 659.0 1001.0 718.0
WheatHead 800.0 597.0 878.0 654.0
WheatHead 771.0 534.0 841.0 598.0
WheatHead 961.0 769.0 1024.0 913.0
WheatHead 464.0 927.0 527.0 982.0
