WheatHead 487.0 449.0 550.0 539.0
WheatHead 849.0 344.0 918.0 420.0
WheatHead 212.0 643.0 278.0 734.0
WheatHead 345.0 811.0 445.0 890.0
WheatHead 0.0 111.0 53.0 180.0
WheatHead 260.0 633.0 334.0 707.0
WheatHead 349.0 742.0 404.0 816.0
WheatHead 451.0 610.0 481.0 715.0
WheatHead 701.0 669.0 755.0 738.0
WheatHead 333.0 344.0 383.0 466.0
WheatHead 389.0 42.0 438.0 117.0
WheatHead 898.0 786.0 961.0 857.0
WheatHead 940.0 331.0 996.0 412.0
WheatHead 146.0 750.0 234.0 817.0
WheatHead 548.0 408.0 652.0 491.0
WheatHead 903.0 408.0 966.0 494.0
WheatHead 103.0 36.0 150.0 114.0
WheatHead 865.0 692.0 892.0 787.0
WheatHead 703.0 6.0 763.0 51.0
WheatHead 490.0 12.0 539.0 76.0
WheatHead 301.0 83.0 369.0 150.0
WheatHead 329.0 379.0 371.0 476.0
WheatHead 404.0 417.0 477.0 516.0
WheatHead 479.0 720.0 552.0 768.0
WheatHead 759.0 382.0 787.0 461.0
WheatHead 45.0 322.0 101.0 378.0
WheatHead 27.0 755.0 86.0 813.0
WheatHead 95.0 91.0 181.0 172.0
WheatHead 135.0 207.0 189.0 248.0
WheatHead 43.0 462.0 107.0 495.0
WheatHead 177.0 252.0 252.0 285.0
WheatHead 576.0 86.0 618.0 217.0
WheatHead 988.0 636.0 1021.0 707.0
WheatHead 173.0 174.0 228.0 223.0
WheatHead 806.0 189.0 864.0 223.0
WheatHead 659.0 707.0 690.0 776.0
WheatHead 848.0 885.0 922.0 929.0
WheatHead 136.0 0.0 180.0 39.0
WheatHead 770.0 617.0 820.0 686.0
WheatHead 0.0 244.0 50.0 282.0
WheatHead 251.0 322.0 289.0 371.0
WheatHead 230.0 496.0 288.0 540.0
WheatHead 929.0 192.0 989.0 236.0
WheatHead 939.0 768.0 991.0 805.0
WheatHead 630.0 315.0 662.0 359.0
WheatHead 641.0 517.0 711.0 554.0
WheatHead 475.0 337.0 514.0 397.0
WheatHead 367.0 337.0 421.0 372.0
WheatHead 20.0 814.0 86.0 856.0
WheatHead 23.0 929.0 146.0 966.0
WheatHead 0.0 281.0 62.0 308.0
WheatHead 0.0 980.0 45.0 996.0
WheatHead 629.0 255.0 675.0 290.0
WheatHead 114.0 841.0 173.0 869.0
WheatHead 315.0 811.0 372.0 869.0
WheatHead 640.0 492.0 694.0 531.0
WheatHead 140.0 705.0 188.0 768.0
WheatHead 0.0 842.0 70.0 889.0
WheatHead 434.0 827.0 479.0 846.0
WheatHead 714.0 786.0 753.0 834.0
WheatHead 233.0 763.0 291.0 804.0
WheatHead 163.0 891.0 221.0 940.0
WheatHead 228.0 909.0 270.0 966.0
WheatHead 16.0 15.0 78.0 59.0
WheatHead 992.0 287.0 1024.0 327.0
WheatHead 972.0 151.0 1024.0 201.0
WheatHead 903.0 0.0 953.0 19.0
