WheatHead 0.0 114.0 122.0 190.0
WheatHead 222.0 86.0 285.0 229.0
WheatHead 278.0 139.0 334.0 205.0
WheatHead 115.0 269.0 174.0 315.0
WheatHead 335.0 184.0 409.0 270.0
WheatHead 480.0 185.0 576.0 287.0
WheatHead 577.0 181.0 633.0 258.0
WheatHead 406.0 0.0 500.0 49.0
WheatHead 746.0 87.0 878.0 200.0
WheatHead 758.0 242.0 818.0 303.0
WheatHead 926.0 116.0 1001.0 223.0
WheatHead 486.0 478.0 595.0 616.0
WheatHead 458.0 544.0 524.0 601.0
WheatHead 685.0 459.0 747.0 538.0
WheatHead 246.0 796.0 355.0 851.0
WheatHead 528.0 698.0 602.0 779.0
WheatHead 546.0 600.0 620.0 678.0
WheatHead 673.0 577.0 729.0 640.0
WheatHead 650.0 626.0 699.0 686.0
WheatHead 665.0 692.0 733.0 744.0
WheatHead 630.0 723.0 705.0 803.0
WheatHead 571.0 769.0 693.0 832.0
WheatHead 514.0 866.0 595.0 943.0
WheatHead 767.0 810.0 881.0 889.0
WheatHead 920.0 750.0 985.0 818.0
WheatHead 979.0 738.0 1024.0 807.0
WheatHead 804.0 499.0 869.0 570.0
WheatHead 896.0 540.0 959.0 613.0
WheatHead 973.0 527.0 1024.0 598.0
WheatHead 743.0 606.0 906.0 671.0
WheatHead 786.0 689.0 852.0 739.0
WheatHead 789.0 729.0 869.0 782.0
WheatHead 79.0 127.0 151.0 178.0
