WheatHead 629.0 593.0 742.0 673.0
WheatHead 846.0 733.0 984.0 823.0
WheatHead 38.0 858.0 113.0 968.0
WheatHead 783.0 924.0 875.0 1003.0
WheatHead 0.0 586.0 58.0 688.0
WheatHead 680.0 506.0 778.0 596.0
WheatHead 744.0 378.0 862.0 493.0
WheatHead 880.0 540.0 983.0 611.0
WheatHead 875.0 174.0 980.0 284.0
WheatHead 604.0 79.0 675.0 207.0
WheatHead 765.0 563.0 832.0 627.0
WheatHead 455.0 0.0 503.0 107.0
WheatHead 665.0 215.0 747.0 343.0
WheatHead 734.0 163.0 819.0 299.0
WheatHead 737.0 271.0 826.0 401.0
WheatHead 605.0 0.0 661.0 79.0
WheatHead 849.0 432.0 988.0 518.0
WheatHead 883.0 870.0 986.0 920.0
WheatHead 933.0 788.0 1023.0 870.0
WheatHead 773.0 657.0 830.0 803.0
WheatHead 768.0 163.0 883.0 299.0
WheatHead 780.0 2.0 852.0 128.0
WheatHead 896.0 0.0 1021.0 139.0
WheatHead 683.0 73.0 767.0 202.0
WheatHead 929.0 395.0 1024.0 466.0
WheatHead 958.0 42.0 1023.0 154.0
WheatHead 734.0 4.0 779.0 78.0
