WheatHead 864.0 486.0 924.0 587.0
WheatHead 584.0 826.0 682.0 928.0
WheatHead 356.0 100.0 411.0 187.0
WheatHead 507.0 757.0 572.0 851.0
WheatHead 931.0 91.0 1024.0 148.0
WheatHead 477.0 383.0 544.0 442.0
WheatHead 364.0 233.0 456.0 309.0
WheatHead 212.0 2.0 283.0 75.0
WheatHead 546.0 215.0 623.0 270.0
WheatHead 99.0 62.0 178.0 135.0
WheatHead 664.0 697.0 748.0 765.0
WheatHead 577.0 933.0 626.0 1018.0
WheatHead 953.0 505.0 1017.0 581.0
WheatHead 845.0 245.0 887.0 331.0
WheatHead 27.0 674.0 133.0 819.0
WheatHead 0.0 499.0 20.0 580.0
WheatHead 593.0 84.0 647.0 195.0
WheatHead 187.0 271.0 266.0 327.0
WheatHead 756.0 132.0 802.0 230.0
WheatHead 38.0 1.0 109.0 65.0
WheatHead 0.0 576.0 172.0 652.0
WheatHead 446.0 0.0 486.0 42.0
WheatHead 779.0 883.0 864.0 1017.0
WheatHead 341.0 834.0 389.0 940.0
WheatHead 888.0 91.0 922.0 166.0
WheatHead 989.0 316.0 1022.0 390.0
WheatHead 623.0 404.0 740.0 461.0
WheatHead 933.0 222.0 978.0 312.0
WheatHead 987.0 895.0 1021.0 954.0
WheatHead 27.0 326.0 70.0 417.0
WheatHead 300.0 927.0 350.0 980.0
WheatHead 559.0 539.0 613.0 592.0
WheatHead 709.0 225.0 782.0 258.0
WheatHead 559.0 585.0 608.0 655.0
WheatHead 468.0 260.0 532.0 309.0
WheatHead 823.0 2.0 877.0 42.0
WheatHead 189.0 371.0 262.8999938964844 413.6000061035156
WheatHead 699.0 117.0 775.0 151.0
WheatHead 124.0 694.0 185.0 749.0
WheatHead 456.0 984.0 514.0 1021.0
WheatHead 179.0 953.0 226.0 1017.0
WheatHead 479.0 468.0 563.0 513.0
WheatHead 804.0 531.0 877.0 585.0
WheatHead 0.0 1.0 42.0 55.0
WheatHead 939.0 759.0 970.0 831.0
WheatHead 40.0 627.0 107.0 674.0
WheatHead 165.0 83.0 243.0 117.0
WheatHead 335.0 836.0 372.0 943.0
WheatHead 38.0 30.0 70.0 105.0
WheatHead 646.0 953.0 688.0 1023.0
WheatHead 697.0 965.0 756.0 1019.0
WheatHead 166.0 0.0 203.0 34.0
WheatHead 935.0 122.0 976.0 184.0
WheatHead 199.0 950.0 274.0 1003.0
WheatHead 56.0 96.0 124.0 133.0
WheatHead 864.0 0.0 895.0 42.0
WheatHead 143.0 904.0 198.0 950.0
WheatHead 188.0 439.0 229.0 487.0
WheatHead 6.0 850.0 90.0 936.0
WheatHead 961.0 260.0 1018.0 307.0
WheatHead 497.0 539.0 549.0 640.0
WheatHead 270.0 653.0 327.0 708.0
WheatHead 305.0 0.0 362.0 34.0
WheatHead 0.0 615.0 22.0 688.0
