WheatHead 507.0 942.0 584.0 1022.0
WheatHead 148.0 176.0 204.0 278.0
WheatHead 46.0 425.0 121.0 498.0
WheatHead 36.0 126.0 105.0 206.0
WheatHead 372.0 879.0 459.0 993.0
WheatHead 527.0 246.0 584.0 345.0
WheatHead 506.0 116.0 567.0 193.0
WheatHead 897.0 575.0 972.0 661.0
WheatHead 28.0 281.0 76.0 365.0
WheatHead 278.0 510.0 330.0 620.0
WheatHead 339.0 517.0 363.0 603.0
WheatHead 45.0 181.0 167.0 288.0
WheatHead 0.0 939.0 80.0 1019.0
WheatHead 0.0 307.0 15.0 367.0
WheatHead 514.0 378.0 569.0 446.0
WheatHead 984.0 316.0 1022.0 393.0
WheatHead 439.0 791.0 492.0 857.0
WheatHead 693.0 234.0 737.0 346.0
WheatHead 611.0 866.0 667.0 937.0
WheatHead 463.0 500.0 517.0 602.0
WheatHead 902.0 868.0 961.0 940.0
WheatHead 0.0 876.0 32.0 965.0
WheatHead 363.0 238.0 387.0 315.0
WheatHead 128.0 613.0 172.0 686.0
WheatHead 753.0 602.0 805.0 716.0
WheatHead 841.0 835.0 877.0 933.0
WheatHead 969.0 533.0 1006.0 607.0
WheatHead 904.0 243.0 992.0 332.0
WheatHead 653.0 211.0 717.0 342.0
WheatHead 324.0 4.0 368.0 114.0
WheatHead 269.0 417.0 338.0 484.0
WheatHead 817.0 384.0 887.0 438.0
WheatHead 382.0 1.0 408.0 76.0
WheatHead 65.0 233.0 125.0 305.0
WheatHead 988.0 950.0 1024.0 1004.0
WheatHead 312.0 618.0 364.0 701.0
WheatHead 516.0 0.0 552.0 46.0
WheatHead 641.0 225.0 667.0 308.0
WheatHead 688.0 929.0 750.0 1005.0
WheatHead 388.0 749.0 463.0 825.0
WheatHead 772.0 918.0 826.0 993.0
WheatHead 286.0 122.0 367.0 315.0
WheatHead 629.0 525.0 738.0 592.0
WheatHead 894.0 805.0 924.0 869.0
WheatHead 275.0 839.0 323.0 909.0
WheatHead 708.0 535.0 750.0 650.0
WheatHead 357.0 420.0 406.0 491.0
WheatHead 402.0 0.0 442.0 43.0
WheatHead 191.0 973.0 237.0 1024.0
WheatHead 61.0 969.0 103.0 1021.0
WheatHead 0.0 429.0 36.0 481.0
WheatHead 267.0 188.0 311.0 275.0
WheatHead 185.0 0.0 214.0 45.0
WheatHead 278.0 778.0 331.0 856.0
WheatHead 173.0 677.0 219.0 730.0
WheatHead 1.0 0.0 57.0 39.0
WheatHead 0.0 262.0 53.0 301.0
WheatHead 402.0 460.0 435.0 528.0
WheatHead 858.0 0.0 903.0 49.0
WheatHead 789.0 869.0 826.0 933.0
WheatHead 0.0 614.0 29.0 717.0
WheatHead 155.0 550.0 185.0 599.0
WheatHead 334.0 925.0 380.0 991.0
WheatHead 173.0 894.0 211.0 940.0
WheatHead 831.0 0.0 856.0 58.0
WheatHead 249.0 767.0 292.0 812.0
WheatHead 120.0 200.0 173.0 253.0
WheatHead 372.0 809.0 450.0 854.0
WheatHead 605.0 0.0 650.0 36.0
WheatHead 6.0 690.0 58.0 720.0
WheatHead 184.0 936.0 257.0 996.0
WheatHead 806.0 802.0 839.0 857.0
WheatHead 72.0 827.0 152.0 933.0
WheatHead 76.0 550.0 111.0 607.0
WheatHead 801.0 329.0 842.0 370.0
WheatHead 325.0 981.0 372.0 1024.0
WheatHead 634.0 966.0 682.0 1018.0
WheatHead 684.0 837.0 733.0 906.0
WheatHead 16.0 781.0 76.0 833.0
