WheatHead 759.0 0.0 819.0 90.0
WheatHead 130.0 868.0 225.0 953.0
WheatHead 442.0 294.0 510.0 386.0
WheatHead 959.0 811.0 1024.0 920.0
WheatHead 879.0 31.0 948.0 131.0
WheatHead 143.0 51.0 192.0 137.0
WheatHead 415.0 57.0 501.0 124.0
WheatHead 292.0 463.0 364.0 547.0
WheatHead 87.0 649.0 147.0 752.0
WheatHead 836.0 217.0 886.0 308.0
WheatHead 342.0 776.0 408.0 835.0
WheatHead 604.0 322.0 682.0 394.0
WheatHead 882.0 143.0 927.0 318.0
WheatHead 262.0 143.0 300.0 237.0
WheatHead 262.0 664.0 346.0 729.0
WheatHead 382.0 19.0 420.0 125.0
WheatHead 383.0 563.0 423.0 632.0
WheatHead 294.0 954.0 415.0 1024.0
WheatHead 0.0 243.0 17.0 344.0
WheatHead 183.0 673.0 249.0 765.0
WheatHead 0.0 394.0 21.0 528.0
WheatHead 542.0 787.0 588.0 932.0
WheatHead 832.0 83.0 895.0 158.0
WheatHead 903.0 872.0 943.0 961.0
WheatHead 318.0 146.0 390.0 203.0
WheatHead 271.0 849.0 334.0 902.0
WheatHead 181.0 457.0 309.0 570.0
WheatHead 625.0 121.0 662.0 200.0
WheatHead 794.0 252.0 827.0 371.0
WheatHead 335.0 338.0 375.0 398.0
WheatHead 820.0 344.0 890.0 389.0
WheatHead 884.0 942.0 928.0 1019.0
WheatHead 622.0 799.0 725.0 854.0
WheatHead 0.0 640.0 42.0 735.0
WheatHead 586.0 261.0 630.0 341.0
WheatHead 632.0 842.0 675.0 906.0
WheatHead 307.0 518.0 382.0 688.0
WheatHead 561.0 760.0 613.0 830.0
WheatHead 6.0 62.0 58.0 153.0
WheatHead 350.0 6.0 391.0 73.0
WheatHead 133.0 627.0 211.0 672.0
WheatHead 270.0 608.0 299.0 674.0
WheatHead 521.0 0.0 550.0 42.0
WheatHead 184.0 422.0 248.0 460.0
WheatHead 48.0 801.0 157.0 855.0
WheatHead 976.0 612.0 1009.0 657.0
WheatHead 977.0 483.0 1024.0 542.0
WheatHead 853.0 797.0 914.0 845.0
WheatHead 447.0 890.0 490.0 921.0
WheatHead 916.0 1006.0 954.0 1024.0
WheatHead 573.0 757.0 622.0 815.0
WheatHead 15.0 594.0 75.0 654.0
WheatHead 663.0 465.0 752.0 585.0
WheatHead 607.0 519.0 704.0 676.0
WheatHead 567.0 514.0 666.0 645.0
WheatHead 694.0 582.0 762.0 649.0
WheatHead 252.0 446.0 295.0 477.0
WheatHead 733.0 825.0 773.0 863.0
WheatHead 644.0 652.0 681.0 710.0
