WheatHead 0.0 45.0 51.0 164.0
WheatHead 68.0 294.0 129.0 389.0
WheatHead 146.0 305.0 261.0 358.0
WheatHead 290.0 286.0 410.0 361.0
WheatHead 489.0 249.0 613.0 314.0
WheatHead 456.0 180.0 559.0 250.0
WheatHead 227.0 350.0 329.0 414.0
WheatHead 307.0 440.0 380.0 509.0
WheatHead 101.0 494.0 187.0 567.0
WheatHead 0.0 415.0 70.0 503.0
WheatHead 149.0 642.0 260.0 714.0
WheatHead 552.0 452.0 791.0 645.0
WheatHead 634.0 459.0 721.0 522.0
WheatHead 761.0 437.0 847.0 505.0
WheatHead 949.0 668.0 1024.0 748.0
WheatHead 751.0 262.0 810.0 337.0
WheatHead 507.0 78.0 597.0 135.0
WheatHead 212.0 11.0 290.0 84.0
WheatHead 320.0 0.0 421.0 92.0
WheatHead 822.0 100.0 904.0 175.0
WheatHead 875.0 210.0 965.0 303.0
WheatHead 960.0 254.0 1017.0 352.0
WheatHead 156.0 864.0 257.0 946.0
WheatHead 133.0 937.0 236.0 1000.0
WheatHead 332.0 694.0 445.0 761.0
WheatHead 340.0 740.0 441.0 799.0
WheatHead 578.0 727.0 680.0 808.0
WheatHead 669.0 785.0 774.0 837.0
WheatHead 600.0 803.0 672.0 866.0
WheatHead 660.0 829.0 761.0 904.0
WheatHead 836.0 783.0 950.0 860.0
WheatHead 889.0 896.0 972.0 982.0
WheatHead 766.0 950.0 843.0 1024.0
WheatHead 505.0 904.0 617.0 1017.0
WheatHead 318.0 956.0 417.0 1024.0
