WheatHead 245.0 445.0 458.0 529.0
WheatHead 547.0 542.0 691.0 624.0
WheatHead 317.0 568.0 491.0 657.0
WheatHead 0.0 523.0 40.0 597.0
WheatHead 64.0 586.0 220.0 665.0
WheatHead 197.0 304.0 381.0 384.0
WheatHead 862.0 58.0 936.0 207.0
WheatHead 248.0 92.0 537.0 207.0
WheatHead 532.0 701.0 683.0 788.0
WheatHead 92.0 796.0 235.0 926.0
WheatHead 179.0 727.0 256.0 785.0
WheatHead 616.0 0.0 819.0 69.0
WheatHead 565.0 112.0 829.0 238.0
WheatHead 829.0 440.0 1024.0 540.0
WheatHead 89.0 642.0 176.0 727.0
WheatHead 757.0 368.0 880.0 478.0
WheatHead 61.0 942.0 263.0 1021.0
WheatHead 744.0 788.0 960.0 880.0
WheatHead 704.0 488.0 878.0 565.0
WheatHead 138.0 0.0 317.0 35.0
WheatHead 624.0 245.0 819.0 320.0
WheatHead 622.0 870.0 798.0 1024.0
WheatHead 235.0 821.0 320.0 924.0
WheatHead 729.0 711.0 896.0 852.0
WheatHead 686.0 747.0 783.0 826.0
WheatHead 248.0 217.0 384.0 404.0
WheatHead 642.0 307.0 755.0 391.0
WheatHead 803.0 186.0 921.0 314.0
WheatHead 512.0 391.0 737.0 540.0
WheatHead 76.0 335.0 189.0 422.0
WheatHead 903.0 0.0 1024.0 84.0
WheatHead 0.0 394.0 148.0 504.0
WheatHead 739.0 289.0 880.0 371.0
WheatHead 665.0 184.0 847.0 253.0
WheatHead 0.0 186.0 178.0 342.0
WheatHead 919.0 908.0 1024.0 975.0
WheatHead 829.0 583.0 1024.0 724.0
WheatHead 501.0 381.0 622.0 524.0
WheatHead 17.0 250.0 97.0 499.0
WheatHead 798.0 112.0 867.0 179.0
WheatHead 691.0 120.0 819.0 189.0
WheatHead 491.0 716.0 601.0 783.0
WheatHead 35.0 993.0 148.0 1024.0
WheatHead 181.0 811.0 291.0 957.0
WheatHead 875.0 970.0 942.0 1024.0
WheatHead 512.0 650.0 588.0 724.0
WheatHead 345.0 215.0 483.0 276.0
WheatHead 778.0 468.0 906.0 545.0
WheatHead 652.0 327.0 711.0 427.0
WheatHead 527.0 94.0 752.0 230.0
WheatHead 360.0 304.0 448.0 363.0
WheatHead 417.0 107.0 542.0 181.0
WheatHead 660.0 12.0 727.0 112.0
WheatHead 614.0 40.0 675.0 151.0
WheatHead 483.0 0.0 791.0 64.0
WheatHead 514.0 0.0 675.0 117.0
