WheatHead 0.0 0.0 65.0 73.0
WheatHead 140.0 0.0 260.0 63.0
WheatHead 112.0 54.0 226.0 136.0
WheatHead 39.0 79.0 108.0 172.0
WheatHead 263.0 0.0 358.0 155.0
WheatHead 213.0 163.0 298.0 399.0
WheatHead 147.0 774.0 233.0 856.0
WheatHead 123.0 922.0 218.0 1014.0
WheatHead 339.0 929.0 454.0 1024.0
WheatHead 217.0 648.0 312.0 722.0
WheatHead 153.0 564.0 279.0 664.0
WheatHead 4.0 575.0 99.0 654.0
WheatHead 50.0 444.0 138.0 521.0
WheatHead 48.0 348.0 175.0 432.0
WheatHead 300.0 441.0 387.0 513.0
WheatHead 454.0 783.0 536.0 865.0
WheatHead 498.0 644.0 706.0 858.0
WheatHead 656.0 673.0 745.0 778.0
WheatHead 607.0 892.0 662.0 945.0
WheatHead 497.0 943.0 561.0 1000.0
WheatHead 582.0 936.0 655.0 1022.0
WheatHead 663.0 915.0 740.0 1020.0
WheatHead 925.0 760.0 974.0 827.0
WheatHead 889.0 837.0 959.0 972.0
WheatHead 970.0 855.0 1024.0 1001.0
WheatHead 592.0 310.0 701.0 513.0
WheatHead 382.0 279.0 477.0 343.0
WheatHead 547.0 176.0 596.0 240.0
WheatHead 516.0 58.0 610.0 119.0
WheatHead 804.0 90.0 894.0 214.0
WheatHead 963.0 153.0 1024.0 289.0
WheatHead 933.0 8.0 1018.0 75.0
WheatHead 191.0 404.0 266.0 464.0
WheatHead 276.0 570.0 332.0 641.0
