WheatHead 430.0 627.0 629.0 714.0
WheatHead 486.0 248.0 693.0 389.0
WheatHead 302.0 156.0 435.0 243.0
WheatHead 437.0 432.0 627.0 542.0
WheatHead 360.0 366.0 468.0 458.0
WheatHead 220.0 238.0 366.0 355.0
WheatHead 373.0 212.0 491.0 307.0
WheatHead 286.0 299.0 396.0 401.0
WheatHead 430.0 64.0 542.0 179.0
WheatHead 184.0 197.0 304.0 317.0
WheatHead 529.0 481.0 719.0 588.0
WheatHead 596.0 330.0 778.0 414.0
WheatHead 739.0 204.0 908.0 358.0
WheatHead 724.0 317.0 888.0 412.0
WheatHead 401.0 2.0 524.0 81.0
WheatHead 576.0 87.0 711.0 189.0
WheatHead 522.0 61.0 642.0 171.0
WheatHead 642.0 143.0 785.0 256.0
WheatHead 57.0 156.0 240.0 253.0
