WheatHead 119.0 310.0 187.0 533.0
WheatHead 280.0 362.0 377.0 530.0
WheatHead 248.0 498.0 343.0 561.0
WheatHead 150.0 422.0 307.0 695.0
WheatHead 15.0 532.0 79.0 658.0
WheatHead 93.0 663.0 158.0 725.0
WheatHead 214.0 660.0 341.0 786.0
WheatHead 420.0 545.0 496.0 730.0
WheatHead 446.0 440.0 579.0 737.0
WheatHead 527.0 326.0 602.0 564.0
WheatHead 428.0 357.0 589.0 462.0
WheatHead 119.0 231.0 193.0 316.0
WheatHead 62.0 0.0 173.0 97.0
WheatHead 498.0 179.0 587.0 274.0
WheatHead 567.0 69.0 726.0 353.0
WheatHead 575.0 228.0 643.0 383.0
WheatHead 711.0 466.0 791.0 530.0
WheatHead 584.0 410.0 688.0 488.0
WheatHead 618.0 662.0 726.0 1024.0
WheatHead 592.0 888.0 648.0 1024.0
WheatHead 691.0 867.0 755.0 965.0
WheatHead 390.0 796.0 441.0 895.0
WheatHead 280.0 789.0 459.0 1002.0
WheatHead 882.0 643.0 989.0 1001.0
WheatHead 800.0 438.0 879.0 647.0
WheatHead 806.0 688.0 854.0 767.0
WheatHead 905.0 565.0 1011.0 681.0
WheatHead 797.0 348.0 887.0 446.0
WheatHead 771.0 255.0 839.0 369.0
WheatHead 758.0 0.0 890.0 275.0
WheatHead 832.0 148.0 946.0 427.0
WheatHead 937.0 0.0 1001.0 202.0
WheatHead 888.0 59.0 986.0 308.0
WheatHead 557.0 535.0 672.0 661.0
WheatHead 61.0 598.0 133.0 647.0
WheatHead 627.0 636.0 733.0 705.0
WheatHead 391.0 531.0 480.0 584.0
WheatHead 24.0 0.0 66.0 16.0
WheatHead 17.0 230.0 77.0 304.0
WheatHead 57.0 363.0 96.0 407.0
WheatHead 0.0 467.0 29.0 559.0
WheatHead 0.0 601.0 43.0 668.0
WheatHead 258.0 994.0 302.0 1024.0
WheatHead 968.0 551.0 1024.0 653.0
WheatHead 761.0 741.0 806.0 800.0
WheatHead 563.0 375.0 640.0 431.0
WheatHead 521.0 269.0 575.0 321.0
WheatHead 486.0 336.0 544.0 496.0
WheatHead 178.0 411.0 260.0 551.0
WheatHead 994.0 108.0 1024.0 199.0
WheatHead 849.0 972.0 907.0 1024.0
WheatHead 940.0 935.0 973.0 1024.0
WheatHead 915.0 71.0 978.0 330.0
WheatHead 748.0 284.0 849.0 364.0
WheatHead 1002.0 303.0 1023.0 349.0
WheatHead 1005.0 656.0 1024.0 707.0
WheatHead 555.0 232.0 690.0 371.0
WheatHead 85.0 295.0 188.0 378.0
