WheatHead 416.0 169.0 581.0 337.0
WheatHead 636.0 38.0 734.0 131.0
WheatHead 691.0 131.0 877.0 237.0
WheatHead 775.0 286.0 903.0 403.0
WheatHead 369.0 794.0 486.0 971.0
WheatHead 488.0 843.0 598.0 984.0
WheatHead 823.0 995.0 986.0 1024.0
WheatHead 616.0 506.0 744.0 585.0
WheatHead 418.0 570.0 519.0 700.0
WheatHead 216.0 529.0 309.0 614.0
WheatHead 0.0 847.0 186.0 984.0
WheatHead 307.0 965.0 393.0 1024.0
WheatHead 860.0 508.0 1003.0 576.0
WheatHead 100.0 354.0 207.0 438.0
WheatHead 269.0 414.0 385.0 506.0
WheatHead 442.0 451.0 546.0 555.0
WheatHead 0.0 972.0 32.0 1024.0
WheatHead 28.0 285.0 92.0 343.0
WheatHead 94.0 254.0 173.0 345.0
WheatHead 0.0 325.0 25.0 418.0
WheatHead 90.0 465.0 171.0 536.0
WheatHead 239.0 935.0 306.0 992.0
WheatHead 140.0 861.0 302.0 922.0
WheatHead 600.0 1006.0 669.0 1024.0
WheatHead 911.0 931.0 1024.0 1014.0
WheatHead 619.0 815.0 699.0 880.0
WheatHead 762.0 547.0 858.0 620.0
WheatHead 615.0 591.0 698.0 673.0
WheatHead 893.0 339.0 983.0 400.0
WheatHead 891.0 427.0 1024.0 490.0
WheatHead 931.0 205.0 1011.0 342.0
WheatHead 591.0 0.0 706.0 47.0
WheatHead 517.0 214.0 647.0 304.0
WheatHead 609.0 377.0 718.0 487.0
WheatHead 258.0 686.0 409.0 822.0
