WheatHead 959.0 281.0 1020.0 417.0
WheatHead 907.0 63.0 972.0 210.0
WheatHead 975.0 101.0 1024.0 190.0
WheatHead 553.0 206.0 576.0 293.0
WheatHead 953.0 0.0 1024.0 38.0
WheatHead 691.0 26.0 796.0 122.0
WheatHead 814.0 109.0 903.0 213.0
WheatHead 717.0 231.0 808.0 303.0
WheatHead 658.0 108.0 723.0 187.0
WheatHead 559.0 0.0 642.0 70.0
WheatHead 402.0 0.0 481.0 96.0
WheatHead 337.0 0.0 413.0 90.0
WheatHead 351.0 81.0 433.0 174.0
WheatHead 103.0 114.0 147.0 181.0
WheatHead 104.0 212.0 189.0 316.0
WheatHead 175.0 398.0 242.0 452.0
WheatHead 224.0 432.0 311.0 516.0
WheatHead 346.0 489.0 413.0 556.0
WheatHead 413.0 501.0 493.0 586.0
WheatHead 428.0 590.0 504.0 665.0
WheatHead 504.0 578.0 578.0 656.0
WheatHead 530.0 458.0 630.0 575.0
WheatHead 649.0 542.0 733.0 626.0
WheatHead 735.0 563.0 812.0 640.0
WheatHead 829.0 712.0 896.0 804.0
WheatHead 892.0 740.0 964.0 815.0
WheatHead 870.0 923.0 949.0 1017.0
WheatHead 931.0 920.0 1006.0 1011.0
WheatHead 602.0 907.0 675.0 998.0
WheatHead 766.0 709.0 819.0 756.0
WheatHead 284.0 960.0 400.0 1024.0
WheatHead 393.0 919.0 448.0 979.0
WheatHead 462.0 956.0 544.0 1024.0
WheatHead 81.0 841.0 187.0 940.0
WheatHead 146.0 703.0 263.0 774.0
WheatHead 149.0 632.0 283.0 714.0
WheatHead 264.0 658.0 346.0 727.0
WheatHead 187.0 578.0 264.0 642.0
WheatHead 0.0 579.0 49.0 690.0
WheatHead 0.0 813.0 47.0 920.0
WheatHead 583.0 688.0 673.0 748.0
WheatHead 587.0 737.0 677.0 802.0
WheatHead 332.0 353.0 372.0 392.0
WheatHead 335.0 297.0 358.0 326.0
WheatHead 263.0 916.0 316.0 1024.0
WheatHead 651.0 321.0 695.0 367.0
WheatHead 800.0 7.0 872.0 54.0
WheatHead 893.0 266.0 941.0 319.0
WheatHead 493.0 217.0 532.0 292.0
WheatHead 835.0 461.0 864.0 497.0
