WheatHead 166.0 158.0 284.0 266.0
WheatHead 74.0 901.0 184.0 1006.0
WheatHead 302.0 97.0 412.0 168.0
WheatHead 788.0 755.0 975.0 849.0
WheatHead 832.0 898.0 980.0 1024.0
WheatHead 583.0 455.0 686.0 547.0
WheatHead 35.0 565.0 122.0 744.0
WheatHead 437.0 2.0 527.0 115.0
WheatHead 803.0 33.0 965.0 115.0
WheatHead 343.0 906.0 448.0 1021.0
WheatHead 48.0 988.0 225.0 1024.0
WheatHead 440.0 983.0 601.0 1024.0
WheatHead 473.0 637.0 606.0 706.0
WheatHead 199.0 581.0 279.0 647.0
WheatHead 762.0 680.0 893.0 768.0
WheatHead 719.0 378.0 924.0 448.0
WheatHead 683.0 414.0 768.0 529.0
WheatHead 770.0 588.0 913.0 660.0
WheatHead 499.0 499.0 609.0 578.0
WheatHead 130.0 819.0 222.0 885.0
WheatHead 596.0 980.0 675.0 1024.0
WheatHead 652.0 212.0 744.0 320.0
WheatHead 240.0 739.0 304.0 844.0
WheatHead 97.0 404.0 186.0 529.0
WheatHead 294.0 701.0 442.0 788.0
WheatHead 419.0 424.0 535.0 517.0
WheatHead 586.0 74.0 670.0 184.0
WheatHead 445.0 680.0 540.0 742.0
WheatHead 248.0 261.0 506.0 394.0
WheatHead 634.0 12.0 780.0 184.0
WheatHead 765.0 135.0 936.0 263.0
WheatHead 189.0 693.0 284.0 757.0
WheatHead 212.0 417.0 304.0 545.0
WheatHead 314.0 535.0 363.0 614.0
WheatHead 463.0 209.0 599.0 284.0
WheatHead 911.0 499.0 993.0 627.0
WheatHead 547.0 744.0 624.0 806.0
WheatHead 84.0 785.0 148.0 860.0
WheatHead 901.0 634.0 1024.0 727.0
WheatHead 0.0 2.0 76.0 66.0
WheatHead 353.0 412.0 450.0 593.0
WheatHead 668.0 903.0 737.0 967.0
WheatHead 166.0 2.0 304.0 56.0
WheatHead 276.0 450.0 366.0 532.0
WheatHead 768.0 227.0 867.0 391.0
WheatHead 816.0 545.0 929.0 709.0
WheatHead 396.0 747.0 488.0 811.0
WheatHead 535.0 207.0 599.0 296.0
WheatHead 691.0 2.0 796.0 48.0
WheatHead 0.0 61.0 46.0 133.0
WheatHead 576.0 936.0 665.0 995.0
WheatHead 568.0 2.0 675.0 30.0
WheatHead 842.0 271.0 934.0 368.0
WheatHead 112.0 384.0 181.0 437.0
WheatHead 957.0 312.0 1024.0 407.0
