WheatHead 988.0 227.0 1024.0 316.0
WheatHead 816.0 547.0 908.0 640.0
WheatHead 845.0 513.0 932.0 600.0
WheatHead 793.0 6.0 879.0 57.0
WheatHead 375.0 211.0 458.0 301.0
WheatHead 653.0 2.0 766.0 57.0
WheatHead 525.0 581.0 599.0 656.0
WheatHead 35.0 536.0 180.0 625.0
WheatHead 378.0 948.0 520.0 1007.0
WheatHead 858.0 309.0 922.0 374.0
WheatHead 520.0 848.0 612.0 909.0
WheatHead 436.0 102.0 543.0 150.0
WheatHead 808.0 614.0 885.0 682.0
WheatHead 77.0 348.0 187.0 393.0
WheatHead 226.0 423.0 368.0 478.0
WheatHead 456.0 4.0 611.0 90.0
WheatHead 212.0 840.0 413.0 896.0
WheatHead 840.0 203.0 989.0 297.0
WheatHead 255.0 909.0 353.0 995.0
WheatHead 365.0 817.0 492.0 895.0
WheatHead 901.0 90.0 994.0 153.0
WheatHead 5.0 166.0 106.0 236.0
WheatHead 35.0 214.0 132.0 279.0
WheatHead 334.0 371.0 520.0 437.0
WheatHead 185.0 868.0 357.0 926.0
WheatHead 953.0 189.0 1024.0 221.0
WheatHead 593.0 842.0 767.0 910.0
WheatHead 197.0 688.0 360.0 735.0
WheatHead 151.0 632.0 307.0 690.0
WheatHead 955.0 395.0 1024.0 430.0
WheatHead 207.0 604.0 278.0 635.0
WheatHead 633.0 994.0 702.0 1024.0
WheatHead 314.0 329.0 379.0 379.0
WheatHead 872.0 961.0 951.0 1005.0
WheatHead 756.0 787.0 883.0 838.0
WheatHead 309.0 684.0 391.0 729.0
WheatHead 115.0 459.0 231.0 567.0
WheatHead 260.0 731.0 355.0 774.0
WheatHead 944.0 134.0 1024.0 182.0
WheatHead 297.0 50.0 424.0 94.0
WheatHead 930.0 999.0 1023.0 1024.0
WheatHead 991.0 827.0 1024.0 862.0
WheatHead 336.0 86.0 417.0 124.0
WheatHead 87.0 846.0 180.0 888.0
WheatHead 69.0 1.0 261.0 72.0
WheatHead 820.0 162.0 868.0 217.0
WheatHead 168.0 708.0 258.0 752.0
WheatHead 381.0 7.0 431.0 61.0
WheatHead 387.0 748.0 525.0 786.0
WheatHead 0.0 114.0 46.0 173.0
WheatHead 427.0 793.0 645.0 843.0
WheatHead 398.0 52.0 464.0 94.0
WheatHead 177.0 306.0 344.0 356.0
WheatHead 996.0 645.0 1024.0 677.0
WheatHead 850.0 100.0 939.0 145.0
WheatHead 0.0 567.0 62.0 634.0
WheatHead 19.0 574.0 108.0 627.0
WheatHead 25.0 488.0 137.0 562.0
WheatHead 62.0 455.0 210.0 519.0
WheatHead 342.0 320.0 525.0 402.0
WheatHead 381.0 301.0 466.0 344.0
WheatHead 410.0 21.0 507.0 70.0
WheatHead 466.0 186.0 537.0 243.0
WheatHead 960.0 213.0 1017.0 243.0
WheatHead 1.0 938.0 68.0 991.0
WheatHead 657.0 308.0 730.0 363.0
WheatHead 184.0 745.0 280.0 778.0
WheatHead 367.0 668.0 526.0 748.0
WheatHead 458.0 688.0 542.0 732.0
