WheatHead 682.0 311.0 778.0 375.0
WheatHead 25.0 692.0 140.0 742.0
WheatHead 0.0 748.0 102.0 815.0
WheatHead 838.0 185.0 909.0 243.0
WheatHead 826.0 288.0 905.0 341.0
WheatHead 31.0 315.0 165.0 370.0
WheatHead 917.0 636.0 1024.0 719.0
WheatHead 972.0 178.0 1024.0 233.0
WheatHead 506.0 12.0 577.0 60.0
WheatHead 598.0 516.0 706.0 593.0
WheatHead 800.0 811.0 919.0 876.0
WheatHead 1.0 527.0 84.0 588.0
WheatHead 241.0 47.0 350.0 170.0
WheatHead 677.0 180.0 764.0 236.0
WheatHead 29.0 1.0 128.0 65.0
WheatHead 260.0 260.0 369.0 329.0
WheatHead 428.0 111.0 509.0 155.0
WheatHead 878.0 959.0 961.0 1008.0
WheatHead 442.0 272.0 540.0 332.0
WheatHead 101.0 420.0 225.0 472.0
WheatHead 75.0 113.0 167.0 164.0
WheatHead 710.0 167.0 817.0 230.0
WheatHead 279.0 641.0 414.0 688.0
WheatHead 696.0 892.0 817.0 946.0
WheatHead 741.0 864.0 849.0 917.0
WheatHead 132.0 558.0 240.0 612.0
WheatHead 158.0 996.0 286.0 1024.0
WheatHead 2.0 378.0 67.0 429.0
WheatHead 895.0 747.0 997.0 798.0
WheatHead 918.0 876.0 1024.0 937.0
WheatHead 247.0 0.0 346.0 27.0
WheatHead 554.0 602.0 668.0 675.0
WheatHead 715.0 694.0 797.0 741.0
WheatHead 817.0 993.0 895.0 1024.0
WheatHead 146.0 584.0 277.0 674.0
WheatHead 0.0 625.0 89.0 668.0
WheatHead 468.0 872.0 550.0 920.0
WheatHead 167.0 720.0 277.0 764.0
WheatHead 42.0 842.0 122.0 877.0
WheatHead 345.0 921.0 470.0 974.0
WheatHead 467.0 340.0 607.0 394.0
WheatHead 298.0 715.0 422.0 765.0
WheatHead 790.0 375.0 851.0 405.0
WheatHead 427.0 995.0 496.0 1024.0
WheatHead 707.0 983.0 820.0 1024.0
WheatHead 155.0 378.0 214.0 425.0
WheatHead 793.0 16.0 885.0 65.0
WheatHead 1006.0 805.0 1024.0 842.0
WheatHead 381.0 834.0 517.0 883.0
WheatHead 192.0 244.0 285.0 293.0
WheatHead 196.0 468.0 282.0 511.0
WheatHead 428.0 366.0 495.0 410.0
WheatHead 763.0 316.0 863.0 361.0
WheatHead 844.0 863.0 986.0 968.0
WheatHead 282.0 876.0 391.0 930.0
WheatHead 472.0 645.0 553.0 696.0
WheatHead 448.0 945.0 521.0 974.0
WheatHead 106.0 914.0 232.0 982.0
WheatHead 647.0 719.0 701.0 747.0
WheatHead 790.0 395.0 821.0 451.0
WheatHead 591.0 962.0 725.0 1009.0
WheatHead 532.0 648.0 635.0 696.0
WheatHead 598.0 321.0 644.0 390.0
WheatHead 84.0 897.0 163.0 933.0
WheatHead 107.0 942.0 190.0 991.0
WheatHead 58.0 872.0 163.0 920.0
WheatHead 517.0 754.0 624.0 810.0
WheatHead 825.0 633.0 894.0 677.0
WheatHead 738.0 732.0 844.0 785.0
WheatHead 373.0 713.0 459.0 753.0
WheatHead 638.0 748.0 689.0 785.0
WheatHead 0.0 774.0 46.0 814.0
WheatHead 0.0 235.0 37.0 297.0
WheatHead 56.0 40.0 202.0 81.0
WheatHead 471.0 262.0 553.0 315.0
WheatHead 619.0 140.0 698.0 192.0
