WheatHead 561.0 0.0 640.0 98.0
WheatHead 267.0 19.0 353.0 113.0
WheatHead 929.0 327.0 1003.0 412.0
WheatHead 754.0 274.0 841.0 390.0
WheatHead 0.0 189.0 76.0 270.0
WheatHead 0.0 598.0 19.0 677.0
WheatHead 535.0 131.0 610.0 212.0
WheatHead 595.0 780.0 670.0 853.0
WheatHead 834.0 315.0 883.0 391.0
WheatHead 131.0 462.0 221.0 548.0
WheatHead 641.0 126.0 719.0 259.0
WheatHead 221.0 736.0 340.0 820.0
WheatHead 461.0 218.0 567.0 327.0
WheatHead 48.0 0.0 102.0 47.0
WheatHead 23.0 897.0 101.0 966.0
WheatHead 87.0 815.0 197.0 882.0
WheatHead 0.0 543.0 60.0 611.0
WheatHead 580.0 887.0 658.0 968.0
WheatHead 613.0 729.0 700.0 812.0
WheatHead 50.0 87.0 141.0 180.0
WheatHead 107.0 94.0 180.0 155.0
WheatHead 80.0 305.0 184.0 378.0
WheatHead 568.0 969.0 653.0 1024.0
WheatHead 178.0 387.0 280.0 445.0
WheatHead 378.0 38.0 428.0 114.0
WheatHead 901.0 552.0 942.0 643.0
WheatHead 681.0 352.0 760.0 433.0
WheatHead 382.0 781.0 456.0 849.0
WheatHead 962.0 309.0 1022.0 374.0
WheatHead 495.0 608.0 544.0 696.0
WheatHead 0.0 528.0 50.0 562.0
WheatHead 6.0 1.0 121.0 81.0
WheatHead 36.0 1004.0 110.0 1024.0
WheatHead 318.0 363.0 386.0 400.0
WheatHead 352.0 137.0 383.0 212.0
WheatHead 287.0 239.0 402.0 295.0
WheatHead 157.0 768.0 217.0 830.0
WheatHead 458.0 521.0 499.0 592.0
WheatHead 882.0 828.0 959.0 879.0
WheatHead 891.0 15.0 922.0 91.0
WheatHead 770.0 779.0 820.0 835.0
WheatHead 706.0 76.0 756.0 180.0
WheatHead 59.0 703.0 143.0 814.0
WheatHead 463.0 929.0 555.0 985.0
WheatHead 928.0 705.0 980.0 787.0
WheatHead 218.0 909.0 336.0 977.0
WheatHead 569.0 887.0 630.0 962.0
WheatHead 424.0 148.0 465.0 222.0
WheatHead 563.0 660.0 622.0 714.0
WheatHead 258.0 959.0 307.0 1024.0
WheatHead 959.0 740.0 988.0 811.0
WheatHead 338.0 451.0 378.0 507.0
WheatHead 411.0 925.0 485.0 1001.0
WheatHead 543.0 728.0 604.0 751.0
WheatHead 623.0 0.0 660.0 27.0
WheatHead 902.0 974.0 932.0 1024.0
WheatHead 221.0 659.0 313.0 722.0
WheatHead 362.0 879.0 476.0 932.0
WheatHead 685.0 890.0 810.0 955.0
WheatHead 938.0 980.0 991.0 1011.0
WheatHead 918.0 0.0 942.0 47.0
WheatHead 728.9000244140625 476.0 821.7000122070312 535.5
WheatHead 539.0 555.0 576.0 607.0
WheatHead 638.0 468.0 703.0 494.0
WheatHead 666.0 473.0 750.0 579.0
WheatHead 551.0 400.0 638.0 488.0
WheatHead 344.0 151.0 456.0 195.0
WheatHead 467.0 113.0 541.0 178.0
WheatHead 0.0 354.0 76.0 430.0
WheatHead 396.0 331.0 442.0 366.0
