WheatHead 505.0 174.0 578.0 256.0
WheatHead 395.0 87.0 465.0 185.0
WheatHead 498.0 415.0 552.0 509.0
WheatHead 90.0 477.0 189.0 600.0
WheatHead 124.0 234.0 248.0 314.0
WheatHead 185.0 509.0 248.0 615.0
WheatHead 653.0 326.0 711.0 409.0
WheatHead 204.0 359.0 290.0 415.0
WheatHead 51.0 876.0 125.0 966.0
WheatHead 619.0 188.0 709.0 291.0
WheatHead 121.0 342.0 196.0 419.0
WheatHead 937.0 80.0 993.0 173.0
WheatHead 423.0 640.0 485.0 746.0
WheatHead 323.0 738.0 420.0 794.0
WheatHead 600.0 666.0 677.0 750.0
WheatHead 255.0 494.0 313.0 650.0
WheatHead 2.0 514.0 96.0 674.0
WheatHead 38.0 779.0 135.0 866.0
WheatHead 493.0 868.0 637.0 928.0
WheatHead 399.0 902.0 499.0 957.0
WheatHead 621.0 739.0 712.0 786.0
WheatHead 219.0 143.0 319.0 182.0
WheatHead 563.0 953.0 699.0 1000.0
WheatHead 349.0 304.0 415.0 401.0
WheatHead 535.0 0.0 603.0 66.0
WheatHead 801.0 527.0 927.0 625.0
WheatHead 252.0 165.0 290.0 292.0
WheatHead 363.0 170.0 434.0 308.0
WheatHead 749.0 57.0 806.0 172.0
WheatHead 131.0 461.0 196.0 573.0
WheatHead 907.0 176.0 972.0 251.0
WheatHead 760.0 950.0 791.0 1024.0
WheatHead 592.0 588.0 641.0 664.0
WheatHead 436.0 314.0 514.0 417.0
WheatHead 699.0 282.0 759.0 367.0
WheatHead 5.0 187.0 105.0 271.0
WheatHead 446.0 417.0 491.0 570.0
WheatHead 140.0 285.0 199.0 337.0
WheatHead 887.0 954.0 917.0 1024.0
WheatHead 914.0 0.0 946.0 55.0
WheatHead 783.0 363.0 809.0 438.0
WheatHead 379.0 0.0 412.0 52.0
WheatHead 87.0 989.0 137.0 1024.0
WheatHead 759.0 230.0 829.0 360.0
WheatHead 894.0 746.0 936.0 813.0
WheatHead 709.0 676.0 791.0 720.0
WheatHead 515.0 952.0 559.0 1022.0
WheatHead 139.0 181.0 217.0 270.0
WheatHead 434.0 592.0 560.0 663.0
WheatHead 0.0 869.0 38.0 931.0
WheatHead 838.0 880.0 924.0 925.0
WheatHead 172.0 52.0 251.0 88.0
WheatHead 907.0 367.0 955.0 405.0
WheatHead 621.0 152.0 764.0 250.0
WheatHead 801.0 902.0 868.0 973.0
WheatHead 264.0 667.0 339.0 733.0
WheatHead 313.0 951.0 456.0 993.0
WheatHead 522.0 423.0 630.0 532.0
WheatHead 746.0 850.0 777.0 922.0
WheatHead 866.0 163.0 913.0 217.0
WheatHead 433.0 794.0 527.0 882.0
WheatHead 247.0 941.0 333.0 988.0
WheatHead 392.0 397.0 453.0 468.0
