WheatHead 752.0 911.0 870.0 980.0
WheatHead 433.0 286.0 525.0 367.0
WheatHead 568.0 135.0 652.0 222.0
WheatHead 906.0 514.0 1018.0 596.0
WheatHead 158.0 261.0 253.0 371.0
WheatHead 391.0 911.0 481.0 988.0
WheatHead 903.0 773.0 1012.0 837.0
WheatHead 196.0 565.0 288.0 634.0
WheatHead 704.0 117.0 783.0 235.0
WheatHead 294.0 243.0 386.0 320.0
WheatHead 565.0 655.0 647.0 727.0
WheatHead 81.0 61.0 153.0 186.0
WheatHead 552.0 23.0 652.0 117.0
WheatHead 674.0 464.0 746.0 518.0
WheatHead 727.0 732.0 801.0 808.0
WheatHead 675.0 2.0 752.0 107.0
WheatHead 214.0 493.0 273.0 552.0
WheatHead 796.0 40.0 896.0 116.0
WheatHead 59.0 760.0 105.0 830.0
WheatHead 291.0 798.0 360.0 872.0
WheatHead 217.0 2.0 291.0 92.0
WheatHead 614.0 742.0 714.0 814.0
WheatHead 952.0 341.0 1023.0 397.0
WheatHead 732.0 632.0 788.0 716.0
WheatHead 602.0 237.0 652.0 320.0
WheatHead 780.0 380.0 846.0 478.0
WheatHead 118.0 495.0 199.0 558.0
WheatHead 209.0 153.0 273.0 238.0
WheatHead 749.0 523.0 812.0 592.0
WheatHead 879.0 26.0 949.0 96.0
WheatHead 122.0 2.0 186.0 69.0
WheatHead 332.0 2.0 427.0 79.0
WheatHead 522.0 2.0 599.0 61.0
WheatHead 168.0 171.0 222.0 227.0
WheatHead 279.0 64.0 322.0 189.0
WheatHead 296.0 2.0 330.0 74.0
WheatHead 412.0 2.0 471.0 69.0
WheatHead 650.0 250.0 727.0 335.0
WheatHead 265.0 490.0 353.0 554.0
WheatHead 1.0 503.0 49.0 594.0
WheatHead 102.0 723.0 166.0 818.0
WheatHead 250.0 755.0 320.0 816.0
WheatHead 7.0 934.0 66.0 1008.0
WheatHead 81.0 924.0 125.0 973.0
WheatHead 86.0 973.0 134.0 1024.0
WheatHead 357.0 627.0 446.0 711.0
WheatHead 891.0 746.0 964.0 805.0
WheatHead 762.0 668.0 860.0 719.0
WheatHead 614.0 580.0 665.0 638.0
WheatHead 651.0 437.0 723.0 491.0
WheatHead 793.0 327.0 919.0 409.0
WheatHead 762.0 161.0 839.0 243.0
WheatHead 136.0 567.0 198.0 628.0
