WheatHead 8.0 0.0 87.0 38.0
WheatHead 21.0 281.0 95.0 354.0
WheatHead 160.0 33.0 236.0 97.0
WheatHead 440.0 48.0 498.0 138.0
WheatHead 384.0 121.0 465.0 186.0
WheatHead 528.0 44.0 589.0 111.0
WheatHead 707.0 44.0 785.0 115.0
WheatHead 183.0 236.0 250.0 315.0
WheatHead 264.0 309.0 352.0 385.0
WheatHead 175.0 311.0 263.0 384.0
WheatHead 150.0 431.0 218.0 514.0
WheatHead 316.0 403.0 383.0 475.0
WheatHead 469.0 342.0 591.0 427.0
WheatHead 593.0 188.0 680.0 267.0
WheatHead 809.0 199.0 912.0 267.0
WheatHead 730.0 261.0 824.0 342.0
WheatHead 634.0 319.0 744.0 401.0
WheatHead 664.0 395.0 741.0 472.0
WheatHead 899.0 247.0 978.0 317.0
WheatHead 956.0 209.0 1024.0 279.0
WheatHead 981.0 65.0 1024.0 142.0
WheatHead 1001.0 146.0 1024.0 213.0
WheatHead 959.0 320.0 1024.0 408.0
WheatHead 1001.0 0.0 1024.0 16.0
WheatHead 194.0 114.0 257.0 177.0
WheatHead 653.0 525.0 744.0 601.0
WheatHead 539.0 524.0 603.0 582.0
WheatHead 971.0 518.0 1024.0 615.0
WheatHead 808.0 530.0 890.0 603.0
WheatHead 818.0 610.0 895.0 686.0
WheatHead 721.0 621.0 807.0 685.0
WheatHead 764.0 718.0 848.0 778.0
WheatHead 761.0 818.0 850.0 899.0
WheatHead 524.0 651.0 583.0 720.0
WheatHead 442.0 664.0 536.0 735.0
WheatHead 258.0 620.0 324.0 705.0
WheatHead 161.0 523.0 255.0 637.0
WheatHead 174.0 658.0 238.0 719.0
WheatHead 267.0 723.0 338.0 784.0
WheatHead 180.0 723.0 260.0 772.0
WheatHead 123.0 720.0 185.0 802.0
WheatHead 19.0 554.0 95.0 657.0
WheatHead 155.0 860.0 243.0 956.0
WheatHead 296.0 815.0 379.0 921.0
WheatHead 378.0 868.0 436.0 918.0
WheatHead 464.0 811.0 543.0 902.0
WheatHead 559.0 886.0 634.0 987.0
WheatHead 671.0 901.0 734.0 991.0
WheatHead 765.0 952.0 841.0 1019.0
WheatHead 730.0 1001.0 791.0 1024.0
WheatHead 785.0 1003.0 884.0 1024.0
WheatHead 405.0 958.0 493.0 1024.0
WheatHead 0.0 877.0 52.0 967.0
WheatHead 310.0 88.0 365.0 139.0
WheatHead 159.0 91.0 221.0 158.0
WheatHead 843.0 180.0 902.0 218.0
WheatHead 766.0 678.0 833.0 729.0
WheatHead 625.0 823.0 674.0 850.0
WheatHead 604.0 877.0 657.0 924.0
WheatHead 526.0 825.0 578.0 880.0
