WheatHead 880.0 427.0 940.0 514.0
WheatHead 709.0 29.0 789.0 106.0
WheatHead 783.0 209.0 877.0 281.0
WheatHead 344.0 32.0 443.0 148.0
WheatHead 430.0 535.0 506.0 602.0
WheatHead 574.0 279.0 669.0 330.0
WheatHead 19.0 163.0 127.0 224.0
WheatHead 775.0 862.0 863.0 930.0
WheatHead 581.0 588.0 675.0 634.0
WheatHead 234.0 196.0 364.0 263.0
WheatHead 667.0 681.0 755.0 748.0
WheatHead 12.0 604.0 106.0 656.0
WheatHead 407.0 969.0 473.0 1024.0
WheatHead 716.0 95.0 813.0 149.0
WheatHead 715.0 189.0 760.0 266.0
WheatHead 438.0 873.0 547.0 965.0
WheatHead 845.0 182.0 890.0 253.0
WheatHead 4.0 475.0 134.0 529.0
WheatHead 670.0 1.0 708.0 70.0
WheatHead 140.0 1.0 207.0 47.0
WheatHead 155.0 532.0 222.0 574.0
WheatHead 486.0 22.0 590.0 83.0
WheatHead 0.0 693.0 75.0 734.0
WheatHead 909.0 537.0 988.0 588.0
WheatHead 1.0 370.0 42.0 436.0
WheatHead 984.0 715.0 1024.0 740.0
WheatHead 361.0 8.0 432.0 62.0
WheatHead 898.0 349.0 1002.0 389.0
WheatHead 368.0 384.0 466.0 411.0
WheatHead 483.0 520.0 569.0 553.0
WheatHead 630.0 789.0 707.0 832.0
WheatHead 294.0 4.0 352.0 70.0
WheatHead 681.0 258.0 781.0 293.0
WheatHead 156.0 231.0 285.0 284.0
WheatHead 36.0 762.0 144.0 809.0
WheatHead 924.0 294.0 973.0 348.0
WheatHead 77.0 382.0 177.0 426.0
WheatHead 966.0 600.0 1021.0 632.0
WheatHead 72.0 736.0 204.0 780.0
WheatHead 987.0 656.0 1024.0 671.0
WheatHead 641.0 208.0 710.0 271.0
WheatHead 739.0 778.0 858.0 867.0
WheatHead 773.0 808.0 915.0 869.0
WheatHead 414.0 346.0 490.0 376.0
WheatHead 363.0 641.0 494.0 684.0
WheatHead 883.0 734.0 977.0 775.0
WheatHead 5.0 406.0 64.0 438.0
WheatHead 445.0 443.0 501.0 496.0
WheatHead 214.0 354.0 302.0 393.0
WheatHead 721.0 291.0 832.0 326.0
WheatHead 782.0 417.0 856.0 460.0
WheatHead 984.0 765.0 1024.0 782.0
WheatHead 970.0 888.0 1024.0 916.0
WheatHead 192.0 645.0 294.0 684.0
WheatHead 875.0 266.0 922.0 328.0
WheatHead 981.0 779.0 1024.0 804.0
WheatHead 947.0 858.0 1016.0 889.0
WheatHead 180.0 999.0 293.0 1024.0
WheatHead 370.0 483.0 500.0 529.0
WheatHead 831.0 537.0 907.0 577.0
WheatHead 465.0 620.0 517.0 672.0
WheatHead 135.0 830.0 337.0 894.0
WheatHead 323.0 303.0 403.0 355.0
WheatHead 667.0 389.0 700.0 428.0
WheatHead 0.0 280.0 65.0 324.0
WheatHead 0.0 119.0 36.0 158.0
WheatHead 107.0 24.0 158.0 71.0
WheatHead 142.0 771.0 266.0 805.0
WheatHead 699.0 816.0 757.0 840.0
WheatHead 893.0 816.0 962.0 872.0
WheatHead 874.0 978.0 982.0 1024.0
WheatHead 0.0 683.0 49.0 753.0
