WheatHead 987.0 166.0 1024.0 264.0
WheatHead 790.0 209.0 909.0 320.0
WheatHead 704.0 145.0 781.0 222.0
WheatHead 467.0 408.0 625.0 484.0
WheatHead 662.0 515.0 766.0 612.0
WheatHead 422.0 525.0 525.0 598.0
WheatHead 369.0 602.0 457.0 676.0
WheatHead 779.0 768.0 922.0 909.0
WheatHead 702.0 802.0 832.0 967.0
WheatHead 621.0 794.0 725.0 906.0
WheatHead 179.0 815.0 309.0 956.0
WheatHead 286.0 832.0 373.0 918.0
WheatHead 104.0 647.0 184.0 740.0
WheatHead 197.0 649.0 325.0 742.0
WheatHead 111.0 742.0 186.0 881.0
WheatHead 64.0 387.0 152.0 531.0
WheatHead 147.0 389.0 303.0 512.0
WheatHead 71.0 267.0 150.0 376.0
WheatHead 40.0 26.0 184.0 141.0
WheatHead 998.0 470.0 1024.0 585.0
WheatHead 915.0 327.0 994.0 399.0
WheatHead 963.0 559.0 1024.0 672.0
WheatHead 0.0 883.0 81.0 1013.0
WheatHead 201.0 990.0 267.0 1024.0
WheatHead 403.0 354.0 571.0 460.0
WheatHead 538.0 553.0 643.0 599.0
