WheatHead 0.0 346.0 109.0 444.0
WheatHead 236.0 953.0 335.0 1024.0
WheatHead 356.0 251.0 442.0 387.0
WheatHead 87.0 756.0 196.0 827.0
WheatHead 545.0 794.0 652.0 901.0
WheatHead 328.0 916.0 396.0 1024.0
WheatHead 179.0 449.0 239.0 557.0
WheatHead 850.0 835.0 933.0 921.0
WheatHead 464.0 720.0 554.0 904.0
WheatHead 0.0 276.0 103.0 332.0
WheatHead 280.0 428.0 357.0 547.0
WheatHead 40.0 36.0 256.0 109.0
WheatHead 190.0 797.0 287.0 922.0
WheatHead 745.0 883.0 896.0 976.0
WheatHead 0.0 464.0 126.0 573.0
WheatHead 400.0 0.0 470.0 59.0
WheatHead 554.0 409.0 634.0 516.0
WheatHead 784.0 40.0 999.0 163.0
WheatHead 11.0 25.0 128.0 184.0
WheatHead 538.0 666.0 652.0 783.0
WheatHead 582.0 579.0 719.0 689.0
WheatHead 359.0 620.0 419.0 692.0
WheatHead 194.0 947.0 254.0 1023.0
WheatHead 731.0 970.0 884.0 1024.0
WheatHead 490.0 31.0 566.0 120.0
WheatHead 67.0 310.0 178.0 389.0
WheatHead 768.0 231.0 957.0 399.0
WheatHead 690.0 724.0 820.0 834.0
WheatHead 902.0 636.0 965.0 708.0
WheatHead 0.0 134.0 71.0 194.0
WheatHead 348.0 373.0 429.0 510.0
WheatHead 376.0 489.0 490.0 632.0
WheatHead 181.0 9.0 242.0 51.0
WheatHead 586.0 80.0 756.0 174.0
WheatHead 650.0 143.0 757.0 231.0
WheatHead 500.0 133.0 543.0 170.0
WheatHead 332.0 143.0 377.0 193.0
WheatHead 305.0 207.0 348.0 288.0
