WheatHead 0.0 0.0 81.0 73.0
WheatHead 120.0 269.0 232.0 376.0
WheatHead 365.0 438.0 476.0 566.0
WheatHead 702.0 371.0 813.0 493.0
WheatHead 333.0 645.0 422.0 719.0
WheatHead 71.0 675.0 168.0 837.0
WheatHead 95.0 840.0 161.0 969.0
WheatHead 519.0 775.0 623.0 883.0
WheatHead 711.0 499.0 828.0 619.0
WheatHead 141.0 44.0 212.0 117.0
WheatHead 0.0 960.0 18.0 1024.0
WheatHead 163.0 806.0 247.0 948.0
WheatHead 144.0 978.0 197.0 1017.0
WheatHead 354.0 863.0 428.0 915.0
WheatHead 378.0 907.0 443.0 950.0
WheatHead 529.0 712.0 570.0 757.0
WheatHead 694.0 919.0 800.0 1022.0
WheatHead 754.0 503.0 896.0 708.0
WheatHead 175.0 522.0 284.0 585.0
WheatHead 293.0 370.0 399.0 448.0
WheatHead 224.0 300.0 301.0 368.0
WheatHead 561.0 182.0 636.0 272.0
WheatHead 656.0 116.0 744.0 209.0
WheatHead 425.0 64.0 500.0 194.0
WheatHead 888.0 977.0 946.0 1024.0
