WheatHead 401.0 20.0 558.0 102.0
WheatHead 0.0 481.0 72.0 584.0
WheatHead 138.0 765.0 266.0 849.0
WheatHead 908.0 371.0 1010.0 464.0
WheatHead 844.0 414.0 934.0 491.0
WheatHead 811.0 120.0 911.0 197.0
WheatHead 0.0 158.0 38.0 232.0
WheatHead 742.0 363.0 808.0 437.0
WheatHead 898.0 230.0 1006.0 314.0
WheatHead 875.0 780.0 995.0 857.0
WheatHead 156.0 325.0 258.0 396.0
WheatHead 52.0 891.0 170.0 988.0
WheatHead 194.0 896.0 314.0 988.0
WheatHead 99.0 0.0 174.0 40.0
WheatHead 130.0 247.0 209.0 325.0
WheatHead 939.0 834.0 1024.0 911.0
WheatHead 951.0 611.0 1023.0 698.0
WheatHead 204.0 266.0 286.0 330.0
WheatHead 921.0 296.0 1013.0 355.0
WheatHead 58.0 957.0 166.0 1024.0
WheatHead 975.0 175.0 1024.0 245.0
