WheatHead 17.0 900.0 167.0 990.0
WheatHead 65.0 775.0 143.0 902.0
WheatHead 236.0 710.0 336.0 783.0
WheatHead 29.0 539.0 137.0 698.0
WheatHead 0.0 441.0 74.0 529.0
WheatHead 4.0 307.0 69.0 405.0
WheatHead 198.0 411.0 271.0 496.0
WheatHead 244.0 395.0 449.0 516.0
WheatHead 342.0 279.0 468.0 399.0
WheatHead 297.0 240.0 348.0 309.0
WheatHead 366.0 197.0 421.0 256.0
WheatHead 390.0 210.0 486.0 287.0
WheatHead 525.0 181.0 624.0 283.0
WheatHead 600.0 248.0 765.0 368.0
WheatHead 456.0 326.0 600.0 417.0
WheatHead 570.0 446.0 742.0 525.0
WheatHead 608.0 494.0 748.0 577.0
WheatHead 787.0 374.0 898.0 470.0
WheatHead 730.0 303.0 821.0 391.0
WheatHead 833.0 260.0 909.0 366.0
WheatHead 880.0 185.0 956.0 279.0
WheatHead 966.0 279.0 1024.0 392.0
WheatHead 915.0 586.0 990.0 732.0
WheatHead 750.0 604.0 830.0 734.0
WheatHead 783.0 761.0 854.0 823.0
WheatHead 494.0 756.0 600.0 817.0
WheatHead 439.0 777.0 600.0 866.0
WheatHead 325.0 789.0 431.0 866.0
WheatHead 772.0 835.0 833.0 1004.0
WheatHead 563.0 905.0 683.0 1024.0
WheatHead 840.0 866.0 980.0 947.0
WheatHead 891.0 933.0 1017.0 1021.0
WheatHead 590.0 57.0 705.0 120.0
WheatHead 401.0 11.0 478.0 70.0
WheatHead 287.0 0.0 358.0 41.0
WheatHead 145.0 0.0 193.0 11.0
WheatHead 588.0 0.0 653.0 49.0
WheatHead 159.0 933.0 236.0 1024.0
WheatHead 218.0 925.0 329.0 1001.0
WheatHead 142.0 738.0 185.0 821.0
WheatHead 845.0 373.0 957.0 425.0
