WheatHead 104.0 263.0 177.0 375.0
WheatHead 0.0 166.0 79.0 264.0
WheatHead 5.0 102.0 179.0 210.0
WheatHead 288.0 0.0 366.0 88.0
WheatHead 246.0 47.0 304.0 109.0
WheatHead 283.0 61.0 458.0 194.0
WheatHead 522.0 32.0 648.0 124.0
WheatHead 578.0 110.0 647.0 253.0
WheatHead 811.0 155.0 891.0 272.0
WheatHead 742.0 255.0 816.0 339.0
WheatHead 736.0 365.0 838.0 485.0
WheatHead 530.0 510.0 623.0 573.0
WheatHead 292.0 489.0 401.0 592.0
WheatHead 526.0 565.0 587.0 671.0
WheatHead 601.0 568.0 695.0 653.0
WheatHead 723.0 660.0 883.0 749.0
WheatHead 823.0 514.0 927.0 611.0
WheatHead 885.0 479.0 1024.0 551.0
WheatHead 951.0 134.0 1024.0 235.0
WheatHead 953.0 627.0 1024.0 804.0
WheatHead 903.0 882.0 1024.0 966.0
WheatHead 361.0 617.0 477.0 789.0
WheatHead 498.0 852.0 611.0 931.0
WheatHead 541.0 792.0 661.0 866.0
WheatHead 610.0 836.0 698.0 925.0
WheatHead 609.0 708.0 710.0 786.0
WheatHead 746.0 885.0 852.0 1004.0
WheatHead 674.0 946.0 757.0 1024.0
WheatHead 575.0 920.0 678.0 1024.0
WheatHead 492.0 949.0 592.0 1024.0
WheatHead 98.0 832.0 180.0 922.0
WheatHead 257.0 850.0 314.0 923.0
WheatHead 286.0 803.0 353.0 905.0
WheatHead 27.0 671.0 260.0 816.0
WheatHead 201.0 661.0 363.0 797.0
WheatHead 251.0 612.0 350.0 691.0
WheatHead 362.0 713.0 465.0 842.0
WheatHead 334.0 396.0 412.0 500.0
WheatHead 560.0 46.0 602.0 162.0
WheatHead 0.0 991.0 64.0 1024.0
