WheatHead 616.0 663.0 806.0 742.0
WheatHead 187.0 237.0 297.0 390.0
WheatHead 0.0 724.0 40.0 798.0
WheatHead 469.0 509.0 572.0 570.0
WheatHead 455.0 952.0 552.0 1024.0
WheatHead 834.0 913.0 939.0 1024.0
WheatHead 243.0 481.0 376.0 601.0
WheatHead 0.0 396.0 51.0 460.0
WheatHead 709.0 568.0 811.0 665.0
WheatHead 0.0 816.0 138.0 957.0
WheatHead 0.0 965.0 128.0 1024.0
WheatHead 110.0 794.0 208.0 912.0
WheatHead 435.0 15.0 568.0 87.0
WheatHead 752.0 783.0 855.0 849.0
WheatHead 887.0 733.0 994.0 797.0
WheatHead 537.0 48.0 755.0 238.0
WheatHead 378.0 637.0 476.0 711.0
WheatHead 829.0 529.0 921.0 675.0
WheatHead 655.0 803.0 803.0 998.0
WheatHead 317.0 363.0 483.0 488.0
WheatHead 770.0 381.0 865.0 550.0
WheatHead 0.0 455.0 62.0 565.0
WheatHead 540.0 225.0 652.0 435.0
WheatHead 404.0 588.0 501.0 663.0
WheatHead 115.0 15.0 287.0 156.0
WheatHead 46.0 176.0 184.0 263.0
WheatHead 35.0 250.0 166.0 384.0
WheatHead 172.0 517.0 226.0 571.0
WheatHead 0.0 284.0 89.0 397.0
WheatHead 642.0 901.0 721.0 1013.0
WheatHead 691.0 266.0 806.0 345.0
WheatHead 880.0 58.0 1000.0 212.0
WheatHead 547.0 373.0 755.0 465.0
WheatHead 752.0 320.0 980.0 407.0
WheatHead 657.0 227.0 721.0 307.0
WheatHead 740.0 0.0 881.0 46.0
WheatHead 304.0 454.0 349.0 525.0
WheatHead 931.0 941.0 972.0 1000.0
WheatHead 704.0 320.0 801.0 404.0
WheatHead 883.0 158.0 954.0 253.0
WheatHead 53.0 176.0 135.0 238.0
WheatHead 50.0 0.0 219.0 92.0
WheatHead 192.0 5.0 241.0 97.0
WheatHead 28.0 826.0 135.0 942.0
WheatHead 609.0 591.0 670.0 680.0
WheatHead 962.0 540.0 1024.0 645.0
WheatHead 793.0 522.0 857.0 593.0
WheatHead 979.0 0.0 1023.0 111.0
WheatHead 839.0 391.0 919.0 527.0
