WheatHead 230.0 45.0 312.0 135.0
WheatHead 424.0 765.0 536.0 820.0
WheatHead 685.0 315.0 761.0 423.0
WheatHead 162.0 252.0 280.8999938964844 317.1000061035156
WheatHead 965.0 286.0 1024.0 361.0
WheatHead 373.0 568.0 464.0 621.0
WheatHead 759.0 55.0 827.0 132.0
WheatHead 611.0 182.0 694.0 238.0
WheatHead 86.0 510.0 187.0 573.0
WheatHead 748.0 196.0 842.0 251.0
WheatHead 10.0 764.0 99.0 821.0
WheatHead 57.0 821.0 166.0 876.0
WheatHead 514.0 423.0 676.0 512.0
WheatHead 482.0 87.0 585.0 173.0
WheatHead 248.0 839.0 360.0 888.0
WheatHead 830.0 166.0 932.0 248.0
WheatHead 924.0 569.0 973.0 632.0
WheatHead 8.0 281.0 103.0 345.0
WheatHead 66.0 92.0 212.0 182.0
WheatHead 703.0 245.0 808.0 321.0
WheatHead 263.0 860.0 394.0 953.0
WheatHead 954.0 187.0 1024.0 243.0
WheatHead 323.0 678.0 458.0 744.0
WheatHead 900.0 741.0 1011.0 812.0
WheatHead 19.0 21.0 139.0 79.0
WheatHead 348.0 749.0 421.0 806.0
WheatHead 1.0 671.0 95.0 708.0
WheatHead 4.0 330.0 131.0 391.0
WheatHead 447.0 846.0 549.0 900.0
WheatHead 411.0 222.0 499.0 270.0
WheatHead 877.0 117.0 966.0 177.0
WheatHead 130.0 759.0 228.0 831.0
WheatHead 0.0 110.0 81.0 173.0
WheatHead 438.0 172.0 531.0 225.0
WheatHead 180.0 539.0 314.0 600.0
WheatHead 130.0 913.0 285.0 971.0
WheatHead 525.4000244140625 742.0999755859375 627.7000122070312 783.5
WheatHead 709.0 91.0 780.0 158.0
WheatHead 603.0 800.0 715.0 839.0
WheatHead 616.0 754.0 713.0 800.0
WheatHead 329.0 778.0 402.0 826.0
WheatHead 28.0 420.0 112.0 499.0
WheatHead 546.0 431.0 656.0 483.0
WheatHead 447.0 632.0 520.0 664.0
WheatHead 290.0 821.0 379.0 862.0
WheatHead 713.0 565.0 856.0 654.0
WheatHead 191.0 8.0 277.0 64.0
WheatHead 736.0 522.0 850.0 638.0
WheatHead 136.0 969.0 237.0 989.0
WheatHead 304.0 587.0 390.0 614.0
WheatHead 222.0 454.0 376.0 509.0
WheatHead 800.0 939.0 935.0 990.0
WheatHead 62.0 174.0 187.0 230.0
WheatHead 0.0 839.0 79.0 885.0
WheatHead 499.0 64.0 563.0 114.0
WheatHead 603.0 832.0 724.0 875.0
WheatHead 416.0 95.0 505.0 178.0
WheatHead 526.0 845.0 701.0 918.0
WheatHead 461.0 987.0 560.0 1024.0
WheatHead 833.0 881.0 935.0 934.0
WheatHead 394.0 145.0 491.0 216.0
WheatHead 659.0 907.0 745.0 957.0
WheatHead 0.0 560.0 50.0 615.0
WheatHead 27.0 546.0 102.0 584.0
WheatHead 195.0 708.0 253.0 755.0
