WheatHead 0.0 305.0 39.0 381.0
WheatHead 6.0 366.0 195.0 476.0
WheatHead 0.0 118.0 80.0 218.0
WheatHead 222.0 0.0 303.0 102.0
WheatHead 295.0 0.0 401.0 90.0
WheatHead 602.0 4.0 712.0 90.0
WheatHead 386.0 202.0 478.0 321.0
WheatHead 297.0 303.0 352.0 372.0
WheatHead 421.0 157.0 482.0 222.0
WheatHead 614.0 283.0 665.0 348.0
WheatHead 630.0 342.0 700.0 415.0
WheatHead 612.0 405.0 700.0 492.0
WheatHead 403.0 376.0 482.0 472.0
WheatHead 244.0 490.0 356.0 570.0
WheatHead 407.0 505.0 512.0 588.0
WheatHead 838.0 362.0 927.0 480.0
WheatHead 693.0 559.0 826.0 661.0
WheatHead 161.0 590.0 242.0 671.0
WheatHead 216.0 586.0 311.0 665.0
WheatHead 0.0 570.0 39.0 649.0
WheatHead 352.0 630.0 509.0 732.0
WheatHead 488.0 716.0 574.0 803.0
WheatHead 803.0 730.0 882.0 785.0
WheatHead 529.0 860.0 667.0 943.0
WheatHead 195.0 797.0 309.0 884.0
WheatHead 0.0 882.0 69.0 1002.0
WheatHead 303.0 935.0 372.0 1024.0
WheatHead 949.0 777.0 1024.0 874.0
WheatHead 903.0 202.0 1000.0 287.0
