WheatHead 47.0 209.0 119.0 290.0
WheatHead 26.0 318.0 100.0 376.0
WheatHead 0.0 382.0 77.0 474.0
WheatHead 23.0 478.0 109.0 544.0
WheatHead 67.0 780.0 150.0 878.0
WheatHead 44.0 953.0 128.0 1024.0
WheatHead 179.0 941.0 239.0 1024.0
WheatHead 322.0 964.0 414.0 1021.0
WheatHead 441.0 874.0 507.0 944.0
WheatHead 972.0 911.0 1024.0 983.0
WheatHead 878.0 698.0 942.0 774.0
WheatHead 871.0 784.0 964.0 852.0
WheatHead 515.0 713.0 591.0 792.0
WheatHead 482.0 796.0 560.0 862.0
WheatHead 589.0 819.0 671.0 901.0
WheatHead 634.0 747.0 709.0 815.0
WheatHead 220.0 642.0 317.0 716.0
WheatHead 306.0 651.0 372.0 713.0
WheatHead 277.0 727.0 361.0 791.0
WheatHead 437.0 541.0 524.0 630.0
WheatHead 519.0 522.0 593.0 591.0
WheatHead 593.0 570.0 677.0 643.0
WheatHead 841.0 489.0 950.0 601.0
WheatHead 822.0 623.0 900.0 692.0
WheatHead 795.0 710.0 852.0 776.0
WheatHead 645.0 294.0 725.0 421.0
WheatHead 351.0 339.0 419.0 399.0
WheatHead 154.0 357.0 243.0 471.0
WheatHead 339.0 118.0 402.0 201.0
WheatHead 419.0 85.0 505.0 180.0
WheatHead 422.0 185.0 488.0 247.0
WheatHead 530.0 246.0 590.0 321.0
WheatHead 608.0 131.0 684.0 235.0
WheatHead 546.0 89.0 620.0 149.0
WheatHead 537.0 0.0 654.0 79.0
WheatHead 378.0 0.0 462.0 44.0
WheatHead 223.0 0.0 296.0 62.0
WheatHead 57.0 0.0 135.0 89.0
WheatHead 721.0 2.0 806.0 86.0
WheatHead 808.0 66.0 888.0 146.0
WheatHead 747.0 141.0 813.0 224.0
WheatHead 803.0 191.0 856.0 250.0
WheatHead 800.0 298.0 862.0 369.0
WheatHead 863.0 367.0 919.0 423.0
WheatHead 950.0 305.0 1012.0 395.0
WheatHead 878.0 180.0 963.0 250.0
WheatHead 877.0 254.0 941.0 332.0
WheatHead 645.0 406.0 703.0 462.0
WheatHead 22.0 691.0 110.0 771.0
WheatHead 415.0 965.0 482.0 1013.0
WheatHead 900.0 25.0 954.0 79.0
WheatHead 117.0 933.0 163.0 1006.0
WheatHead 955.0 958.0 1023.0 1024.0
