WheatHead 603.0 263.0 700.0 356.0
WheatHead 808.0 390.0 898.0 471.0
WheatHead 791.0 36.0 862.0 163.0
WheatHead 858.0 286.0 939.0 379.0
WheatHead 334.0 371.0 433.0 459.0
WheatHead 931.0 772.0 1013.0 834.0
WheatHead 415.0 206.0 488.0 326.0
WheatHead 805.0 283.0 917.0 402.0
WheatHead 141.0 711.0 230.0 802.0
WheatHead 536.0 972.0 631.0 1024.0
WheatHead 851.0 386.0 922.0 451.0
WheatHead 462.0 329.0 539.0 395.0
WheatHead 664.0 516.0 776.0 592.0
WheatHead 80.0 264.0 181.0 380.0
WheatHead 30.0 339.0 143.0 423.0
WheatHead 715.0 712.0 782.0 778.0
WheatHead 2.0 129.0 125.0 182.0
WheatHead 570.0 473.0 637.0 539.0
WheatHead 237.0 165.0 334.0 207.0
WheatHead 555.0 679.0 640.0 735.0
WheatHead 12.0 294.0 155.0 387.0
WheatHead 662.0 670.0 729.0 749.0
WheatHead 529.0 839.0 611.0 884.0
WheatHead 839.0 813.0 918.0 868.0
WheatHead 959.0 869.0 1024.0 922.0
WheatHead 647.0 401.0 756.0 447.0
WheatHead 0.0 834.0 97.0 891.0
WheatHead 251.0 376.0 334.0 435.0
WheatHead 483.0 391.0 566.0 439.0
WheatHead 192.0 861.0 298.0 1024.0
WheatHead 873.0 591.0 1004.0 634.0
WheatHead 406.0 471.0 510.0 520.0
WheatHead 760.0 120.0 834.0 178.0
WheatHead 473.0 871.0 587.0 909.0
WheatHead 697.0 187.0 765.0 241.0
WheatHead 970.0 558.0 1024.0 592.0
WheatHead 0.0 700.0 66.0 740.0
WheatHead 241.0 857.0 351.0 905.0
WheatHead 614.0 244.0 765.0 291.0
WheatHead 1004.0 378.0 1024.0 447.0
WheatHead 364.0 0.0 427.0 55.0
WheatHead 420.0 27.0 494.0 114.0
WheatHead 271.0 107.0 385.0 156.0
WheatHead 518.0 132.0 581.0 197.0
WheatHead 195.0 533.0 313.0 585.0
WheatHead 588.0 172.0 667.0 213.0
WheatHead 305.0 776.0 368.0 817.0
WheatHead 974.0 428.0 1024.0 475.0
WheatHead 609.0 742.0 697.0 795.0
WheatHead 44.0 86.0 202.0 163.0
WheatHead 472.0 539.0 580.0 582.0
WheatHead 408.0 505.0 495.0 541.0
WheatHead 996.0 789.0 1024.0 822.0
WheatHead 596.0 722.0 703.0 783.0
WheatHead 715.0 436.0 783.0 496.0
WheatHead 686.0 891.0 785.0 930.0
WheatHead 804.0 999.0 889.0 1024.0
WheatHead 0.0 1000.0 50.0 1024.0
WheatHead 641.0 897.0 709.0 937.0
