WheatHead 514.0 898.0 632.0 1000.0
WheatHead 189.0 714.0 286.0 826.0
WheatHead 678.0 867.0 762.0 939.0
WheatHead 954.0 550.0 1024.0 640.0
WheatHead 348.0 791.0 424.0 893.0
WheatHead 939.0 250.0 1024.0 325.0
WheatHead 688.0 519.0 770.0 599.0
WheatHead 471.0 545.0 565.0 619.0
WheatHead 913.0 355.0 995.0 427.0
WheatHead 125.0 481.0 207.0 627.0
WheatHead 757.0 396.0 855.0 486.0
WheatHead 104.0 645.0 212.0 709.0
WheatHead 637.0 652.0 709.0 739.0
WheatHead 811.0 240.0 901.0 345.0
WheatHead 225.0 143.0 291.0 227.0
WheatHead 819.0 647.0 890.0 742.0
WheatHead 291.0 599.0 350.0 668.0
WheatHead 442.0 455.0 491.0 512.0
WheatHead 849.0 2.0 934.0 117.0
WheatHead 757.0 2.0 842.0 92.0
WheatHead 89.0 857.0 184.0 962.0
WheatHead 238.0 256.0 337.0 358.0
WheatHead 744.0 944.0 819.0 1011.0
WheatHead 947.0 458.0 1006.0 514.0
WheatHead 995.0 668.0 1024.0 721.0
WheatHead 893.0 829.0 972.0 913.0
WheatHead 64.0 38.0 143.0 156.0
WheatHead 137.0 181.0 209.0 227.0
WheatHead 273.0 506.0 335.0 586.0
WheatHead 542.0 189.0 618.0 289.0
WheatHead 151.0 235.0 222.0 289.0
WheatHead 394.0 244.0 453.0 316.0
WheatHead 197.0 2.0 281.0 53.0
WheatHead 760.0 742.0 847.0 821.0
WheatHead 84.0 788.0 166.0 878.0
WheatHead 2.0 499.0 53.0 637.0
WheatHead 371.0 404.0 463.0 445.0
WheatHead 934.0 2.0 1000.0 112.0
WheatHead 993.0 87.0 1024.0 133.0
WheatHead 394.0 476.0 458.0 522.0
WheatHead 407.0 760.0 453.0 798.0
WheatHead 2.0 924.0 43.0 1016.0
