WheatHead 976.0 347.0 1024.0 503.0
WheatHead 753.0 963.0 821.0 1024.0
WheatHead 545.0 946.0 645.0 1024.0
WheatHead 690.0 792.0 774.0 870.0
WheatHead 750.0 634.0 828.0 694.0
WheatHead 838.0 556.0 892.0 656.0
WheatHead 813.0 626.0 867.0 687.0
WheatHead 661.0 438.0 810.0 597.0
WheatHead 582.0 437.0 677.0 589.0
WheatHead 493.0 399.0 546.0 516.0
WheatHead 388.0 497.0 535.0 623.0
WheatHead 404.0 561.0 531.0 699.0
WheatHead 707.0 0.0 776.0 90.0
WheatHead 647.0 30.0 703.0 202.0
WheatHead 572.0 22.0 639.0 145.0
WheatHead 484.0 111.0 556.0 187.0
WheatHead 337.0 90.0 438.0 178.0
WheatHead 286.0 86.0 335.0 224.0
WheatHead 129.0 126.0 258.0 193.0
WheatHead 233.0 295.0 330.0 419.0
WheatHead 399.0 340.0 473.0 463.0
WheatHead 437.0 279.0 512.0 343.0
WheatHead 490.0 193.0 560.0 266.0
WheatHead 519.0 245.0 570.0 318.0
WheatHead 589.0 262.0 673.0 335.0
WheatHead 174.0 411.0 232.0 560.0
WheatHead 73.0 608.0 167.0 657.0
WheatHead 153.0 632.0 258.0 690.0
WheatHead 269.0 597.0 337.0 654.0
WheatHead 163.0 722.0 234.0 785.0
WheatHead 363.0 773.0 462.0 873.0
WheatHead 443.0 727.0 538.0 793.0
WheatHead 209.0 830.0 305.0 905.0
WheatHead 174.0 888.0 250.0 996.0
WheatHead 89.0 871.0 247.0 1024.0
WheatHead 0.0 678.0 60.0 761.0
WheatHead 0.0 528.0 89.0 673.0
WheatHead 19.0 97.0 97.0 191.0
WheatHead 127.0 0.0 243.0 92.0
WheatHead 223.0 0.0 331.0 75.0
WheatHead 837.0 798.0 888.0 837.0
WheatHead 36.0 944.0 105.0 995.0
WheatHead 942.0 655.0 1002.0 716.0
WheatHead 723.0 372.0 836.0 472.0
WheatHead 931.0 280.0 982.0 370.0
WheatHead 902.0 18.0 973.0 144.0
