WheatHead 1.0 98.0 158.0 181.0
WheatHead 96.0 152.0 251.0 274.0
WheatHead 99.0 195.0 259.0 343.0
WheatHead 304.0 84.0 395.0 215.0
WheatHead 435.0 74.0 543.0 201.0
WheatHead 459.0 162.0 615.0 378.0
WheatHead 391.0 246.0 544.0 524.0
WheatHead 343.0 478.0 527.0 562.0
WheatHead 252.0 500.0 381.0 601.0
WheatHead 183.0 403.0 340.0 498.0
WheatHead 59.0 282.0 172.0 409.0
WheatHead 0.0 445.0 281.0 547.0
WheatHead 330.0 212.0 432.0 412.0
WheatHead 0.0 0.0 37.0 59.0
WheatHead 693.0 23.0 850.0 175.0
WheatHead 700.0 110.0 785.0 332.0
WheatHead 808.0 139.0 901.0 337.0
WheatHead 640.0 446.0 797.0 551.0
WheatHead 593.0 541.0 721.0 614.0
WheatHead 789.0 316.0 872.0 500.0
WheatHead 79.0 620.0 195.0 684.0
WheatHead 139.0 668.0 197.0 781.0
WheatHead 188.0 708.0 316.0 829.0
WheatHead 303.0 748.0 424.0 850.0
WheatHead 273.0 816.0 477.0 951.0
WheatHead 295.0 936.0 448.0 1024.0
WheatHead 238.0 906.0 371.0 1019.0
WheatHead 76.0 886.0 225.0 963.0
WheatHead 40.0 952.0 204.0 1023.0
WheatHead 494.0 818.0 623.0 952.0
WheatHead 596.0 915.0 715.0 1024.0
WheatHead 587.0 786.0 653.0 898.0
WheatHead 583.0 747.0 701.0 808.0
WheatHead 578.0 705.0 723.0 781.0
WheatHead 779.0 722.0 899.0 901.0
WheatHead 764.0 876.0 844.0 973.0
WheatHead 764.0 941.0 846.0 1024.0
WheatHead 836.0 689.0 946.0 772.0
WheatHead 888.0 318.0 1024.0 418.0
WheatHead 17.0 177.0 99.0 224.0
WheatHead 928.0 395.0 1018.0 510.0
