WheatHead 627.0 409.0 737.0 488.0
WheatHead 161.0 642.0 261.0 714.0
WheatHead 353.0 473.0 430.0 560.0
WheatHead 540.0 94.0 622.0 179.0
WheatHead 716.0 268.0 783.0 389.0
WheatHead 209.0 898.0 286.0 980.0
WheatHead 422.0 593.0 586.0 660.0
WheatHead 775.0 785.0 865.0 875.0
WheatHead 250.0 821.0 327.0 924.0
WheatHead 23.0 614.0 92.0 680.0
WheatHead 396.0 355.0 488.0 442.0
WheatHead 0.0 371.0 122.0 506.0
WheatHead 417.0 1021.0 550.0 1024.0
WheatHead 140.0 435.0 256.0 634.0
WheatHead 340.0 294.0 512.0 355.0
WheatHead 601.0 719.0 719.0 824.0
WheatHead 194.0 238.0 289.0 386.0
WheatHead 872.0 446.0 999.0 535.0
WheatHead 463.0 975.0 552.0 1024.0
WheatHead 0.0 71.0 133.0 335.0
WheatHead 491.0 302.0 616.0 440.0
WheatHead 673.0 2.0 975.0 92.0
WheatHead 291.0 673.0 391.0 744.0
WheatHead 517.0 189.0 711.0 317.0
WheatHead 665.0 1003.0 773.0 1024.0
WheatHead 798.0 104.0 885.0 256.0
WheatHead 87.0 785.0 197.0 944.0
WheatHead 478.0 860.0 768.0 998.0
WheatHead 640.0 957.0 929.0 1024.0
WheatHead 151.0 793.0 263.0 919.0
WheatHead 504.0 739.0 596.0 855.0
WheatHead 71.0 97.0 453.0 171.0
WheatHead 440.0 488.0 742.0 565.0
WheatHead 120.0 335.0 422.0 427.0
WheatHead 248.0 455.0 314.0 640.0
WheatHead 189.0 737.0 240.0 793.0
WheatHead 762.0 911.0 875.0 1024.0
WheatHead 537.0 949.0 616.0 1024.0
WheatHead 225.0 704.0 296.0 816.0
WheatHead 217.0 0.0 317.0 21.0
WheatHead 931.0 266.0 1021.0 407.0
WheatHead 898.0 74.0 960.0 197.0
WheatHead 176.0 181.0 266.0 243.0
WheatHead 565.0 706.0 742.0 798.0
WheatHead 473.0 407.0 542.0 624.0
WheatHead 540.0 599.0 591.0 704.0
WheatHead 368.0 337.0 422.0 491.0
WheatHead 983.0 419.0 1024.0 524.0
WheatHead 153.0 153.0 245.0 197.0
