WheatHead 957.0 167.0 1024.0 232.0
WheatHead 935.0 568.0 1004.0 623.0
WheatHead 826.0 529.0 911.0 605.0
WheatHead 722.0 381.0 793.0 464.0
WheatHead 710.0 225.0 766.0 275.0
WheatHead 545.0 163.0 609.0 228.0
WheatHead 418.0 104.0 474.0 165.0
WheatHead 482.0 27.0 559.0 120.0
WheatHead 193.0 291.0 284.0 362.0
WheatHead 449.0 343.0 542.0 406.0
WheatHead 204.0 421.0 271.0 504.0
WheatHead 86.0 406.0 174.0 485.0
WheatHead 12.0 467.0 81.0 542.0
WheatHead 98.0 526.0 182.0 616.0
WheatHead 157.0 615.0 225.0 718.0
WheatHead 239.0 672.0 302.0 732.0
WheatHead 414.0 645.0 484.0 707.0
WheatHead 654.0 613.0 776.0 699.0
WheatHead 854.0 651.0 935.0 727.0
WheatHead 784.0 688.0 838.0 747.0
WheatHead 914.0 631.0 972.0 681.0
WheatHead 983.0 626.0 1024.0 695.0
WheatHead 576.0 874.0 650.0 946.0
WheatHead 676.0 757.0 761.0 836.0
WheatHead 152.0 833.0 217.0 892.0
WheatHead 134.0 960.0 205.0 1024.0
WheatHead 81.0 972.0 142.0 1024.0
WheatHead 52.0 870.0 141.0 916.0
WheatHead 0.0 753.0 103.0 826.0
WheatHead 0.0 652.0 70.0 736.0
WheatHead 174.0 13.0 233.0 74.0
WheatHead 727.0 324.0 793.0 382.0
WheatHead 393.0 721.0 458.0 780.0
WheatHead 313.0 698.0 372.0 763.0
WheatHead 478.0 481.0 544.0 535.0
WheatHead 389.0 544.0 462.0 606.0
WheatHead 615.0 239.0 649.0 344.0
WheatHead 600.0 751.0 666.0 798.0
WheatHead 471.0 557.0 503.0 617.0
WheatHead 282.0 911.0 322.0 979.0
