WheatHead 935.0 36.0 1012.0 134.0
WheatHead 885.0 224.0 952.0 276.0
WheatHead 813.0 206.0 864.0 302.0
WheatHead 776.0 198.0 830.0 266.0
WheatHead 701.0 82.0 777.0 163.0
WheatHead 553.0 137.0 665.0 246.0
WheatHead 617.0 253.0 705.0 322.0
WheatHead 501.0 250.0 556.0 326.0
WheatHead 474.0 314.0 520.0 377.0
WheatHead 594.0 362.0 688.0 430.0
WheatHead 443.0 406.0 515.0 464.0
WheatHead 544.0 438.0 620.0 570.0
WheatHead 369.0 265.0 444.0 369.0
WheatHead 343.0 372.0 414.0 430.0
WheatHead 268.0 326.0 331.0 428.0
WheatHead 169.0 313.0 251.0 406.0
WheatHead 205.0 264.0 277.0 329.0
WheatHead 339.0 142.0 391.0 220.0
WheatHead 303.0 101.0 359.0 215.0
WheatHead 264.0 107.0 306.0 193.0
WheatHead 0.0 71.0 79.0 180.0
WheatHead 851.0 0.0 922.0 52.0
WheatHead 926.0 295.0 990.0 367.0
WheatHead 844.0 434.0 925.0 509.0
WheatHead 967.0 425.0 1024.0 482.0
WheatHead 869.0 735.0 942.0 832.0
WheatHead 953.0 722.0 1024.0 802.0
WheatHead 959.0 619.0 1021.0 691.0
WheatHead 870.0 567.0 933.0 669.0
WheatHead 818.0 613.0 889.0 707.0
WheatHead 955.0 560.0 1008.0 627.0
WheatHead 105.0 522.0 205.0 595.0
WheatHead 4.0 475.0 77.0 591.0
WheatHead 130.0 600.0 204.0 673.0
WheatHead 198.0 712.0 301.0 773.0
WheatHead 108.0 714.0 191.0 789.0
WheatHead 0.0 772.0 56.0 829.0
WheatHead 3.0 874.0 59.0 953.0
WheatHead 149.0 804.0 236.0 875.0
WheatHead 318.0 940.0 424.0 1024.0
WheatHead 621.0 989.0 671.0 1024.0
WheatHead 526.0 800.0 619.0 854.0
WheatHead 393.0 802.0 479.0 855.0
WheatHead 624.0 709.0 694.0 784.0
WheatHead 717.0 631.0 798.0 703.0
WheatHead 486.0 615.0 597.0 713.0
WheatHead 298.0 651.0 425.0 724.0
WheatHead 311.0 595.0 396.0 650.0
WheatHead 32.0 380.0 94.0 464.0
WheatHead 776.0 735.0 848.0 819.0
WheatHead 624.0 876.0 711.0 936.0
