WheatHead 932.0 97.0 1024.0 145.0
WheatHead 997.0 181.0 1024.0 242.0
WheatHead 960.0 198.0 1024.0 256.0
WheatHead 918.0 155.0 1024.0 200.0
WheatHead 823.0 200.0 931.0 241.0
WheatHead 644.0 4.0 764.0 75.0
WheatHead 500.0 71.0 704.0 111.0
WheatHead 576.0 128.0 652.0 182.0
WheatHead 342.0 130.0 463.0 176.0
WheatHead 301.0 86.0 423.0 131.0
WheatHead 233.0 42.0 350.0 106.0
WheatHead 193.0 62.0 285.0 107.0
WheatHead 254.0 0.0 334.0 65.0
WheatHead 136.0 143.0 300.0 197.0
WheatHead 102.0 147.0 193.0 188.0
WheatHead 152.0 210.0 263.0 251.0
WheatHead 242.0 235.0 359.0 276.0
WheatHead 0.0 73.0 71.0 142.0
WheatHead 0.0 161.0 89.0 200.0
WheatHead 0.0 201.0 41.0 254.0
WheatHead 5.0 348.0 152.0 392.0
WheatHead 176.0 325.0 272.0 369.0
WheatHead 409.0 228.0 508.0 300.0
WheatHead 352.0 292.0 476.0 379.0
WheatHead 232.0 395.0 345.0 449.0
WheatHead 373.0 359.0 481.0 424.0
WheatHead 468.0 365.0 542.0 429.0
WheatHead 521.0 375.0 604.0 414.0
WheatHead 561.0 283.0 659.0 359.0
WheatHead 668.0 253.0 796.0 324.0
WheatHead 666.0 296.0 751.0 328.0
WheatHead 442.0 540.0 574.0 604.0
WheatHead 0.0 477.0 68.0 527.0
WheatHead 951.0 361.0 1024.0 440.0
WheatHead 904.0 245.0 1016.0 300.0
WheatHead 909.0 237.0 961.0 265.0
WheatHead 903.0 287.0 1024.0 331.0
WheatHead 869.0 705.0 992.0 752.0
WheatHead 828.0 675.0 980.0 755.0
WheatHead 869.0 689.0 942.0 710.0
WheatHead 712.0 715.0 816.0 773.0
WheatHead 757.0 680.0 819.0 722.0
WheatHead 879.0 752.0 1009.0 784.0
WheatHead 860.0 774.0 991.0 836.0
WheatHead 939.0 827.0 996.0 911.0
WheatHead 828.0 816.0 973.0 878.0
WheatHead 868.0 971.0 961.0 1024.0
WheatHead 563.0 953.0 668.0 1024.0
WheatHead 573.0 847.0 658.0 892.0
WheatHead 552.0 791.0 661.0 843.0
WheatHead 580.0 697.0 701.0 763.0
WheatHead 491.0 718.0 586.0 800.0
WheatHead 452.0 651.0 566.0 725.0
WheatHead 297.0 617.0 387.0 676.0
WheatHead 137.0 645.0 288.0 719.0
WheatHead 284.0 741.0 395.0 798.0
WheatHead 156.0 814.0 275.0 862.0
WheatHead 73.0 749.0 193.0 794.0
WheatHead 5.0 695.0 89.0 738.0
WheatHead 0.0 584.0 65.0 647.0
WheatHead 43.0 825.0 152.0 876.0
WheatHead 91.0 844.0 265.0 897.0
WheatHead 35.0 884.0 177.0 999.0
WheatHead 176.0 887.0 337.0 954.0
WheatHead 84.0 932.0 216.0 1022.0
