WheatHead 204.0 222.0 330.0 302.0
WheatHead 599.0 670.0 729.0 744.0
WheatHead 184.0 501.0 271.0 573.0
WheatHead 463.0 448.0 576.0 522.0
WheatHead 296.0 5.0 371.0 133.0
WheatHead 0.0 145.0 71.0 258.0
WheatHead 92.0 171.0 179.0 276.0
WheatHead 38.0 542.0 122.0 637.0
WheatHead 542.0 785.0 742.0 870.0
WheatHead 0.0 624.0 28.0 714.0
WheatHead 0.0 396.0 78.0 551.0
WheatHead 140.0 826.0 291.0 942.0
WheatHead 56.0 637.0 138.0 711.0
WheatHead 276.0 509.0 394.0 573.0
WheatHead 353.0 256.0 424.0 332.0
WheatHead 130.0 81.0 222.0 148.0
WheatHead 156.0 737.0 235.0 852.0
WheatHead 166.0 17.0 245.0 92.0
WheatHead 532.0 545.0 683.0 686.0
WheatHead 12.0 865.0 89.0 936.0
WheatHead 384.0 806.0 458.0 870.0
WheatHead 583.0 860.0 673.0 980.0
WheatHead 330.0 919.0 399.0 1013.0
WheatHead 622.0 281.0 773.0 460.0
WheatHead 353.0 463.0 448.0 529.0
WheatHead 0.0 721.0 51.0 801.0
WheatHead 181.0 624.0 358.0 732.0
WheatHead 855.0 17.0 916.0 94.0
WheatHead 808.0 711.0 898.0 824.0
WheatHead 796.0 186.0 857.0 253.0
WheatHead 442.0 15.0 542.0 87.0
WheatHead 813.0 965.0 890.0 1024.0
WheatHead 665.0 204.0 847.0 307.0
WheatHead 0.0 898.0 46.0 1024.0
WheatHead 752.0 512.0 829.0 581.0
WheatHead 901.0 33.0 985.0 104.0
WheatHead 857.0 793.0 1010.0 902.0
WheatHead 240.0 10.0 294.0 71.0
WheatHead 501.0 2.0 583.0 53.0
WheatHead 550.0 977.0 611.0 1024.0
WheatHead 263.0 358.0 317.0 432.0
WheatHead 504.0 302.0 573.0 378.0
WheatHead 867.0 384.0 995.0 611.0
WheatHead 842.0 322.0 1018.0 448.0
WheatHead 10.0 2.0 107.0 97.0
WheatHead 268.0 814.0 322.0 872.0
WheatHead 691.0 903.0 821.0 970.0
WheatHead 967.0 104.0 1021.0 189.0
WheatHead 238.0 622.0 386.0 683.0
WheatHead 962.0 2.0 1024.0 40.0
WheatHead 973.0 403.0 1020.0 464.0
WheatHead 913.0 709.0 993.0 847.0
WheatHead 963.0 809.0 1024.0 878.0
WheatHead 481.0 212.0 568.0 273.0
