WheatHead 663.0 772.0 750.0 856.0
WheatHead 805.0 393.0 869.0 469.0
WheatHead 845.0 12.0 921.0 83.0
WheatHead 0.0 767.0 55.0 811.0
WheatHead 174.0 290.0 248.0 346.0
WheatHead 611.0 253.0 658.0 320.0
WheatHead 188.0 79.0 268.0 152.0
WheatHead 745.0 767.0 837.0 829.0
WheatHead 285.0 128.0 344.0 195.0
WheatHead 914.0 736.0 1000.0 813.0
WheatHead 174.0 421.0 265.0 486.0
WheatHead 946.0 31.0 1000.0 76.0
WheatHead 578.0 592.0 682.0 663.0
WheatHead 522.0 155.0 600.0 203.0
WheatHead 663.0 0.0 719.0 55.0
WheatHead 147.0 147.0 257.0 220.0
WheatHead 123.0 430.0 238.0 501.0
WheatHead 858.0 770.0 984.0 837.0
WheatHead 95.0 187.0 162.0 230.0
WheatHead 187.0 727.0 288.0 770.0
WheatHead 581.0 113.0 700.0 180.0
WheatHead 301.0 719.0 359.0 756.0
WheatHead 62.0 870.0 201.0 943.0
WheatHead 147.0 974.0 230.0 1015.0
WheatHead 2.0 385.0 91.0 451.0
WheatHead 248.0 890.0 307.0 928.0
WheatHead 748.0 9.0 805.0 53.0
WheatHead 348.0 1.0 401.0 34.0
WheatHead 162.0 748.0 234.0 797.0
WheatHead 357.0 675.0 408.0 704.0
WheatHead 485.0 60.0 567.0 112.0
WheatHead 259.0 773.0 308.0 848.0
WheatHead 329.0 854.0 389.0 888.0
WheatHead 724.0 88.0 809.0 144.0
WheatHead 574.0 871.0 613.0 943.0
WheatHead 877.0 698.0 937.0 748.0
WheatHead 786.0 338.0 842.0 382.0
WheatHead 834.0 516.0 877.0 572.0
WheatHead 555.0 208.0 649.0 269.0
WheatHead 669.0 840.0 750.0 892.0
WheatHead 111.0 523.0 191.0 563.0
WheatHead 692.0 539.0 769.0 600.0
WheatHead 734.0 976.0 783.0 1024.0
WheatHead 616.0 544.0 700.0 596.0
WheatHead 912.0 678.0 961.0 734.0
WheatHead 26.0 841.0 113.0 880.0
WheatHead 39.0 0.0 128.0 13.0
WheatHead 965.0 206.0 999.0 255.0
WheatHead 815.0 93.0 874.0 166.0
WheatHead 610.0 445.0 739.0 510.0
WheatHead 30.0 73.0 111.0 135.0
WheatHead 370.0 819.0 420.0 862.0
WheatHead 128.0 109.0 202.0 146.0
WheatHead 565.0 830.0 641.0 885.0
WheatHead 435.0 917.0 483.0 951.0
WheatHead 372.0 888.0 468.0 946.0
WheatHead 911.0 507.0 953.0 544.0
WheatHead 916.0 114.0 962.0 161.0
WheatHead 695.0 102.0 771.0 169.0
WheatHead 23.0 867.0 91.0 905.0
