WheatHead 394.0 463.0 462.0 532.0
WheatHead 448.0 787.0 554.0 838.0
WheatHead 367.0 922.0 450.0 993.0
WheatHead 414.0 578.0 509.0 630.0
WheatHead 412.0 527.0 515.0 580.0
WheatHead 454.0 471.0 522.0 528.0
WheatHead 403.0 665.0 459.0 705.0
WheatHead 513.0 449.0 561.0 526.0
WheatHead 125.0 229.0 302.0 319.0
WheatHead 553.0 460.0 621.0 549.0
WheatHead 502.0 615.0 550.0 651.0
WheatHead 559.0 786.0 618.0 867.0
WheatHead 609.0 236.0 679.0 295.0
WheatHead 672.0 299.0 784.0 373.0
WheatHead 601.0 506.0 672.0 573.0
WheatHead 31.0 586.0 125.0 668.0
WheatHead 299.0 667.0 383.0 793.0
WheatHead 815.0 0.0 928.0 68.0
WheatHead 391.0 628.0 494.0 682.0
WheatHead 643.0 64.0 727.0 142.0
WheatHead 555.0 197.0 645.0 256.0
WheatHead 572.0 0.0 658.0 66.0
WheatHead 352.0 804.0 427.0 890.0
WheatHead 426.0 859.0 509.0 928.0
WheatHead 488.0 898.0 549.0 950.0
WheatHead 958.0 649.0 1024.0 719.0
WheatHead 760.0 680.0 862.0 735.0
WheatHead 813.0 689.0 929.0 809.0
WheatHead 935.0 822.0 1011.0 955.0
WheatHead 713.0 910.0 781.0 975.0
WheatHead 807.0 801.0 894.0 841.0
WheatHead 804.0 834.0 912.0 878.0
WheatHead 801.0 943.0 839.0 1023.0
WheatHead 832.0 936.0 880.0 1023.0
WheatHead 721.0 987.0 756.0 1024.0
WheatHead 679.0 985.0 720.0 1024.0
WheatHead 251.0 255.0 314.0 312.0
WheatHead 461.0 0.0 517.0 49.0
