WheatHead 0.0 81.0 38.0 135.0
WheatHead 0.0 171.0 25.0 257.0
WheatHead 11.0 203.0 115.0 292.0
WheatHead 103.0 180.0 198.0 248.0
WheatHead 144.0 54.0 198.0 131.0
WheatHead 18.0 0.0 121.0 76.0
WheatHead 249.0 99.0 299.0 169.0
WheatHead 313.0 145.0 382.0 209.0
WheatHead 393.0 297.0 470.0 377.0
WheatHead 456.0 183.0 532.0 246.0
WheatHead 433.0 55.0 524.0 135.0
WheatHead 502.0 88.0 653.0 150.0
WheatHead 601.0 97.0 726.0 177.0
WheatHead 752.0 240.0 842.0 359.0
WheatHead 849.0 221.0 891.0 278.0
WheatHead 855.0 0.0 927.0 69.0
WheatHead 916.0 45.0 1024.0 140.0
WheatHead 942.0 200.0 1016.0 334.0
WheatHead 968.0 350.0 1024.0 433.0
WheatHead 825.0 369.0 893.0 445.0
WheatHead 804.0 465.0 868.0 536.0
WheatHead 926.0 489.0 1010.0 550.0
WheatHead 689.0 450.0 745.0 525.0
WheatHead 542.0 430.0 607.0 521.0
WheatHead 473.0 356.0 561.0 445.0
WheatHead 581.0 534.0 662.0 659.0
WheatHead 147.0 397.0 256.0 480.0
WheatHead 161.0 512.0 270.0 587.0
WheatHead 0.0 442.0 58.0 564.0
WheatHead 0.0 865.0 54.0 986.0
WheatHead 87.0 918.0 142.0 990.0
WheatHead 128.0 930.0 182.0 996.0
WheatHead 420.0 956.0 492.0 1024.0
WheatHead 305.0 788.0 401.0 954.0
WheatHead 393.0 676.0 462.0 780.0
WheatHead 445.0 673.0 495.0 730.0
WheatHead 480.0 713.0 542.0 763.0
WheatHead 560.0 828.0 638.0 903.0
WheatHead 510.0 883.0 572.0 947.0
WheatHead 653.0 989.0 722.0 1024.0
WheatHead 636.0 886.0 701.0 941.0
WheatHead 691.0 799.0 755.0 926.0
WheatHead 698.0 707.0 790.0 805.0
WheatHead 775.0 823.0 828.0 897.0
WheatHead 855.0 792.0 902.0 859.0
WheatHead 881.0 740.0 939.0 805.0
WheatHead 817.0 644.0 883.0 724.0
WheatHead 852.0 850.0 912.0 918.0
WheatHead 995.0 825.0 1024.0 889.0
WheatHead 996.0 908.0 1024.0 1024.0
WheatHead 1001.0 668.0 1024.0 745.0
WheatHead 910.0 558.0 1024.0 636.0
WheatHead 284.0 23.0 344.0 85.0
WheatHead 387.0 272.0 451.0 342.0
WheatHead 234.0 825.0 271.0 864.0
WheatHead 923.0 190.0 992.0 299.0
WheatHead 919.0 291.0 1014.0 354.0
