WheatHead 485.0 909.0 869.0 1012.0
WheatHead 844.0 0.0 983.0 126.0
WheatHead 411.0 785.0 775.0 939.0
WheatHead 280.0 840.0 486.0 908.0
WheatHead 0.0 700.0 223.0 890.0
WheatHead 0.0 134.0 120.0 328.0
WheatHead 94.0 701.0 290.0 779.0
WheatHead 657.0 312.0 806.0 512.0
WheatHead 0.0 585.0 169.0 715.0
WheatHead 0.0 300.0 243.0 451.0
WheatHead 924.0 165.0 1021.0 243.0
WheatHead 260.0 926.0 545.0 1024.0
WheatHead 272.0 0.0 564.0 62.0
WheatHead 692.0 3.0 891.0 65.0
WheatHead 119.0 123.0 345.0 174.0
WheatHead 0.0 0.0 229.0 114.0
WheatHead 751.0 168.0 980.0 326.0
WheatHead 798.0 400.0 938.0 482.0
WheatHead 307.0 27.0 453.0 168.0
WheatHead 736.0 407.0 869.0 511.0
