WheatHead 437.0 573.0 540.0 683.0
WheatHead 56.0 261.0 169.0 363.0
WheatHead 476.0 248.0 568.0 355.0
WheatHead 107.0 391.0 215.0 488.0
WheatHead 353.0 944.0 465.0 1024.0
WheatHead 424.0 345.0 519.0 442.0
WheatHead 1.0 561.0 77.0 638.0
WheatHead 458.0 732.0 535.0 808.0
WheatHead 273.0 458.0 355.0 558.0
WheatHead 537.0 983.0 663.0 1024.0
WheatHead 823.0 655.0 938.0 745.0
WheatHead 529.0 896.0 719.0 990.0
WheatHead 79.0 494.0 235.0 614.0
WheatHead 76.0 760.0 174.0 862.0
WheatHead 204.0 814.0 327.0 893.0
WheatHead 862.0 51.0 1000.0 145.0
WheatHead 757.0 284.0 865.0 381.0
WheatHead 325.0 176.0 399.0 296.0
WheatHead 168.0 747.0 281.0 837.0
WheatHead 732.0 353.0 824.0 476.0
WheatHead 243.0 153.0 318.0 318.0
WheatHead 394.0 74.0 473.0 184.0
WheatHead 906.0 276.0 990.0 358.0
WheatHead 923.0 741.0 1022.0 856.0
WheatHead 893.0 340.0 1018.0 432.0
WheatHead 916.0 471.0 1024.0 588.0
WheatHead 250.0 352.0 303.0 441.0
WheatHead 450.0 140.0 537.0 225.0
WheatHead 604.0 94.0 688.0 186.0
WheatHead 341.0 1.0 436.0 124.0
WheatHead 272.0 0.0 1014.0 714.0
WheatHead 221.0 110.0 277.0 197.0
