WheatHead 939.0 23.0 1022.0 96.0
WheatHead 869.0 407.0 941.0 510.0
WheatHead 859.0 208.0 953.0 248.0
WheatHead 0.0 794.0 108.0 879.0
WheatHead 858.0 20.0 938.0 119.0
WheatHead 872.0 130.0 961.0 207.0
WheatHead 205.0 690.0 325.0 786.0
WheatHead 930.0 443.0 1024.0 605.0
WheatHead 278.0 705.0 412.0 799.0
WheatHead 990.0 0.0 1024.0 50.0
WheatHead 667.0 903.0 781.0 971.0
WheatHead 181.0 521.0 332.0 597.0
WheatHead 437.0 637.0 560.0 732.0
WheatHead 40.0 439.0 232.0 505.0
WheatHead 246.0 21.0 345.0 91.0
WheatHead 778.0 2.0 845.0 54.0
WheatHead 374.0 67.0 488.0 164.0
WheatHead 676.0 354.0 750.0 426.0
WheatHead 84.0 604.0 234.0 690.0
WheatHead 0.0 913.0 128.0 997.0
WheatHead 1.0 1000.0 110.0 1024.0
WheatHead 96.0 883.0 264.0 971.0
WheatHead 883.0 773.0 943.0 842.0
WheatHead 863.0 785.0 1016.0 912.0
WheatHead 953.0 793.0 1024.0 918.0
WheatHead 935.0 940.0 982.0 1024.0
WheatHead 842.0 944.0 974.0 1024.0
WheatHead 136.0 794.0 253.0 898.0
WheatHead 0.0 863.0 140.0 935.0
