WheatHead 307.0 337.0 404.0 428.0
WheatHead 390.0 187.0 539.0 301.0
WheatHead 252.0 228.0 340.0 332.0
WheatHead 109.0 115.0 175.0 253.0
WheatHead 169.0 117.0 240.0 222.0
WheatHead 216.0 85.0 284.0 184.0
WheatHead 660.0 79.0 724.0 191.0
WheatHead 0.0 260.0 83.0 361.0
WheatHead 22.0 368.0 86.0 453.0
WheatHead 135.0 333.0 211.0 402.0
WheatHead 136.0 397.0 233.0 470.0
WheatHead 109.0 484.0 176.0 545.0
WheatHead 28.0 536.0 132.0 647.0
WheatHead 127.0 534.0 211.0 659.0
WheatHead 218.0 488.0 371.0 643.0
WheatHead 465.0 414.0 535.0 479.0
WheatHead 477.0 553.0 607.0 611.0
WheatHead 484.0 616.0 575.0 680.0
WheatHead 423.0 700.0 557.0 794.0
WheatHead 634.0 621.0 716.0 696.0
WheatHead 78.0 808.0 154.0 875.0
WheatHead 203.0 504.0 257.0 576.0
WheatHead 616.0 361.0 691.0 507.0
WheatHead 569.0 487.0 637.0 565.0
WheatHead 722.0 464.0 787.0 543.0
WheatHead 799.0 459.0 907.0 524.0
WheatHead 561.0 244.0 661.0 352.0
WheatHead 668.0 344.0 737.0 432.0
WheatHead 848.0 336.0 921.0 445.0
WheatHead 825.0 170.0 885.0 285.0
WheatHead 884.0 191.0 974.0 280.0
WheatHead 837.0 277.0 901.0 343.0
WheatHead 810.0 1.0 877.0 76.0
WheatHead 954.0 365.0 1024.0 478.0
WheatHead 933.0 475.0 1008.0 540.0
WheatHead 722.0 720.0 828.0 793.0
WheatHead 834.0 752.0 944.0 816.0
WheatHead 943.0 719.0 1006.0 825.0
WheatHead 989.0 707.0 1024.0 783.0
WheatHead 945.0 794.0 1024.0 890.0
WheatHead 817.0 992.0 940.0 1024.0
WheatHead 677.0 827.0 748.0 973.0
WheatHead 646.0 951.0 730.0 1024.0
WheatHead 473.0 835.0 548.0 906.0
WheatHead 475.0 903.0 539.0 1024.0
WheatHead 574.0 933.0 640.0 998.0
WheatHead 198.0 969.0 287.0 1024.0
WheatHead 0.0 0.0 55.0 112.0
WheatHead 14.0 960.0 88.0 1024.0
WheatHead 0.0 134.0 38.0 200.0
WheatHead 69.0 519.0 119.0 573.0
WheatHead 0.0 532.0 50.0 588.0
WheatHead 16.0 613.0 72.0 670.0
WheatHead 451.0 667.0 529.0 721.0
WheatHead 531.0 935.0 589.0 1003.0
WheatHead 454.0 873.0 497.0 1007.0
WheatHead 765.0 987.0 831.0 1024.0
WheatHead 986.0 351.0 1023.0 441.0
WheatHead 191.0 587.0 263.0 661.0
WheatHead 146.0 301.0 195.0 349.0
