WheatHead 343.0 512.0 512.0 570.0
WheatHead 396.0 327.0 512.0 427.0
WheatHead 332.0 23.0 542.0 97.0
WheatHead 358.0 837.0 458.0 947.0
WheatHead 335.0 660.0 442.0 727.0
WheatHead 74.0 250.0 276.0 337.0
WheatHead 486.0 168.0 568.0 222.0
WheatHead 258.0 133.0 481.0 309.0
WheatHead 23.0 826.0 222.0 890.0
WheatHead 0.0 7.0 143.0 92.0
WheatHead 880.0 719.0 1024.0 783.0
WheatHead 0.0 875.0 92.0 983.0
WheatHead 591.0 872.0 716.0 931.0
WheatHead 844.0 156.0 1024.0 222.0
WheatHead 69.0 560.0 194.0 616.0
WheatHead 84.0 770.0 171.0 826.0
WheatHead 174.0 729.0 302.0 931.0
WheatHead 161.0 872.0 286.0 975.0
WheatHead 460.0 189.0 504.0 253.0
WheatHead 714.0 0.0 801.0 143.0
WheatHead 10.0 558.0 140.0 755.0
WheatHead 750.0 151.0 814.0 209.0
WheatHead 66.0 442.0 212.0 491.0
WheatHead 558.0 701.0 826.0 798.0
WheatHead 5.0 384.0 84.0 586.0
WheatHead 111.0 945.0 231.0 1024.0
WheatHead 785.0 762.0 1011.0 832.0
WheatHead 389.0 931.0 591.0 1024.0
WheatHead 611.0 660.0 696.0 716.0
WheatHead 876.0 939.0 960.0 1024.0
WheatHead 931.0 17.0 1024.0 94.0
WheatHead 655.0 23.0 742.0 99.0
WheatHead 773.0 535.0 906.0 581.0
WheatHead 778.0 829.0 893.0 985.0
WheatHead 691.0 591.0 906.0 711.0
WheatHead 701.0 555.0 954.0 660.0
WheatHead 693.0 919.0 872.0 1024.0
WheatHead 460.0 906.0 509.0 962.0
WheatHead 363.0 944.0 435.0 998.0
WheatHead 583.0 537.0 652.0 591.0
WheatHead 542.0 373.0 606.0 442.0
WheatHead 706.0 724.0 788.0 880.0
WheatHead 28.0 890.0 161.0 998.0
WheatHead 0.0 990.0 92.0 1024.0
WheatHead 340.0 714.0 424.0 793.0
WheatHead 578.0 868.0 729.0 1024.0
WheatHead 914.0 789.0 1024.0 852.0
WheatHead 960.0 286.0 1024.0 345.0
WheatHead 64.0 25.0 299.0 87.0
