WheatHead 0.0 901.0 28.0 970.0
WheatHead 111.0 957.0 220.0 1024.0
WheatHead 126.0 854.0 231.0 928.0
WheatHead 99.0 775.0 236.0 850.0
WheatHead 0.0 719.0 66.0 780.0
WheatHead 103.0 0.0 167.0 30.0
WheatHead 172.0 0.0 245.0 15.0
WheatHead 287.0 0.0 345.0 58.0
WheatHead 317.0 114.0 388.0 235.0
WheatHead 215.0 83.0 286.0 163.0
WheatHead 126.0 104.0 187.0 157.0
WheatHead 222.0 223.0 310.0 287.0
WheatHead 86.0 214.0 168.0 275.0
WheatHead 0.0 245.0 37.0 304.0
WheatHead 0.0 75.0 25.0 173.0
WheatHead 82.0 13.0 145.0 98.0
WheatHead 0.0 0.0 32.0 55.0
WheatHead 47.0 401.0 159.0 482.0
WheatHead 120.0 311.0 203.0 373.0
WheatHead 246.0 318.0 438.0 470.0
WheatHead 468.0 443.0 542.0 515.0
WheatHead 217.0 492.0 274.0 555.0
WheatHead 158.0 562.0 231.0 620.0
WheatHead 0.0 542.0 82.0 605.0
WheatHead 87.0 653.0 175.0 726.0
WheatHead 212.0 671.0 287.0 752.0
WheatHead 302.0 847.0 430.0 979.0
WheatHead 327.0 701.0 448.0 786.0
WheatHead 230.0 617.0 320.0 688.0
WheatHead 282.0 473.0 350.0 601.0
WheatHead 354.0 480.0 413.0 607.0
WheatHead 431.0 523.0 498.0 650.0
WheatHead 552.0 564.0 727.0 653.0
WheatHead 550.0 666.0 609.0 771.0
WheatHead 587.0 675.0 692.0 747.0
WheatHead 591.0 769.0 702.0 879.0
WheatHead 580.0 857.0 627.0 926.0
WheatHead 709.0 956.0 819.0 1011.0
WheatHead 732.0 854.0 807.0 922.0
WheatHead 769.0 801.0 824.0 866.0
WheatHead 820.0 757.0 949.0 861.0
WheatHead 832.0 844.0 872.0 915.0
WheatHead 941.0 982.0 996.0 1024.0
WheatHead 749.0 565.0 833.0 629.0
WheatHead 824.0 516.0 898.0 571.0
WheatHead 961.0 688.0 1024.0 771.0
WheatHead 784.0 638.0 861.0 702.0
WheatHead 728.0 645.0 783.0 719.0
WheatHead 811.0 684.0 894.0 748.0
WheatHead 728.0 392.0 812.0 514.0
WheatHead 601.0 381.0 700.0 463.0
WheatHead 675.0 302.0 770.0 373.0
WheatHead 598.0 187.0 693.0 243.0
WheatHead 678.0 132.0 737.0 205.0
WheatHead 714.0 205.0 791.0 287.0
WheatHead 797.0 140.0 989.0 240.0
WheatHead 755.0 66.0 823.0 139.0
WheatHead 876.0 0.0 1016.0 124.0
WheatHead 589.0 0.0 663.0 50.0
WheatHead 540.0 47.0 615.0 114.0
WheatHead 642.0 25.0 717.0 96.0
