WheatHead 931.0 479.0 987.0 563.0
WheatHead 942.0 330.0 993.0 419.0
WheatHead 499.0 58.0 563.0 140.0
WheatHead 236.0 425.0 296.0 496.0
WheatHead 415.0 498.0 542.0 559.0
WheatHead 704.0 772.0 799.0 847.0
WheatHead 258.0 157.0 339.0 241.0
WheatHead 181.0 211.0 264.0 266.0
WheatHead 192.0 139.0 243.0 212.0
WheatHead 168.0 597.0 272.0 664.0
WheatHead 203.0 58.0 279.0 122.0
WheatHead 460.0 841.0 524.0 920.0
WheatHead 578.0 764.0 647.0 817.0
WheatHead 544.0 522.0 640.0 576.0
WheatHead 865.0 399.0 958.0 459.0
WheatHead 0.0 247.0 79.0 305.0
WheatHead 819.0 692.0 895.0 779.0
WheatHead 466.0 901.0 602.0 971.0
WheatHead 529.0 1.0 607.0 38.0
WheatHead 371.0 204.0 488.0 270.0
WheatHead 77.0 244.0 140.0 288.0
WheatHead 740.0 504.0 832.0 557.0
WheatHead 21.0 139.0 86.0 192.0
WheatHead 449.0 428.0 512.0 499.0
WheatHead 243.0 1.0 320.0 27.0
WheatHead 736.0 527.0 790.0 580.0
WheatHead 742.0 651.0 798.0 703.0
WheatHead 634.0 9.0 725.0 60.0
WheatHead 507.0 574.0 579.0 614.0
WheatHead 613.0 723.0 644.0 798.0
WheatHead 506.0 668.0 576.0 714.0
WheatHead 416.0 290.0 484.0 349.0
WheatHead 69.0 475.0 146.0 527.0
WheatHead 318.0 688.0 437.0 740.0
WheatHead 0.0 708.0 66.0 760.0
WheatHead 626.0 627.0 702.0 670.0
WheatHead 505.0 468.0 626.0 547.0
WheatHead 983.0 461.0 1024.0 510.0
WheatHead 586.0 297.0 664.0 343.0
WheatHead 861.0 764.0 912.0 826.0
WheatHead 565.0 632.0 678.0 701.0
WheatHead 611.0 0.0 638.0 38.0
WheatHead 931.0 0.0 965.0 27.0
WheatHead 178.0 567.0 241.0 596.0
WheatHead 374.0 620.0 434.0 676.0
WheatHead 508.0 615.0 572.0 656.0
WheatHead 744.0 865.0 790.0 907.0
WheatHead 757.0 919.0 814.0 965.0
WheatHead 320.0 770.0 388.0 808.0
WheatHead 323.0 592.0 387.0 641.0
WheatHead 240.0 21.0 307.0 56.0
WheatHead 208.0 679.0 258.0 709.0
WheatHead 324.0 739.0 419.0 783.0
WheatHead 975.0 961.0 1024.0 1005.0
WheatHead 117.0 127.0 163.0 163.0
WheatHead 561.0 966.0 632.0 1017.0
WheatHead 310.0 660.0 371.0 699.0
WheatHead 40.0 417.0 96.0 499.0
WheatHead 478.0 199.0 533.0 253.0
WheatHead 784.0 242.0 841.0 310.0
WheatHead 677.0 822.0 745.0 880.0
WheatHead 427.0 70.0 474.0 125.0
WheatHead 877.0 678.0 920.0 727.0
WheatHead 488.0 637.0 553.0 678.0
