WheatHead 291.0 0.0 424.0 128.0
WheatHead 450.0 465.0 540.0 565.0
WheatHead 872.0 839.0 962.0 985.0
WheatHead 558.0 427.0 670.0 593.0
WheatHead 320.0 174.0 494.0 360.0
WheatHead 948.0 462.0 1024.0 649.0
WheatHead 115.0 240.0 250.0 440.0
WheatHead 860.0 0.0 1008.0 71.0
WheatHead 243.0 729.0 366.0 970.0
WheatHead 632.0 240.0 752.0 409.0
WheatHead 450.0 166.0 593.0 325.0
WheatHead 542.0 862.0 657.0 983.0
WheatHead 865.0 299.0 942.0 404.0
WheatHead 588.0 739.0 834.0 960.0
WheatHead 476.0 773.0 555.0 988.0
WheatHead 835.0 532.0 914.0 739.0
WheatHead 37.0 41.0 127.0 103.0
WheatHead 961.0 326.0 1024.0 417.0
WheatHead 968.0 286.0 1023.0 352.0
WheatHead 30.0 458.0 140.0 588.0
WheatHead 568.0 151.0 645.0 248.0
WheatHead 377.0 832.0 464.0 1024.0
WheatHead 675.0 107.0 814.0 363.0
WheatHead 742.0 89.0 849.0 166.0
WheatHead 148.0 412.0 256.0 616.0
WheatHead 2.0 545.0 176.0 936.0
WheatHead 138.0 821.0 250.0 1024.0
WheatHead 2.0 276.0 120.0 381.0
WheatHead 189.0 673.0 276.0 880.0
WheatHead 448.0 698.0 586.0 801.0
WheatHead 204.0 358.0 314.0 473.0
WheatHead 166.0 611.0 243.0 750.0
WheatHead 209.0 473.0 281.0 655.0
WheatHead 483.0 568.0 634.0 760.0
WheatHead 586.0 419.0 737.0 622.0
WheatHead 870.0 980.0 934.0 1024.0
WheatHead 693.0 84.0 778.0 330.0
WheatHead 958.0 247.0 1023.0 332.0
WheatHead 0.0 74.0 54.0 174.0
WheatHead 35.0 935.0 109.0 1024.0
WheatHead 2.0 913.0 40.0 1024.0
WheatHead 355.0 824.0 404.0 975.0
WheatHead 58.0 496.0 168.0 558.0
WheatHead 84.0 711.0 153.0 839.0
WheatHead 133.0 197.0 225.0 368.0
WheatHead 898.0 268.0 952.0 343.0
