WheatHead 0.0 630.0 51.0 740.0
WheatHead 73.0 358.0 160.0 443.0
WheatHead 34.0 429.0 163.0 530.0
WheatHead 129.0 483.0 196.0 559.0
WheatHead 122.0 752.0 236.0 820.0
WheatHead 25.0 768.0 116.0 820.0
WheatHead 180.0 645.0 290.0 752.0
WheatHead 0.0 153.0 51.0 220.0
WheatHead 0.0 0.0 22.0 85.0
WheatHead 190.0 260.0 268.0 364.0
WheatHead 351.0 0.0 449.0 78.0
WheatHead 840.0 126.0 988.0 196.0
WheatHead 746.0 155.0 857.0 231.0
WheatHead 533.0 280.0 621.0 334.0
WheatHead 335.0 422.0 433.0 492.0
WheatHead 214.0 449.0 325.0 521.0
WheatHead 283.0 331.0 371.0 436.0
WheatHead 408.0 502.0 503.0 590.0
WheatHead 355.0 615.0 429.0 676.0
WheatHead 392.0 698.0 472.0 764.0
WheatHead 547.0 483.0 651.0 547.0
WheatHead 641.0 493.0 723.0 598.0
WheatHead 611.0 365.0 749.0 472.0
WheatHead 704.0 327.0 795.0 396.0
WheatHead 918.0 361.0 1009.0 425.0
WheatHead 786.0 548.0 867.0 628.0
WheatHead 815.0 659.0 888.0 749.0
WheatHead 634.0 756.0 743.0 863.0
WheatHead 347.0 796.0 443.0 880.0
WheatHead 359.0 888.0 456.0 972.0
WheatHead 292.0 927.0 373.0 1024.0
WheatHead 621.0 911.0 707.0 1008.0
WheatHead 588.0 978.0 642.0 1024.0
WheatHead 679.0 950.0 753.0 1024.0
WheatHead 242.0 479.0 345.0 616.0
