WheatHead 0.0 121.0 83.0 208.0
WheatHead 25.0 196.0 94.0 290.0
WheatHead 36.0 326.0 97.0 382.0
WheatHead 5.0 273.0 103.0 349.0
WheatHead 10.0 485.0 117.0 599.0
WheatHead 0.0 708.0 65.0 807.0
WheatHead 48.0 666.0 119.0 802.0
WheatHead 110.0 711.0 173.0 829.0
WheatHead 221.0 664.0 335.0 790.0
WheatHead 65.0 555.0 205.0 633.0
WheatHead 154.0 406.0 268.0 475.0
WheatHead 181.0 163.0 242.0 242.0
WheatHead 199.0 105.0 274.0 172.0
WheatHead 190.0 0.0 263.0 61.0
WheatHead 381.0 0.0 466.0 41.0
WheatHead 501.0 69.0 628.0 163.0
WheatHead 663.0 48.0 773.0 160.0
WheatHead 813.0 9.0 912.0 115.0
WheatHead 797.0 170.0 850.0 308.0
WheatHead 860.0 215.0 945.0 296.0
WheatHead 423.0 201.0 524.0 255.0
WheatHead 513.0 258.0 584.0 348.0
WheatHead 810.0 354.0 895.0 433.0
WheatHead 777.0 420.0 843.0 508.0
WheatHead 936.0 381.0 1024.0 503.0
WheatHead 308.0 181.0 366.0 306.0
WheatHead 353.0 362.0 440.0 484.0
WheatHead 321.0 482.0 395.0 559.0
WheatHead 351.0 765.0 419.0 912.0
WheatHead 81.0 933.0 149.0 1005.0
WheatHead 68.0 891.0 131.0 996.0
WheatHead 888.0 893.0 1005.0 1024.0
WheatHead 735.0 802.0 859.0 922.0
WheatHead 902.0 762.0 965.0 850.0
WheatHead 663.0 664.0 759.0 778.0
WheatHead 614.0 672.0 712.0 739.0
WheatHead 584.0 769.0 692.0 872.0
WheatHead 514.0 882.0 572.0 938.0
WheatHead 430.0 762.0 527.0 840.0
WheatHead 937.0 632.0 1024.0 716.0
WheatHead 874.0 570.0 954.0 660.0
WheatHead 476.0 436.0 564.0 511.0
WheatHead 878.0 842.0 930.0 896.0
