WheatHead 82.0 0.0 147.0 53.0
WheatHead 317.0 0.0 416.0 35.0
WheatHead 217.0 0.0 304.0 55.0
WheatHead 160.0 93.0 305.0 168.0
WheatHead 323.0 71.0 390.0 121.0
WheatHead 8.0 163.0 90.0 231.0
WheatHead 229.0 224.0 312.0 285.0
WheatHead 458.0 32.0 538.0 121.0
WheatHead 369.0 168.0 464.0 242.0
WheatHead 75.0 278.0 152.0 339.0
WheatHead 22.0 320.0 87.0 382.0
WheatHead 190.0 305.0 246.0 374.0
WheatHead 79.0 361.0 146.0 449.0
WheatHead 2.0 438.0 84.0 520.0
WheatHead 4.0 539.0 77.0 631.0
WheatHead 124.0 452.0 183.0 523.0
WheatHead 260.0 451.0 327.0 536.0
WheatHead 352.0 455.0 401.0 539.0
WheatHead 401.0 477.0 466.0 582.0
WheatHead 488.0 327.0 551.0 419.0
WheatHead 68.0 657.0 162.0 716.0
WheatHead 169.0 678.0 230.0 736.0
WheatHead 500.0 624.0 604.0 692.0
WheatHead 635.0 621.0 751.0 679.0
WheatHead 679.0 700.0 767.0 773.0
WheatHead 612.0 757.0 721.0 816.0
WheatHead 82.0 918.0 151.0 1004.0
WheatHead 745.0 941.0 832.0 1024.0
WheatHead 635.0 917.0 730.0 996.0
WheatHead 922.0 825.0 981.0 890.0
WheatHead 979.0 716.0 1024.0 797.0
WheatHead 865.0 678.0 950.0 776.0
WheatHead 971.0 600.0 1024.0 680.0
WheatHead 998.0 372.0 1024.0 456.0
WheatHead 903.0 458.0 971.0 520.0
WheatHead 823.0 212.0 923.0 264.0
WheatHead 926.0 51.0 1024.0 120.0
WheatHead 924.0 199.0 980.0 256.0
WheatHead 965.0 134.0 1024.0 186.0
WheatHead 668.0 132.0 745.0 194.0
WheatHead 716.0 246.0 783.0 331.0
WheatHead 569.0 78.0 639.0 167.0
WheatHead 283.0 177.0 359.0 245.0
WheatHead 622.0 658.0 700.0 764.0
WheatHead 304.0 661.0 371.0 731.0
WheatHead 152.0 0.0 215.0 62.0
WheatHead 463.0 249.0 519.0 313.0
