WheatHead 43.0 156.0 145.0 239.0
WheatHead 78.0 250.0 163.0 311.0
WheatHead 163.0 242.0 224.0 317.0
WheatHead 299.0 134.0 367.0 198.0
WheatHead 342.0 187.0 414.0 266.0
WheatHead 609.0 185.0 694.0 235.0
WheatHead 821.0 29.0 933.0 103.0
WheatHead 863.0 19.0 970.0 70.0
WheatHead 216.0 0.0 277.0 87.0
WheatHead 62.0 0.0 122.0 60.0
WheatHead 123.0 67.0 178.0 123.0
WheatHead 0.0 397.0 19.0 496.0
WheatHead 22.0 747.0 83.0 829.0
WheatHead 189.0 597.0 273.0 653.0
WheatHead 145.0 520.0 220.0 580.0
WheatHead 96.0 512.0 150.0 578.0
WheatHead 397.0 481.0 482.0 549.0
WheatHead 357.0 651.0 438.0 720.0
WheatHead 496.0 662.0 549.0 721.0
WheatHead 518.0 695.0 615.0 769.0
WheatHead 458.0 759.0 559.0 848.0
WheatHead 550.0 811.0 658.0 901.0
WheatHead 482.0 899.0 561.0 989.0
WheatHead 232.0 894.0 306.0 961.0
WheatHead 124.0 800.0 190.0 878.0
WheatHead 71.0 768.0 129.0 860.0
WheatHead 153.0 978.0 223.0 1024.0
WheatHead 12.0 674.0 48.0 723.0
WheatHead 759.0 852.0 858.0 937.0
WheatHead 716.0 733.0 798.0 798.0
WheatHead 769.0 624.0 841.0 711.0
WheatHead 776.0 545.0 869.0 601.0
WheatHead 854.0 479.0 945.0 538.0
WheatHead 802.0 407.0 869.0 467.0
WheatHead 763.0 452.0 817.0 508.0
WheatHead 852.0 579.0 935.0 662.0
WheatHead 968.0 523.0 1024.0 576.0
WheatHead 903.0 942.0 1000.0 1011.0
WheatHead 846.0 919.0 908.0 997.0
WheatHead 503.0 529.0 563.0 598.0
WheatHead 591.0 497.0 671.0 560.0
WheatHead 489.0 381.0 589.0 460.0
WheatHead 403.0 331.0 481.0 428.0
WheatHead 597.0 303.0 671.0 373.0
WheatHead 885.0 314.0 1015.0 385.0
WheatHead 842.0 331.0 916.0 403.0
WheatHead 934.0 185.0 1024.0 246.0
WheatHead 428.0 97.0 501.0 160.0
WheatHead 306.0 230.0 365.0 280.0
WheatHead 117.0 0.0 188.0 41.0
WheatHead 723.0 795.0 801.0 858.0
