WheatHead 0.0 112.0 74.0 181.0
WheatHead 94.0 197.0 200.0 305.0
WheatHead 108.0 305.0 204.0 417.0
WheatHead 53.0 602.0 137.0 689.0
WheatHead 141.0 644.0 246.0 709.0
WheatHead 41.0 726.0 141.0 823.0
WheatHead 224.0 787.0 314.0 870.0
WheatHead 421.0 695.0 516.0 795.0
WheatHead 437.0 537.0 516.0 630.0
WheatHead 253.0 474.0 350.0 616.0
WheatHead 458.0 388.0 533.0 484.0
WheatHead 415.0 336.0 470.0 423.0
WheatHead 279.0 208.0 393.0 303.0
WheatHead 212.0 334.0 295.0 411.0
WheatHead 279.0 94.0 393.0 198.0
WheatHead 466.0 94.0 616.0 202.0
WheatHead 291.0 0.0 401.0 58.0
WheatHead 667.0 41.0 803.0 125.0
WheatHead 700.0 206.0 791.0 330.0
WheatHead 862.0 289.0 949.0 390.0
WheatHead 961.0 321.0 1024.0 431.0
WheatHead 891.0 579.0 986.0 685.0
WheatHead 730.0 668.0 823.0 766.0
WheatHead 551.0 584.0 618.0 675.0
WheatHead 718.0 801.0 815.0 900.0
WheatHead 557.0 982.0 640.0 1024.0
WheatHead 407.0 907.0 480.0 992.0
WheatHead 313.0 880.0 390.0 968.0
WheatHead 222.0 994.0 314.0 1024.0
WheatHead 151.0 933.0 226.0 1024.0
WheatHead 710.0 121.0 901.0 206.0
