WheatHead 483.0 105.0 544.0 189.0
WheatHead 376.0 374.0 476.0 442.0
WheatHead 106.0 471.0 197.0 567.0
WheatHead 406.0 17.0 450.0 94.0
WheatHead 286.0 580.0 345.0 670.0
WheatHead 370.0 177.0 424.0 258.0
WheatHead 146.0 419.0 197.0 517.0
WheatHead 451.0 759.0 498.0 839.0
WheatHead 274.0 473.0 341.0 537.0
WheatHead 0.0 632.0 47.0 682.0
WheatHead 125.0 253.0 199.0 304.0
WheatHead 727.0 181.0 775.0 267.0
WheatHead 122.0 344.0 217.0 421.0
WheatHead 527.0 490.0 567.0 595.0
WheatHead 966.0 630.0 1024.0 704.0
WheatHead 971.0 548.0 1024.0 610.0
WheatHead 176.0 978.0 266.0 1022.0
WheatHead 92.0 841.0 268.0 939.0
WheatHead 73.0 24.0 126.0 164.0
WheatHead 752.0 462.0 783.0 572.0
WheatHead 918.0 873.0 965.0 958.0
WheatHead 249.0 311.0 309.0 380.0
WheatHead 891.0 375.0 925.0 468.0
WheatHead 785.0 542.0 817.0 607.0
WheatHead 883.0 264.0 969.0 307.0
WheatHead 690.0 898.0 730.0 970.0
WheatHead 320.0 279.0 367.0 345.0
WheatHead 699.0 495.0 729.0 555.0
WheatHead 34.0 527.0 146.0 617.0
WheatHead 434.0 297.0 477.0 364.0
WheatHead 917.0 813.0 999.0 860.0
WheatHead 405.0 895.0 451.0 959.0
WheatHead 959.0 1.0 1024.0 35.0
WheatHead 531.0 368.0 580.0 405.0
WheatHead 569.0 981.0 607.0 1024.0
WheatHead 574.0 161.0 651.0 192.0
WheatHead 211.0 648.0 253.0 722.0
WheatHead 457.0 936.0 506.0 965.0
WheatHead 570.0 170.0 651.0 207.0
WheatHead 895.0 843.0 933.0 899.0
WheatHead 0.0 151.0 23.0 206.0
WheatHead 256.0 699.0 304.0 740.0
WheatHead 711.0 454.0 761.0 566.0
WheatHead 610.0 858.0 671.0 895.0
WheatHead 476.0 628.0 542.0 666.0
WheatHead 356.0 671.0 395.0 704.0
WheatHead 329.0 977.0 377.0 1010.0
WheatHead 1.0 490.0 51.0 543.0
WheatHead 335.0 847.0 370.0 898.0
WheatHead 705.7999877929688 574.2999877929688 761.0999755859375 617.0999755859375
WheatHead 980.0 47.0 1024.0 120.0
WheatHead 981.0 507.0 1024.0 566.0
WheatHead 773.0 984.0 842.0 1024.0
