WheatHead 829.0 637.0 928.0 713.0
WheatHead 655.0 696.0 801.0 806.0
WheatHead 657.0 179.0 760.0 302.0
WheatHead 327.0 779.0 414.0 850.0
WheatHead 448.0 839.0 517.0 924.0
WheatHead 509.0 71.0 596.0 140.0
WheatHead 629.0 983.0 760.0 1024.0
WheatHead 386.0 545.0 458.0 624.0
WheatHead 648.0 21.0 730.0 71.0
WheatHead 69.0 84.0 156.0 179.0
WheatHead 84.0 773.0 168.0 865.0
WheatHead 576.0 683.0 678.0 773.0
WheatHead 560.0 875.0 637.0 965.0
WheatHead 465.0 281.0 524.0 340.0
WheatHead 537.0 599.0 614.0 655.0
WheatHead 125.0 903.0 212.0 962.0
WheatHead 466.0 400.0 533.0 442.0
WheatHead 640.0 368.0 716.0 478.0
WheatHead 304.0 514.0 414.0 596.0
WheatHead 857.0 54.0 922.0 104.0
WheatHead 67.0 2.0 157.0 60.0
WheatHead 2.0 215.0 46.0 363.0
WheatHead 445.0 686.0 512.0 788.0
WheatHead 281.0 611.0 358.0 680.0
WheatHead 53.0 171.0 140.0 245.0
WheatHead 345.0 609.0 414.0 678.0
WheatHead 706.0 2.0 780.0 43.0
WheatHead 39.0 479.0 102.0 526.0
WheatHead 473.0 632.0 542.0 737.0
