WheatHead 665.0 291.0 791.0 389.0
WheatHead 16.0 43.0 83.0 112.0
WheatHead 166.0 317.0 299.0 422.0
WheatHead 289.0 115.0 465.0 217.0
WheatHead 40.0 197.0 156.0 304.0
WheatHead 593.0 563.0 718.0 683.0
WheatHead 412.0 509.0 519.0 606.0
WheatHead 348.0 857.0 455.0 977.0
WheatHead 279.0 0.0 381.0 61.0
WheatHead 84.0 726.0 171.0 798.0
WheatHead 547.0 0.0 701.0 58.0
WheatHead 563.0 791.0 734.0 898.0
WheatHead 33.0 550.0 176.0 642.0
WheatHead 486.0 64.0 632.0 184.0
WheatHead 309.0 552.0 419.0 622.0
WheatHead 153.0 488.0 248.0 576.0
WheatHead 0.0 92.0 51.0 138.0
