WheatHead 0.0 251.0 78.0 328.0
WheatHead 62.0 37.0 139.0 121.0
WheatHead 231.0 0.0 338.0 121.0
WheatHead 289.0 198.0 360.0 291.0
WheatHead 390.0 185.0 490.0 283.0
WheatHead 403.0 157.0 543.0 240.0
WheatHead 527.0 65.0 665.0 128.0
WheatHead 637.0 15.0 734.0 82.0
WheatHead 470.0 13.0 557.0 100.0
WheatHead 476.0 273.0 561.0 352.0
WheatHead 301.0 379.0 377.0 474.0
WheatHead 516.0 384.0 590.0 480.0
WheatHead 88.0 635.0 153.0 736.0
WheatHead 121.0 799.0 193.0 860.0
WheatHead 74.0 850.0 141.0 911.0
WheatHead 234.0 826.0 344.0 986.0
WheatHead 21.0 874.0 86.0 953.0
WheatHead 0.0 998.0 78.0 1024.0
WheatHead 171.0 992.0 222.0 1024.0
WheatHead 622.0 868.0 685.0 935.0
WheatHead 644.0 768.0 712.0 838.0
WheatHead 697.0 889.0 787.0 982.0
WheatHead 852.0 919.0 949.0 992.0
WheatHead 961.0 868.0 1024.0 933.0
WheatHead 891.0 801.0 972.0 909.0
WheatHead 874.0 498.0 953.0 582.0
WheatHead 669.0 531.0 770.0 659.0
WheatHead 860.0 285.0 947.0 362.0
WheatHead 835.0 159.0 905.0 240.0
WheatHead 893.0 47.0 968.0 153.0
WheatHead 963.0 2.0 1024.0 70.0
WheatHead 734.0 153.0 791.0 218.0
WheatHead 130.0 918.0 219.0 1000.0
WheatHead 32.0 756.0 108.0 855.0
WheatHead 225.0 67.0 331.0 121.0
WheatHead 427.0 0.0 503.0 31.0
WheatHead 748.0 327.0 809.0 394.0
WheatHead 964.0 648.0 1007.0 697.0
