WheatHead 29.0 61.0 112.0 131.0
WheatHead 66.0 122.0 160.0 261.0
WheatHead 187.0 60.0 248.0 123.0
WheatHead 203.0 224.0 320.0 381.0
WheatHead 196.0 407.0 262.0 472.0
WheatHead 0.0 421.0 111.0 513.0
WheatHead 0.0 490.0 54.0 542.0
WheatHead 221.0 652.0 287.0 726.0
WheatHead 92.0 750.0 201.0 835.0
WheatHead 30.0 830.0 123.0 918.0
WheatHead 55.0 921.0 140.0 1024.0
WheatHead 224.0 834.0 306.0 983.0
WheatHead 284.0 94.0 352.0 165.0
WheatHead 619.0 164.0 746.0 227.0
WheatHead 438.0 215.0 606.0 312.0
WheatHead 346.0 116.0 470.0 200.0
WheatHead 548.0 0.0 611.0 40.0
WheatHead 769.0 16.0 906.0 68.0
WheatHead 944.0 244.0 1021.0 332.0
WheatHead 855.0 310.0 953.0 387.0
WheatHead 905.0 333.0 1000.0 442.0
WheatHead 734.0 340.0 849.0 398.0
WheatHead 548.0 332.0 697.0 395.0
WheatHead 436.0 469.0 517.0 530.0
WheatHead 551.0 431.0 639.0 504.0
WheatHead 690.0 514.0 760.0 569.0
WheatHead 775.0 457.0 864.0 530.0
WheatHead 879.0 592.0 948.0 662.0
WheatHead 513.0 577.0 617.0 641.0
WheatHead 313.0 569.0 439.0 653.0
WheatHead 546.0 689.0 644.0 806.0
WheatHead 655.0 807.0 756.0 906.0
WheatHead 635.0 869.0 766.0 970.0
WheatHead 787.0 834.0 946.0 942.0
WheatHead 912.0 759.0 1000.0 838.0
WheatHead 840.0 956.0 1022.0 1024.0
WheatHead 340.0 949.0 462.0 1003.0
WheatHead 578.0 632.0 675.0 695.0
WheatHead 296.0 141.0 346.0 211.0
WheatHead 285.0 235.0 433.0 300.0
WheatHead 739.0 106.0 795.0 151.0
WheatHead 0.0 212.0 69.0 303.0
WheatHead 137.0 262.0 236.0 351.0
WheatHead 685.0 653.0 752.0 718.0
WheatHead 28.0 304.0 102.0 360.0
WheatHead 29.0 196.0 135.0 294.0
WheatHead 302.0 924.0 359.0 967.0
WheatHead 641.0 603.0 709.0 672.0
WheatHead 436.0 232.0 587.0 318.0
WheatHead 399.0 16.0 496.0 84.0
WheatHead 512.0 0.0 570.0 43.0
