WheatHead 0.0 687.0 60.0 765.0
WheatHead 546.0 1004.0 613.0 1024.0
WheatHead 375.0 913.0 493.0 1004.0
WheatHead 643.0 922.0 818.0 1007.0
WheatHead 860.0 935.0 957.0 1024.0
WheatHead 408.0 734.0 557.0 822.0
WheatHead 330.0 738.0 464.0 794.0
WheatHead 738.0 594.0 809.0 652.0
WheatHead 163.0 594.0 264.0 692.0
WheatHead 55.0 430.0 152.0 523.0
WheatHead 163.0 355.0 258.0 470.0
WheatHead 394.0 409.0 552.0 531.0
WheatHead 504.0 382.0 679.0 552.0
WheatHead 830.0 284.0 952.0 380.0
WheatHead 338.0 209.0 494.0 287.0
WheatHead 847.0 138.0 926.0 214.0
WheatHead 688.0 55.0 792.0 119.0
WheatHead 562.0 43.0 631.0 192.0
WheatHead 598.0 102.0 670.0 214.0
WheatHead 410.0 45.0 540.0 123.0
WheatHead 282.0 0.0 381.0 55.0
WheatHead 931.0 0.0 1014.0 76.0
WheatHead 973.0 101.0 1024.0 161.0
