WheatHead 871.0 835.0 975.0 897.0
WheatHead 912.0 440.0 979.0 509.0
WheatHead 268.0 243.0 337.0 363.0
WheatHead 690.0 458.0 773.0 543.0
WheatHead 245.0 458.0 354.0 528.0
WheatHead 753.0 164.0 865.0 268.0
WheatHead 90.0 869.0 176.0 963.0
WheatHead 670.0 276.0 778.0 404.0
WheatHead 335.0 302.0 504.0 440.0
WheatHead 667.0 795.0 723.0 839.0
WheatHead 392.0 578.0 512.0 652.0
WheatHead 199.0 696.0 304.0 796.0
WheatHead 94.0 70.0 175.0 164.0
WheatHead 753.0 80.0 819.0 144.0
WheatHead 8.0 542.0 59.0 615.0
WheatHead 13.0 281.0 89.0 372.0
WheatHead 17.0 775.0 83.0 878.0
WheatHead 839.0 243.0 960.0 335.0
WheatHead 54.0 419.0 128.0 503.0
WheatHead 319.0 624.0 417.0 691.0
WheatHead 657.0 2.0 739.0 92.0
WheatHead 950.0 187.0 1022.0 264.0
WheatHead 657.0 2.0 744.0 87.0
WheatHead 593.0 2.0 696.0 87.0
WheatHead 195.0 404.0 281.0 515.0
WheatHead 5.0 909.0 99.0 994.0
WheatHead 940.0 377.0 1000.0 443.0
