WheatHead 157.0 503.0 234.0 580.0
WheatHead 390.0 540.0 458.0 604.0
WheatHead 435.0 234.0 496.0 309.0
WheatHead 0.0 191.0 61.0 258.0
WheatHead 267.0 498.0 339.0 552.0
WheatHead 79.0 282.0 154.0 337.0
WheatHead 869.0 507.0 920.0 582.0
WheatHead 704.0 819.0 778.0 876.0
WheatHead 286.0 122.0 379.0 176.0
WheatHead 0.0 658.0 17.0 692.0
WheatHead 596.0 817.0 678.0 884.0
WheatHead 755.0 120.0 821.0 181.0
WheatHead 566.0 632.0 634.0 684.0
WheatHead 864.0 117.0 916.0 174.0
WheatHead 66.0 486.0 161.0 539.0
WheatHead 957.0 533.0 1004.0 606.0
WheatHead 851.0 267.0 921.0 299.0
WheatHead 677.0 140.0 749.0 195.0
WheatHead 75.0 876.0 193.0 909.0
WheatHead 557.0 576.0 615.0 611.0
WheatHead 735.0 1002.0 802.0 1022.0
WheatHead 920.0 2.0 965.0 49.0
WheatHead 450.0 518.0 517.0 567.0
WheatHead 173.0 266.0 228.0 307.0
WheatHead 212.0 217.0 270.0 271.0
WheatHead 257.0 746.0 345.0 786.0
WheatHead 28.0 531.0 96.0 563.0
WheatHead 561.0 699.0 625.0 722.0
WheatHead 857.0 341.0 903.0 400.0
WheatHead 980.0 126.0 1024.0 193.0
WheatHead 718.0 972.0 783.0 995.0
WheatHead 644.0 208.0 752.0 289.0
WheatHead 360.0 733.0 417.0 775.0
WheatHead 129.0 232.0 188.0 270.0
WheatHead 502.0 567.0 597.0 633.0
WheatHead 709.0 572.0 756.0 608.0
WheatHead 0.0 45.0 16.0 61.0
WheatHead 921.0 552.0 985.0 607.0
WheatHead 715.0 928.0 775.0 963.0
WheatHead 835.0 648.0 866.0 707.0
WheatHead 736.0 231.0 785.0 285.0
WheatHead 182.0 989.0 256.0 1024.0
WheatHead 10.0 150.0 83.0 188.0
WheatHead 169.0 592.0 219.0 621.0
WheatHead 330.0 886.0 379.0 932.0
WheatHead 198.0 718.0 257.0 750.0
WheatHead 899.0 491.0 943.0 532.0
WheatHead 174.0 647.0 249.0 689.0
WheatHead 193.0 70.0 251.0 139.0
WheatHead 815.0 113.0 882.0 172.0
WheatHead 636.0 944.0 694.0 980.0
WheatHead 255.0 660.0 303.0 696.0
WheatHead 23.0 703.0 106.0 753.0
WheatHead 574.0 0.0 688.0 56.0
WheatHead 737.0 189.0 792.0 242.0
WheatHead 0.0 568.0 101.0 616.0
WheatHead 8.0 595.0 49.0 631.0
WheatHead 832.0 958.0 879.0 999.0
