WheatHead 36.0 346.0 143.0 472.0
WheatHead 617.0 360.0 720.0 427.0
WheatHead 0.0 193.0 80.0 301.0
WheatHead 25.0 653.0 106.0 750.0
WheatHead 645.0 0.0 745.0 53.0
WheatHead 587.0 959.0 684.0 1021.0
WheatHead 819.0 555.0 916.0 662.0
WheatHead 640.0 203.0 689.0 282.0
WheatHead 740.0 133.0 823.0 210.0
WheatHead 830.0 390.0 894.0 491.0
WheatHead 154.0 98.0 236.0 157.0
WheatHead 690.0 759.0 765.0 890.0
WheatHead 185.0 818.0 248.0 907.0
WheatHead 339.0 498.0 473.0 599.0
WheatHead 494.0 54.0 578.0 133.0
WheatHead 300.0 547.0 390.0 608.0
WheatHead 618.0 525.0 711.0 596.0
WheatHead 953.0 319.0 995.0 378.0
WheatHead 766.0 315.0 955.0 426.0
WheatHead 480.0 510.0 582.0 616.0
WheatHead 991.0 46.0 1024.0 74.0
WheatHead 214.0 57.0 290.0 99.0
WheatHead 416.0 456.0 533.0 518.0
WheatHead 749.0 977.0 790.0 1024.0
WheatHead 69.0 561.0 193.0 662.0
WheatHead 273.0 377.0 369.0 421.0
WheatHead 535.0 794.0 653.0 958.0
WheatHead 5.0 797.0 96.0 827.0
WheatHead 256.0 260.0 364.0 316.0
WheatHead 991.0 679.0 1024.0 717.0
WheatHead 327.0 815.0 391.0 882.0
WheatHead 268.0 929.0 318.0 1022.0
WheatHead 354.0 712.0 452.0 770.0
WheatHead 125.0 189.0 228.0 288.0
WheatHead 487.0 118.0 548.0 153.0
WheatHead 334.0 932.0 396.0 980.0
WheatHead 963.0 506.0 1024.0 557.0
WheatHead 344.0 857.0 428.0 935.0
WheatHead 944.0 13.0 1006.0 64.0
WheatHead 731.0 1.0 828.0 40.0
WheatHead 73.0 0.0 114.0 43.0
WheatHead 715.0 655.0 822.0 701.0
WheatHead 107.0 999.0 237.0 1024.0
WheatHead 331.0 216.0 455.0 299.0
WheatHead 24.0 872.0 86.0 925.0
WheatHead 787.0 575.0 833.0 650.0
WheatHead 592.0 726.0 662.0 765.0
WheatHead 0.0 136.0 55.0 191.0
WheatHead 168.0 733.0 248.0 768.0
WheatHead 662.0 853.0 702.0 890.0
WheatHead 7.0 130.0 167.0 261.0
WheatHead 120.0 752.0 202.0 789.0
WheatHead 917.0 998.0 951.0 1022.0
WheatHead 602.0 515.0 693.0 545.0
WheatHead 640.0 724.0 691.0 760.0
WheatHead 551.0 1005.0 641.0 1024.0
WheatHead 93.0 684.0 144.0 728.0
WheatHead 975.0 714.0 1024.0 752.0
WheatHead 506.0 746.0 578.0 804.0
WheatHead 342.0 176.0 436.0 220.0
WheatHead 0.0 933.0 72.0 980.0
WheatHead 374.0 902.0 462.0 985.0
WheatHead 275.0 235.0 457.0 337.0
WheatHead 243.0 971.0 455.0 1024.0
