WheatHead 779.0 141.0 850.0 221.0
WheatHead 348.0 901.0 435.0 959.0
WheatHead 195.0 882.0 271.0 958.0
WheatHead 913.0 248.0 985.0 318.0
WheatHead 8.0 289.0 83.0 368.0
WheatHead 15.0 546.0 109.0 606.0
WheatHead 522.0 624.0 618.0 707.0
WheatHead 357.0 329.0 428.0 412.0
WheatHead 643.0 323.0 752.0 385.0
WheatHead 820.0 644.0 871.0 711.0
WheatHead 714.0 255.0 779.0 353.0
WheatHead 129.0 0.0 191.0 65.0
WheatHead 711.0 943.0 771.0 1019.0
WheatHead 574.0 4.0 648.0 58.0
WheatHead 200.0 425.0 293.0 471.0
WheatHead 577.0 339.0 685.0 382.0
WheatHead 584.0 959.0 625.0 1018.0
WheatHead 170.0 694.0 285.0 785.0
WheatHead 299.0 486.0 419.0 527.0
WheatHead 498.0 188.0 546.0 316.0
WheatHead 750.0 208.0 823.0 260.0
WheatHead 772.0 700.0 865.0 729.0
WheatHead 591.0 137.0 664.0 178.0
WheatHead 241.0 839.0 360.0 909.0
WheatHead 0.0 569.0 62.0 629.0
WheatHead 943.0 789.0 1024.0 907.0
WheatHead 940.0 349.0 1004.0 395.0
WheatHead 670.0 165.0 749.0 222.0
WheatHead 40.0 907.0 122.0 936.0
WheatHead 494.0 404.0 566.0 451.0
WheatHead 87.0 399.0 207.0 444.0
WheatHead 74.69999694824219 613.9000244140625 199.0 667.0
WheatHead 755.0 745.0 834.0 789.0
WheatHead 456.0 341.0 533.0 400.0
WheatHead 296.0 929.0 389.0 956.0
WheatHead 40.0 245.0 106.0 288.0
WheatHead 505.0 20.0 558.0 69.0
WheatHead 195.0 560.0 271.0 600.0
WheatHead 898.0 413.0 974.0 432.0
WheatHead 326.0 730.0 386.0 779.0
WheatHead 981.0 940.0 1024.0 978.0
WheatHead 813.0 913.0 913.0 939.0
WheatHead 414.0 786.0 488.0 831.0
WheatHead 223.0 0.0 266.0 45.0
WheatHead 667.0 491.0 751.0 537.0
WheatHead 419.0 998.0 461.0 1024.0
WheatHead 730.0 256.0 811.0 318.0
WheatHead 124.0 652.0 215.0 701.0
WheatHead 599.0 966.0 626.0 1019.0
WheatHead 809.0 664.0 841.0 716.0
WheatHead 32.0 746.0 87.0 801.0
WheatHead 5.0 559.0 83.0 611.0
WheatHead 47.0 977.0 113.0 1008.0
WheatHead 445.0 988.0 490.0 1015.0
WheatHead 785.0 423.0 839.0 454.0
WheatHead 341.0 2.0 484.0 90.0
WheatHead 625.0 238.0 742.0 327.0
WheatHead 656.0 852.0 717.0 883.0
WheatHead 361.0 448.0 441.0 480.0
WheatHead 528.0 217.0 618.0 234.0
WheatHead 197.0 638.0 260.0 685.0
WheatHead 2.0 1003.0 92.0 1022.0
WheatHead 359.0 957.0 387.0 1022.0
WheatHead 137.0 800.0 222.0 820.0
WheatHead 371.0 972.0 424.0 1021.0
WheatHead 394.0 431.0 456.0 462.0
WheatHead 43.0 871.0 110.0 888.0
WheatHead 283.0 62.0 323.0 84.0
WheatHead 1.0 841.0 40.0 869.0
WheatHead 994.0 972.0 1024.0 1021.0
WheatHead 427.0 899.0 477.0 920.0
WheatHead 976.0 899.0 1022.0 932.0
WheatHead 851.0 43.0 906.0 69.0
WheatHead 374.0 365.0 409.0 446.0
WheatHead 25.0 790.0 65.0 879.0
WheatHead 0.0 731.0 39.0 774.0
WheatHead 0.0 62.0 117.0 138.0
WheatHead 0.0 493.0 43.0 549.0
WheatHead 0.0 630.0 46.0 687.0
WheatHead 0.0 702.0 44.0 745.0
WheatHead 0.0 951.0 44.0 996.0
WheatHead 572.0 404.0 614.0 447.0
WheatHead 421.0 747.0 485.0 782.0
WheatHead 262.0 909.0 306.0 953.0
