WheatHead 148.0 434.0 208.0 528.0
WheatHead 326.0 753.0 365.0 846.0
WheatHead 9.0 264.0 61.0 353.0
WheatHead 133.0 374.0 218.0 450.0
WheatHead 374.0 522.0 424.0 607.0
WheatHead 924.0 207.0 972.0 286.0
WheatHead 162.0 566.0 225.0 645.0
WheatHead 643.0 185.0 700.0 256.0
WheatHead 797.0 0.0 832.0 60.0
WheatHead 550.0 91.0 623.0 197.0
WheatHead 765.0 75.0 834.0 178.0
WheatHead 693.0 368.0 761.0 447.0
WheatHead 925.0 588.0 969.0 673.0
WheatHead 289.0 326.0 320.0 421.0
WheatHead 517.0 462.0 567.0 546.0
WheatHead 0.0 548.0 91.0 606.0
WheatHead 969.0 522.0 1017.0 611.0
WheatHead 718.0 843.0 750.0 928.0
WheatHead 528.0 606.0 567.0 667.0
WheatHead 0.0 131.0 46.0 203.0
WheatHead 299.0 419.0 356.0 503.0
WheatHead 873.0 446.0 925.0 532.0
WheatHead 309.0 117.0 360.0 189.0
WheatHead 506.0 533.0 585.0 572.0
WheatHead 924.0 401.0 977.0 476.0
WheatHead 757.0 244.0 853.0 290.0
WheatHead 658.0 348.0 696.0 431.0
WheatHead 745.0 141.0 800.0 218.0
WheatHead 305.0 931.0 356.0 969.0
WheatHead 506.0 0.0 544.0 40.0
WheatHead 711.0 577.0 771.0 604.0
WheatHead 766.0 278.0 815.0 352.0
WheatHead 647.0 566.0 679.0 628.0
WheatHead 643.0 386.0 674.0 465.0
WheatHead 686.0 326.0 738.0 368.0
WheatHead 320.0 505.0 371.0 569.0
WheatHead 938.0 848.0 978.0 901.0
WheatHead 786.0 486.0 813.0 548.0
WheatHead 305.0 606.0 338.0 681.0
WheatHead 715.0 503.0 748.0 584.0
WheatHead 137.0 0.0 174.0 34.0
WheatHead 864.0 782.0 916.0 828.0
WheatHead 606.0 558.0 652.0 613.0
WheatHead 880.0 616.0 937.0 655.0
WheatHead 535.0 912.0 598.0 955.0
WheatHead 653.0 127.0 719.0 212.0
WheatHead 406.0 884.0 456.0 947.0
WheatHead 709.0 43.0 756.0 129.0
WheatHead 645.0 20.0 760.0 177.0
WheatHead 789.0 431.0 836.0 486.0
WheatHead 281.0 4.0 318.0 61.0
WheatHead 914.0 293.0 945.0 340.0
WheatHead 36.0 592.0 71.0 637.0
WheatHead 0.0 430.0 20.0 484.0
WheatHead 887.0 77.0 928.0 127.0
WheatHead 1006.0 539.0 1024.0 610.0
