WheatHead 186.0 550.0 304.0 652.0
WheatHead 998.0 97.0 1024.0 186.0
WheatHead 460.0 71.0 558.0 161.0
WheatHead 599.0 624.0 675.0 709.0
WheatHead 911.0 471.0 1016.0 555.0
WheatHead 537.0 947.0 629.0 1024.0
WheatHead 253.0 916.0 322.0 995.0
WheatHead 844.0 330.0 931.0 440.0
WheatHead 117.0 642.0 207.0 732.0
WheatHead 483.0 560.0 568.0 640.0
WheatHead 716.0 837.0 760.0 881.0
WheatHead 907.0 159.0 993.0 239.0
WheatHead 443.0 495.0 511.0 594.0
WheatHead 985.0 245.0 1024.0 337.0
WheatHead 770.0 958.0 829.0 1019.0
WheatHead 507.0 200.0 578.0 284.0
WheatHead 519.0 809.0 588.0 876.0
WheatHead 179.0 962.0 273.0 1024.0
WheatHead 750.0 422.0 814.0 488.0
WheatHead 776.0 681.0 837.0 762.0
WheatHead 996.0 927.0 1024.0 974.0
WheatHead 2.0 64.0 38.0 148.0
WheatHead 757.0 340.0 814.0 394.0
WheatHead 732.0 95.0 787.0 132.0
