WheatHead 230.0 0.0 282.0 99.0
WheatHead 879.0 290.0 942.0 386.0
WheatHead 147.0 955.0 215.0 1021.0
WheatHead 604.0 45.0 649.0 154.0
WheatHead 603.0 711.0 648.0 808.0
WheatHead 547.0 901.0 603.0 995.0
WheatHead 57.0 199.0 131.0 312.0
WheatHead 344.0 203.0 400.0 304.0
WheatHead 191.0 282.0 237.0 390.0
WheatHead 401.0 282.0 465.0 395.0
WheatHead 791.0 525.0 824.0 633.0
WheatHead 260.0 843.0 357.0 957.0
WheatHead 501.0 909.0 582.0 1007.0
WheatHead 402.0 188.0 483.0 303.0
WheatHead 468.0 68.0 540.0 146.0
WheatHead 830.0 807.0 904.0 952.0
WheatHead 120.0 312.0 170.0 398.0
WheatHead 294.0 546.0 320.0 649.0
WheatHead 57.0 618.0 140.0 694.0
WheatHead 77.0 496.0 191.0 602.0
WheatHead 24.0 856.0 83.0 992.0
WheatHead 980.0 375.0 1014.0 457.0
WheatHead 866.0 404.0 939.0 462.0
WheatHead 621.0 203.0 700.0 323.0
WheatHead 764.0 860.0 824.0 965.0
WheatHead 895.0 716.0 928.0 854.0
WheatHead 667.0 27.0 692.0 103.0
WheatHead 101.0 42.0 151.0 199.0
WheatHead 378.0 9.0 427.0 79.0
WheatHead 846.0 1.0 925.0 40.0
WheatHead 678.0 884.0 738.0 968.0
WheatHead 253.0 128.0 339.0 290.0
WheatHead 968.0 688.0 1024.0 760.0
WheatHead 570.0 137.0 640.0 189.0
WheatHead 0.0 693.0 47.0 797.0
WheatHead 419.0 1.0 506.0 38.0
WheatHead 906.0 40.0 951.0 120.0
WheatHead 655.0 912.0 726.0 1024.0
WheatHead 202.0 232.0 311.0 342.0
WheatHead 742.0 187.0 800.0 244.0
WheatHead 131.0 232.0 185.0 327.0
WheatHead 544.0 192.0 623.0 350.0
WheatHead 617.0 832.0 673.0 888.0
WheatHead 912.0 141.0 970.0 178.0
WheatHead 212.0 720.0 278.0 767.0
WheatHead 916.0 651.0 976.0 731.0
WheatHead 955.0 223.0 985.0 348.0
WheatHead 0.0 503.0 53.0 589.0
WheatHead 401.0 1006.0 472.0 1024.0
WheatHead 636.0 292.0 696.0 337.0
WheatHead 537.0 998.0 589.0 1024.0
WheatHead 756.0 726.0 815.0 834.0
WheatHead 0.0 454.0 20.0 492.0
WheatHead 0.0 868.0 25.0 890.0
WheatHead 793.0 767.0 877.0 815.0
WheatHead 710.0 805.0 803.0 884.0
WheatHead 0.0 14.0 185.0 170.0
WheatHead 777.0 999.0 856.0 1024.0
WheatHead 709.0 1005.0 773.0 1024.0
WheatHead 743.0 2.0 791.0 41.0
