WheatHead 1.0 792.0 44.0 848.0
WheatHead 42.0 777.0 121.0 869.0
WheatHead 30.0 876.0 90.0 937.0
WheatHead 48.0 912.0 142.0 1005.0
WheatHead 137.0 935.0 217.0 1002.0
WheatHead 250.0 955.0 346.0 1024.0
WheatHead 344.0 963.0 416.0 1024.0
WheatHead 182.0 750.0 258.0 818.0
WheatHead 206.0 822.0 304.0 903.0
WheatHead 277.0 785.0 383.0 870.0
WheatHead 403.0 867.0 485.0 938.0
WheatHead 344.0 618.0 419.0 727.0
WheatHead 82.0 446.0 158.0 512.0
WheatHead 199.0 458.0 274.0 538.0
WheatHead 182.0 499.0 224.0 593.0
WheatHead 218.0 516.0 275.0 575.0
WheatHead 256.0 561.0 330.0 625.0
WheatHead 322.0 512.0 384.0 573.0
WheatHead 369.0 550.0 437.0 617.0
WheatHead 279.0 473.0 360.0 520.0
WheatHead 189.0 323.0 257.0 397.0
WheatHead 235.0 305.0 297.0 356.0
WheatHead 176.0 228.0 250.0 303.0
WheatHead 401.0 308.0 472.0 378.0
WheatHead 442.0 465.0 518.0 537.0
WheatHead 518.0 411.0 625.0 515.0
WheatHead 355.0 162.0 435.0 228.0
WheatHead 628.0 293.0 697.0 366.0
WheatHead 684.0 312.0 751.0 374.0
WheatHead 701.0 511.0 778.0 609.0
WheatHead 685.0 613.0 766.0 689.0
WheatHead 544.0 755.0 620.0 835.0
WheatHead 654.0 817.0 734.0 928.0
WheatHead 715.0 750.0 787.0 828.0
WheatHead 593.0 882.0 671.0 959.0
WheatHead 558.0 976.0 625.0 1024.0
WheatHead 661.0 961.0 785.0 1024.0
WheatHead 728.0 901.0 796.0 960.0
WheatHead 966.0 943.0 1024.0 1015.0
WheatHead 933.0 834.0 1024.0 905.0
WheatHead 912.0 739.0 990.0 808.0
WheatHead 827.0 750.0 894.0 826.0
WheatHead 872.0 520.0 957.0 570.0
WheatHead 876.0 567.0 936.0 623.0
WheatHead 788.0 528.0 855.0 611.0
WheatHead 797.0 333.0 880.0 406.0
WheatHead 833.0 272.0 910.0 337.0
WheatHead 929.0 277.0 993.0 337.0
WheatHead 875.0 192.0 963.0 271.0
WheatHead 876.0 77.0 941.0 135.0
WheatHead 310.0 73.0 384.0 144.0
WheatHead 241.0 55.0 315.0 130.0
WheatHead 117.0 35.0 189.0 123.0
WheatHead 50.0 8.0 130.0 85.0
WheatHead 0.0 8.0 56.0 78.0
WheatHead 267.0 0.0 357.0 31.0
WheatHead 537.0 0.0 608.0 35.0
WheatHead 808.0 0.0 873.0 64.0
WheatHead 456.0 56.0 528.0 114.0
WheatHead 786.0 935.0 869.0 1007.0
WheatHead 217.0 45.0 262.0 102.0
WheatHead 310.0 911.0 353.0 955.0
WheatHead 360.0 896.0 406.0 963.0
WheatHead 415.0 978.0 450.0 1024.0
WheatHead 512.0 1010.0 569.0 1024.0
WheatHead 71.0 1006.0 161.0 1024.0
WheatHead 201.0 915.0 258.0 953.0
