WheatHead 467.0 755.0 638.0 831.0
WheatHead 31.0 301.0 171.0 460.0
WheatHead 454.0 1000.0 583.0 1024.0
WheatHead 237.0 393.0 380.0 469.0
WheatHead 522.0 421.0 675.0 514.0
WheatHead 421.0 371.0 612.0 452.0
WheatHead 595.0 146.0 718.0 259.0
WheatHead 807.0 449.0 899.0 531.0
WheatHead 635.0 70.0 739.0 239.0
WheatHead 0.0 831.0 117.0 887.0
WheatHead 184.0 418.0 282.0 597.0
WheatHead 285.0 666.0 467.0 760.0
WheatHead 579.0 0.0 712.0 62.0
WheatHead 734.0 289.0 844.0 409.0
WheatHead 424.0 582.0 553.0 677.0
WheatHead 0.0 796.0 107.0 860.0
WheatHead 286.0 991.0 395.0 1024.0
WheatHead 248.0 463.0 474.0 592.0
WheatHead 367.0 0.0 578.0 76.0
WheatHead 122.0 819.0 278.0 883.0
WheatHead 549.0 916.0 702.0 999.0
WheatHead 452.0 776.0 636.0 854.0
WheatHead 855.0 687.0 908.0 740.0
WheatHead 573.0 226.0 671.0 311.0
WheatHead 277.0 633.0 454.0 724.0
WheatHead 50.0 649.0 245.0 740.0
WheatHead 80.0 595.0 261.0 671.0
WheatHead 154.0 626.0 261.0 810.0
WheatHead 689.0 461.0 793.0 529.0
WheatHead 620.0 382.0 718.0 494.0
WheatHead 651.0 402.0 727.0 502.0
