WheatHead 716.0 0.0 856.0 39.0
WheatHead 629.0 0.0 712.0 47.0
WheatHead 424.0 32.0 526.0 63.0
WheatHead 435.0 42.0 548.0 83.0
WheatHead 577.0 68.0 655.0 132.0
WheatHead 559.0 112.0 730.0 180.0
WheatHead 229.0 76.0 345.0 153.0
WheatHead 159.0 107.0 289.0 153.0
WheatHead 24.0 103.0 181.0 158.0
WheatHead 19.0 176.0 81.0 212.0
WheatHead 77.0 190.0 124.0 259.0
WheatHead 128.0 230.0 240.0 283.0
WheatHead 159.0 250.0 240.0 307.0
WheatHead 164.0 355.0 258.0 390.0
WheatHead 82.0 360.0 182.0 415.0
WheatHead 146.0 387.0 276.0 455.0
WheatHead 456.0 264.0 570.0 361.0
WheatHead 502.0 308.0 584.0 393.0
WheatHead 416.0 478.0 553.0 519.0
WheatHead 752.0 289.0 885.0 346.0
WheatHead 800.0 298.0 915.0 388.0
WheatHead 888.0 189.0 935.0 259.0
WheatHead 883.0 112.0 962.0 205.0
WheatHead 911.0 218.0 1004.0 241.0
WheatHead 936.0 245.0 994.0 292.0
WheatHead 976.0 688.0 1024.0 745.0
WheatHead 972.0 624.0 1024.0 668.0
WheatHead 844.0 473.0 922.0 516.0
WheatHead 785.0 423.0 852.0 463.0
WheatHead 701.0 506.0 800.0 553.0
WheatHead 837.0 570.0 877.0 600.0
WheatHead 604.0 560.0 691.0 614.0
WheatHead 468.0 564.0 595.0 611.0
WheatHead 263.0 540.0 379.0 573.0
WheatHead 310.0 602.0 379.0 651.0
WheatHead 379.0 649.0 454.0 702.0
WheatHead 669.0 670.0 741.0 717.0
WheatHead 754.0 713.0 806.0 761.0
WheatHead 841.0 744.0 952.0 781.0
WheatHead 816.0 994.0 912.0 1024.0
WheatHead 887.0 903.0 945.0 953.0
WheatHead 850.0 846.0 920.0 930.0
WheatHead 685.0 890.0 775.0 943.0
WheatHead 666.0 768.0 773.0 800.0
WheatHead 634.0 750.0 734.0 834.0
WheatHead 642.0 852.0 745.0 879.0
WheatHead 543.0 823.0 624.0 872.0
WheatHead 516.0 751.0 604.0 806.0
WheatHead 559.0 715.0 653.0 747.0
WheatHead 507.0 891.0 614.0 957.0
WheatHead 327.0 948.0 441.0 1004.0
WheatHead 243.0 938.0 323.0 999.0
WheatHead 291.0 793.0 369.0 872.0
WheatHead 176.0 837.0 239.0 888.0
WheatHead 184.0 781.0 271.0 828.0
WheatHead 0.0 818.0 123.0 887.0
WheatHead 0.0 923.0 99.0 960.0
WheatHead 0.0 720.0 69.0 801.0
WheatHead 0.0 623.0 62.0 667.0
WheatHead 18.0 484.0 130.0 566.0
WheatHead 116.0 685.0 209.0 743.0
