WheatHead 156.0 975.0 235.0 1024.0
WheatHead 66.0 902.0 192.0 1009.0
WheatHead 21.0 795.0 127.0 914.0
WheatHead 0.0 620.0 47.0 700.0
WheatHead 149.0 613.0 232.0 682.0
WheatHead 227.0 725.0 310.0 886.0
WheatHead 158.0 807.0 241.0 878.0
WheatHead 96.0 806.0 199.0 969.0
WheatHead 290.0 824.0 384.0 940.0
WheatHead 248.0 522.0 422.0 765.0
WheatHead 375.0 779.0 472.0 837.0
WheatHead 26.0 431.0 109.0 516.0
WheatHead 0.0 274.0 60.0 367.0
WheatHead 122.0 351.0 209.0 437.0
WheatHead 93.0 6.0 175.0 94.0
WheatHead 330.0 215.0 413.0 302.0
WheatHead 362.0 328.0 438.0 447.0
WheatHead 245.0 56.0 308.0 132.0
WheatHead 152.0 88.0 220.0 150.0
WheatHead 456.0 0.0 557.0 56.0
WheatHead 654.0 52.0 740.0 122.0
WheatHead 756.0 19.0 819.0 110.0
WheatHead 450.0 479.0 574.0 558.0
WheatHead 608.0 420.0 683.0 498.0
WheatHead 669.0 447.0 767.0 510.0
WheatHead 646.0 528.0 723.0 631.0
WheatHead 708.0 569.0 800.0 685.0
WheatHead 703.0 488.0 774.0 556.0
WheatHead 869.0 490.0 928.0 542.0
WheatHead 958.0 788.0 1024.0 924.0
WheatHead 804.0 771.0 897.0 903.0
WheatHead 701.0 798.0 769.0 874.0
WheatHead 588.0 746.0 728.0 868.0
WheatHead 805.0 978.0 878.0 1024.0
WheatHead 921.0 0.0 1024.0 63.0
WheatHead 52.0 312.0 91.0 391.0
WheatHead 108.0 0.0 222.0 41.0
WheatHead 1003.0 404.0 1024.0 477.0
WheatHead 840.0 404.0 995.0 506.0
WheatHead 704.0 543.0 773.0 608.0
WheatHead 740.0 1004.0 806.0 1024.0
