WheatHead 94.0 10.0 146.0 114.0
WheatHead 659.0 539.0 720.0 618.0
WheatHead 428.0 146.0 473.0 228.0
WheatHead 31.0 408.0 137.0 461.0
WheatHead 747.0 771.0 800.0 873.0
WheatHead 861.0 157.0 901.0 251.0
WheatHead 94.0 323.0 137.0 413.0
WheatHead 193.0 116.0 252.0 226.0
WheatHead 499.0 0.0 552.0 76.0
WheatHead 471.0 380.0 514.0 458.0
WheatHead 224.0 5.0 250.0 70.0
WheatHead 588.0 162.0 632.0 240.0
WheatHead 903.0 247.0 961.0 312.0
WheatHead 748.0 320.0 785.0 389.0
WheatHead 86.0 477.0 144.0 537.0
WheatHead 939.0 45.0 968.0 136.0
WheatHead 886.0 502.0 913.0 577.0
WheatHead 0.0 760.0 19.0 821.0
WheatHead 669.0 98.0 729.0 161.0
WheatHead 499.0 506.0 529.0 581.0
WheatHead 462.0 57.0 490.0 139.0
WheatHead 377.0 729.0 442.0 782.0
WheatHead 406.0 245.0 506.0 271.0
WheatHead 0.0 197.0 53.0 258.0
WheatHead 0.0 897.0 54.0 933.0
WheatHead 622.0 731.0 652.0 790.0
WheatHead 789.0 798.0 890.0 880.0
WheatHead 928.0 458.0 962.0 520.0
WheatHead 858.0 566.0 933.0 622.0
WheatHead 577.0 488.0 655.0 528.0
WheatHead 537.0 330.0 585.0 393.0
WheatHead 312.0 446.0 348.0 512.0
WheatHead 40.0 218.0 105.0 262.0
WheatHead 776.0 496.0 805.0 559.0
WheatHead 954.0 225.0 1002.0 289.0
WheatHead 767.0 709.0 806.0 775.0
WheatHead 124.0 619.0 187.0 645.0
WheatHead 237.0 604.0 292.0 639.0
WheatHead 465.0 296.0 496.0 365.0
WheatHead 278.0 167.0 324.0 202.0
WheatHead 400.0 701.0 451.0 744.0
WheatHead 111.0 835.0 154.0 888.0
WheatHead 236.0 354.0 274.0 410.0
WheatHead 927.0 172.0 977.0 219.0
WheatHead 445.0 801.0 507.0 839.0
WheatHead 323.0 838.0 378.0 873.0
WheatHead 339.0 870.0 406.0 939.0
WheatHead 53.0 479.0 98.0 527.0
WheatHead 678.0 292.0 726.0 357.0
WheatHead 791.0 326.0 819.0 386.0
WheatHead 25.0 255.0 83.0 293.0
WheatHead 544.0 140.0 589.0 207.0
WheatHead 617.0 55.0 673.0 111.0
WheatHead 17.0 649.0 102.0 737.0
WheatHead 927.0 774.0 993.0 824.0
WheatHead 43.0 593.0 145.0 679.0
WheatHead 845.0 957.0 879.0 1011.0
WheatHead 645.0 290.0 720.0 371.0
WheatHead 872.0 13.0 901.0 72.0
WheatHead 958.0 593.0 1002.0 651.0
WheatHead 610.0 540.0 660.0 588.0
WheatHead 457.0 294.0 487.0 356.0
WheatHead 681.0 233.0 714.0 282.0
WheatHead 735.0 266.0 776.0 305.0
WheatHead 176.0 887.0 225.0 925.0
WheatHead 12.0 640.0 76.0 694.0
WheatHead 574.0 735.0 615.0 790.0
WheatHead 619.0 809.0 667.0 857.0
WheatHead 307.0 264.0 359.0 304.0
WheatHead 403.0 489.0 463.0 531.0
WheatHead 414.0 23.0 453.0 69.0
WheatHead 987.0 0.0 1024.0 35.0
WheatHead 673.0 0.0 709.0 26.0
WheatHead 658.0 628.0 715.0 674.0
WheatHead 780.0 685.0 815.0 719.0
WheatHead 681.0 885.0 742.0 929.0
WheatHead 605.0 944.0 682.0 981.0
WheatHead 618.0 975.0 656.0 1010.0
WheatHead 368.0 946.0 458.0 995.0
WheatHead 140.0 931.0 211.0 972.0
WheatHead 39.0 955.0 93.0 996.0
WheatHead 52.0 1007.0 97.0 1024.0
