WheatHead 566.0 344.0 618.0 456.0
WheatHead 147.0 260.0 212.0 341.0
WheatHead 395.0 28.0 469.0 146.0
WheatHead 699.0 1.0 733.0 86.0
WheatHead 136.0 31.0 221.0 106.0
WheatHead 288.0 50.0 368.0 132.0
WheatHead 349.0 673.0 432.0 806.0
WheatHead 153.0 586.0 230.0 684.0
WheatHead 92.0 349.0 126.0 446.0
WheatHead 0.0 958.0 47.0 1022.0
WheatHead 744.0 961.0 809.0 1022.0
WheatHead 697.0 742.0 740.0 856.0
WheatHead 479.0 963.0 543.0 1022.0
WheatHead 465.0 242.0 515.0 347.0
WheatHead 719.0 484.0 774.0 594.0
WheatHead 350.0 165.0 412.0 237.0
WheatHead 614.0 53.0 643.0 132.0
WheatHead 208.0 862.0 248.0 948.0
WheatHead 271.0 468.0 338.0 520.0
WheatHead 0.0 210.0 25.0 308.0
WheatHead 103.0 109.0 185.0 255.0
WheatHead 567.0 0.0 603.0 53.0
WheatHead 929.0 779.0 1024.0 842.0
WheatHead 226.0 0.0 263.0 65.0
WheatHead 200.0 188.0 274.0 271.0
WheatHead 957.0 973.0 993.0 1024.0
WheatHead 178.0 150.0 219.0 260.0
WheatHead 38.0 839.0 84.0 917.0
WheatHead 418.0 139.0 479.0 268.0
WheatHead 106.0 527.0 147.0 608.0
WheatHead 318.0 0.0 400.0 92.0
WheatHead 806.0 548.0 837.0 638.0
WheatHead 43.0 688.0 103.0 735.0
WheatHead 334.0 387.0 373.0 472.0
WheatHead 634.0 205.0 723.0 256.0
WheatHead 623.0 411.0 680.0 544.0
WheatHead 289.0 984.0 350.0 1024.0
WheatHead 633.0 962.0 684.0 1024.0
WheatHead 383.0 364.0 430.0 434.0
WheatHead 850.0 943.0 891.0 1018.0
WheatHead 535.0 167.0 615.0 253.0
WheatHead 794.0 670.0 873.0 703.0
WheatHead 384.0 104.0 426.0 224.0
WheatHead 478.0 472.0 530.0 534.0
WheatHead 0.0 192.0 125.0 293.0
WheatHead 427.0 0.0 450.0 57.0
WheatHead 977.0 1.0 1022.0 35.0
WheatHead 288.0 353.0 345.0 422.0
WheatHead 441.3999938964844 501.8999938964844 478.3999938964844 557.9000244140625
WheatHead 969.0 887.0 1014.0 936.0
WheatHead 541.0 823.0 607.0 952.0
WheatHead 285.0 453.0 344.0 507.0
WheatHead 828.0 5.0 878.0 98.0
WheatHead 638.0 835.0 676.0 897.0
WheatHead 289.0 651.0 345.0 723.0
WheatHead 578.0 752.0 639.0 810.0
WheatHead 838.0 534.0 870.0 589.0
WheatHead 235.0 363.0 281.0 468.0
WheatHead 509.0 637.0 554.0 712.0
WheatHead 534.0 620.0 593.0 702.0
