WheatHead 663.0 110.0 773.0 200.0
WheatHead 12.0 522.0 115.0 634.0
WheatHead 678.0 0.0 770.0 58.0
WheatHead 217.0 610.0 397.0 701.0
WheatHead 358.0 202.0 448.0 317.0
WheatHead 716.0 650.0 901.0 752.0
WheatHead 494.0 35.0 602.0 145.0
WheatHead 611.0 824.0 716.0 896.0
WheatHead 645.0 414.0 734.0 481.0
WheatHead 125.0 0.0 209.0 53.0
WheatHead 0.0 743.0 35.0 833.0
WheatHead 422.0 89.0 504.0 156.0
WheatHead 253.0 38.0 348.0 110.0
WheatHead 0.0 76.0 43.0 163.0
WheatHead 468.0 880.0 552.0 965.0
WheatHead 181.0 163.0 302.0 225.0
WheatHead 537.0 389.0 599.0 473.0
WheatHead 698.0 504.0 788.0 576.0
WheatHead 468.0 158.0 537.0 227.0
WheatHead 573.0 724.0 673.0 816.0
WheatHead 478.0 266.0 578.0 337.0
WheatHead 773.0 202.0 898.0 335.0
WheatHead 888.0 865.0 988.0 919.0
WheatHead 614.0 207.0 688.0 304.0
WheatHead 0.0 153.0 58.0 212.0
WheatHead 102.0 744.0 284.0 834.0
WheatHead 161.0 363.0 235.0 424.0
WheatHead 898.0 79.0 985.0 209.0
WheatHead 312.0 865.0 384.0 926.0
WheatHead 389.0 373.0 460.0 442.0
WheatHead 138.0 450.0 215.0 517.0
WheatHead 680.0 919.0 796.0 1008.0
WheatHead 501.0 593.0 581.0 655.0
WheatHead 793.0 378.0 939.0 478.0
WheatHead 850.0 0.0 946.0 38.0
WheatHead 816.0 478.0 913.0 540.0
WheatHead 314.0 729.0 409.0 842.0
WheatHead 110.0 816.0 174.0 924.0
WheatHead 624.0 332.0 698.0 409.0
WheatHead 391.0 893.0 481.0 949.0
WheatHead 583.0 558.0 650.0 629.0
WheatHead 865.0 919.0 967.0 998.0
WheatHead 0.0 409.0 64.0 473.0
WheatHead 704.0 325.0 780.0 419.0
WheatHead 581.0 893.0 650.0 1008.0
WheatHead 153.0 540.0 217.0 609.0
WheatHead 10.0 335.0 176.0 424.0
WheatHead 931.0 268.0 1006.0 358.0
WheatHead 908.0 486.0 1021.0 593.0
WheatHead 780.0 768.0 960.0 844.0
WheatHead 634.0 596.0 701.0 650.0
WheatHead 156.0 657.0 227.0 760.0
WheatHead 502.0 0.0 618.0 40.0
WheatHead 785.0 867.0 857.0 929.0
WheatHead 591.0 632.0 675.0 698.0
WheatHead 747.0 53.0 834.0 117.0
WheatHead 403.0 976.0 462.0 1024.0
WheatHead 437.0 325.0 496.0 381.0
WheatHead 320.0 752.0 514.0 847.0
WheatHead 849.0 634.0 929.0 706.0
WheatHead 901.0 33.0 957.0 87.0
WheatHead 931.0 396.0 1018.0 468.0
WheatHead 967.0 35.0 1024.0 135.0
WheatHead 824.0 220.0 903.0 276.0
WheatHead 977.0 222.0 1024.0 279.0
WheatHead 872.0 368.0 939.0 417.0
WheatHead 432.0 473.0 514.0 540.0
WheatHead 527.0 284.0 588.0 335.0
WheatHead 2.0 66.0 61.0 168.0
WheatHead 949.0 960.0 1024.0 1021.0
WheatHead 865.0 783.0 977.0 847.0
WheatHead 926.0 606.0 1024.0 734.0
WheatHead 71.0 844.0 117.0 939.0
WheatHead 61.0 990.0 125.0 1024.0
WheatHead 0.0 340.0 76.0 450.0
