WheatHead 922.0 320.0 1019.0 501.0
WheatHead 179.0 330.0 278.0 443.0
WheatHead 94.0 880.0 180.0 1024.0
WheatHead 0.0 399.0 173.0 503.0
WheatHead 945.0 9.0 1005.0 58.0
WheatHead 377.0 715.0 481.0 808.0
WheatHead 267.0 636.0 414.0 750.0
WheatHead 579.0 660.0 675.0 766.0
WheatHead 904.0 18.0 961.0 91.0
WheatHead 0.0 20.0 2.0 150.0
WheatHead 134.0 223.0 276.0 297.0
WheatHead 122.0 136.0 251.0 237.0
WheatHead 851.0 288.0 929.0 436.0
WheatHead 413.0 795.0 516.0 866.0
WheatHead 565.0 165.0 658.0 268.0
WheatHead 355.0 855.0 486.0 924.0
WheatHead 811.0 49.0 908.0 126.0
WheatHead 713.0 362.0 819.0 506.0
WheatHead 465.0 111.0 546.0 336.0
WheatHead 188.0 491.0 278.0 578.0
WheatHead 478.0 592.0 571.0 746.0
WheatHead 343.0 346.0 472.0 420.0
WheatHead 602.0 387.0 718.0 622.0
WheatHead 53.0 0.0 227.0 35.0
WheatHead 232.0 128.0 328.0 328.0
WheatHead 233.0 395.0 307.0 475.0
WheatHead 989.0 448.0 1024.0 542.0
WheatHead 965.0 592.0 1024.0 697.0
WheatHead 880.0 600.0 959.0 704.0
WheatHead 138.0 715.0 276.0 801.0
WheatHead 147.0 971.0 240.0 1024.0
WheatHead 258.0 985.0 344.0 1019.0
WheatHead 224.0 937.0 314.0 997.0
WheatHead 190.0 867.0 289.0 943.0
WheatHead 401.0 949.0 504.0 1024.0
WheatHead 220.0 2.0 314.0 64.0
