WheatHead 242.0 256.0 332.0 335.0
WheatHead 374.0 238.0 492.0 339.0
WheatHead 354.0 292.0 452.0 380.0
WheatHead 365.0 120.0 471.0 195.0
WheatHead 276.0 22.0 354.0 144.0
WheatHead 183.0 97.0 275.0 186.0
WheatHead 0.0 0.0 97.0 49.0
WheatHead 0.0 187.0 36.0 284.0
WheatHead 23.0 459.0 133.0 542.0
WheatHead 64.0 527.0 133.0 613.0
WheatHead 0.0 697.0 47.0 762.0
WheatHead 8.0 650.0 107.0 744.0
WheatHead 0.0 870.0 38.0 945.0
WheatHead 114.0 741.0 186.0 801.0
WheatHead 185.0 623.0 282.0 700.0
WheatHead 350.0 604.0 421.0 676.0
WheatHead 459.0 548.0 535.0 635.0
WheatHead 176.0 796.0 256.0 870.0
WheatHead 240.0 699.0 343.0 766.0
WheatHead 470.0 821.0 608.0 884.0
WheatHead 313.0 800.0 382.0 908.0
WheatHead 765.0 798.0 821.0 840.0
WheatHead 752.0 747.0 904.0 821.0
WheatHead 727.0 691.0 808.0 740.0
WheatHead 886.0 817.0 959.0 886.0
WheatHead 576.0 942.0 680.0 1017.0
WheatHead 62.0 950.0 182.0 1024.0
WheatHead 624.0 564.0 716.0 654.0
WheatHead 628.0 638.0 699.0 720.0
WheatHead 717.0 590.0 800.0 651.0
WheatHead 785.0 471.0 946.0 586.0
WheatHead 875.0 597.0 979.0 656.0
WheatHead 721.0 324.0 798.0 404.0
WheatHead 683.0 309.0 737.0 377.0
WheatHead 841.0 178.0 897.0 240.0
WheatHead 945.0 165.0 1006.0 227.0
WheatHead 721.0 103.0 811.0 180.0
WheatHead 793.0 134.0 886.0 201.0
WheatHead 845.0 324.0 961.0 382.0
WheatHead 859.0 365.0 955.0 419.0
WheatHead 828.0 376.0 903.0 434.0
WheatHead 979.0 657.0 1024.0 696.0
WheatHead 970.0 617.0 1024.0 663.0
WheatHead 856.0 408.0 933.0 471.0
