WheatHead 13.0 116.0 95.0 212.0
WheatHead 286.0 145.0 362.0 227.0
WheatHead 599.0 1.0 681.0 114.0
WheatHead 692.0 114.0 788.0 192.0
WheatHead 2.0 526.0 62.0 621.0
WheatHead 0.0 593.0 96.0 696.0
WheatHead 78.0 697.0 159.0 798.0
WheatHead 196.0 554.0 250.0 615.0
WheatHead 242.0 593.0 330.0 652.0
WheatHead 272.0 537.0 373.0 600.0
WheatHead 356.0 581.0 428.0 650.0
WheatHead 236.0 676.0 322.0 743.0
WheatHead 437.0 640.0 523.0 709.0
WheatHead 438.0 467.0 506.0 545.0
WheatHead 547.0 497.0 640.0 562.0
WheatHead 549.0 566.0 601.0 631.0
WheatHead 552.0 625.0 622.0 705.0
WheatHead 594.0 634.0 691.0 721.0
WheatHead 14.0 925.0 83.0 995.0
WheatHead 72.0 987.0 175.0 1024.0
WheatHead 349.0 967.0 419.0 1024.0
WheatHead 538.0 970.0 629.0 1024.0
WheatHead 773.0 928.0 843.0 1011.0
WheatHead 853.0 903.0 926.0 986.0
WheatHead 871.0 846.0 981.0 926.0
WheatHead 993.0 629.0 1024.0 707.0
WheatHead 931.0 613.0 1013.0 685.0
WheatHead 931.0 683.0 1004.0 752.0
WheatHead 962.0 268.0 1024.0 362.0
WheatHead 952.0 361.0 1024.0 424.0
WheatHead 900.0 382.0 978.0 467.0
WheatHead 857.0 196.0 969.0 304.0
WheatHead 700.0 276.0 759.0 389.0
WheatHead 688.0 456.0 771.0 559.0
WheatHead 770.0 481.0 860.0 558.0
WheatHead 805.0 612.0 873.0 692.0
WheatHead 739.0 739.0 851.0 845.0
WheatHead 647.0 399.0 738.0 451.0
WheatHead 110.0 247.0 203.0 330.0
WheatHead 501.0 394.0 564.0 465.0
WheatHead 432.0 413.0 515.0 482.0
WheatHead 128.0 555.0 203.0 626.0
WheatHead 300.0 487.0 368.0 549.0
WheatHead 0.0 40.0 66.0 147.0
WheatHead 802.0 69.0 871.0 126.0
WheatHead 685.0 9.0 767.0 81.0
WheatHead 151.0 360.0 248.0 414.0
WheatHead 335.0 450.0 423.0 492.0
WheatHead 363.0 714.0 438.0 813.0
WheatHead 342.0 712.0 462.0 789.0
WheatHead 629.0 980.0 717.0 1024.0
WheatHead 649.0 462.0 706.0 518.0
