WheatHead 88.0 228.0 151.0 309.0
WheatHead 10.0 230.0 68.0 345.0
WheatHead 424.0 210.0 477.0 322.0
WheatHead 368.0 532.0 410.0 617.0
WheatHead 480.0 124.0 550.0 215.0
WheatHead 791.0 603.0 845.0 686.0
WheatHead 546.0 670.0 602.0 752.0
WheatHead 947.0 54.0 1000.0 181.0
WheatHead 420.0 96.0 469.0 180.0
WheatHead 94.0 103.0 151.0 211.0
WheatHead 51.0 393.0 126.0 458.0
WheatHead 203.0 222.0 267.0 301.0
WheatHead 757.0 106.0 812.0 200.0
WheatHead 558.0 798.0 619.0 872.0
WheatHead 232.0 188.0 286.0 260.0
WheatHead 178.0 383.0 223.0 480.0
WheatHead 793.0 780.0 837.0 846.0
WheatHead 496.0 809.0 548.0 906.0
WheatHead 232.0 770.0 274.0 861.0
WheatHead 980.0 253.0 1006.0 356.0
WheatHead 148.0 456.0 229.0 546.0
WheatHead 826.0 330.0 854.0 402.0
WheatHead 1.0 839.0 62.0 907.0
WheatHead 552.0 847.0 585.0 947.0
WheatHead 245.0 419.0 294.0 525.0
WheatHead 907.0 234.0 942.0 330.0
WheatHead 158.0 913.0 238.0 978.0
WheatHead 669.0 103.0 715.0 203.0
WheatHead 868.0 476.0 928.0 586.0
WheatHead 733.0 681.0 792.0 776.0
WheatHead 989.0 47.0 1024.0 140.0
WheatHead 188.0 279.0 256.0 370.0
WheatHead 244.0 854.0 305.0 922.0
WheatHead 129.0 690.0 174.0 774.0
WheatHead 644.0 685.0 685.0 805.0
WheatHead 781.0 234.0 834.0 338.0
WheatHead 834.0 737.0 873.0 813.0
WheatHead 561.0 490.0 602.0 569.0
WheatHead 0.0 933.0 57.0 989.0
WheatHead 162.0 195.0 222.0 293.0
WheatHead 981.0 427.0 1006.0 520.0
WheatHead 928.0 683.0 1002.0 748.0
WheatHead 885.0 950.0 927.0 1024.0
WheatHead 577.0 490.0 637.0 548.0
WheatHead 166.0 506.0 207.0 589.0
WheatHead 296.0 644.0 353.0 744.0
WheatHead 691.0 339.0 736.0 429.0
WheatHead 591.0 158.0 673.0 262.0
WheatHead 308.0 1.0 340.0 50.0
WheatHead 981.0 929.0 1013.0 1018.0
WheatHead 729.0 157.0 770.0 247.0
WheatHead 449.0 0.0 476.0 38.0
WheatHead 796.0 510.0 839.0 608.0
WheatHead 819.0 587.0 873.0 658.0
WheatHead 364.0 163.0 419.0 251.0
WheatHead 288.0 996.0 385.0 1024.0
WheatHead 454.0 753.0 527.0 810.0
WheatHead 87.0 319.0 137.0 379.0
WheatHead 464.0 801.0 512.0 866.0
WheatHead 132.0 872.0 207.0 920.0
WheatHead 593.0 121.0 643.0 203.0
WheatHead 623.0 981.0 653.0 1024.0
WheatHead 595.0 699.0 647.0 767.0
WheatHead 207.0 488.0 281.0 542.0
WheatHead 933.0 728.0 1010.0 838.0
WheatHead 914.0 747.0 980.0 853.0
WheatHead 409.0 730.0 458.0 784.0
WheatHead 373.0 712.0 445.0 805.0
