WheatHead 948.0 0.0 1024.0 29.0
WheatHead 0.0 0.0 69.0 39.0
WheatHead 0.0 43.0 99.0 160.0
WheatHead 247.0 0.0 335.0 112.0
WheatHead 256.0 160.0 368.0 241.0
WheatHead 183.0 203.0 274.0 311.0
WheatHead 96.0 316.0 184.0 384.0
WheatHead 132.0 389.0 233.0 521.0
WheatHead 466.0 332.0 598.0 490.0
WheatHead 543.0 305.0 654.0 382.0
WheatHead 572.0 385.0 674.0 459.0
WheatHead 433.0 184.0 536.0 301.0
WheatHead 477.0 35.0 547.0 123.0
WheatHead 617.0 152.0 688.0 230.0
WheatHead 652.0 144.0 776.0 234.0
WheatHead 708.0 42.0 780.0 175.0
WheatHead 822.0 54.0 892.0 180.0
WheatHead 804.0 228.0 884.0 375.0
WheatHead 857.0 236.0 935.0 384.0
WheatHead 802.0 0.0 868.0 27.0
WheatHead 958.0 147.0 1024.0 278.0
WheatHead 187.0 603.0 270.0 733.0
WheatHead 109.0 745.0 176.0 840.0
WheatHead 227.0 824.0 321.0 907.0
WheatHead 341.0 758.0 431.0 924.0
WheatHead 324.0 907.0 368.0 972.0
WheatHead 469.0 830.0 531.0 924.0
WheatHead 497.0 810.0 591.0 918.0
WheatHead 743.0 601.0 861.0 725.0
WheatHead 887.0 630.0 1004.0 760.0
WheatHead 941.0 466.0 1024.0 539.0
WheatHead 914.0 954.0 989.0 1024.0
WheatHead 0.0 233.0 48.0 344.0
WheatHead 617.0 954.0 781.0 1024.0
