WheatHead 721.0 875.0 821.0 942.0
WheatHead 970.0 458.0 1024.0 529.0
WheatHead 706.0 947.0 783.0 1000.0
WheatHead 611.0 322.0 680.0 399.0
WheatHead 596.0 450.0 657.0 509.0
WheatHead 724.0 409.0 801.0 476.0
WheatHead 626.0 529.0 683.0 583.0
WheatHead 76.0 483.0 148.0 563.0
WheatHead 952.0 733.0 1024.0 842.0
WheatHead 798.0 376.0 883.0 512.0
WheatHead 821.0 201.0 904.0 325.0
WheatHead 729.0 197.0 819.0 299.0
WheatHead 832.0 602.0 902.0 671.0
WheatHead 698.0 2.0 765.0 87.0
WheatHead 893.0 74.0 954.0 143.0
WheatHead 1021.0 2.0 1024.0 84.0
WheatHead 120.0 61.0 171.0 133.0
WheatHead 908.0 414.0 990.0 535.0
WheatHead 932.0 974.0 1013.0 1023.0
