WheatHead 291.0 127.0 414.0 266.0
WheatHead 377.0 342.0 452.0 402.0
WheatHead 434.0 286.0 527.0 365.0
WheatHead 580.0 213.0 690.0 316.0
WheatHead 0.0 372.0 79.0 518.0
WheatHead 116.0 359.0 254.0 515.0
WheatHead 160.0 299.0 225.0 372.0
WheatHead 118.0 146.0 183.0 250.0
WheatHead 187.0 178.0 240.0 249.0
WheatHead 18.0 126.0 104.0 213.0
WheatHead 0.0 985.0 73.0 1024.0
WheatHead 0.0 904.0 59.0 959.0
WheatHead 262.0 859.0 333.0 982.0
WheatHead 326.0 963.0 391.0 1024.0
WheatHead 500.0 927.0 549.0 1024.0
WheatHead 395.0 683.0 481.0 806.0
WheatHead 546.0 803.0 616.0 863.0
WheatHead 0.0 610.0 53.0 692.0
WheatHead 210.0 565.0 273.0 687.0
WheatHead 164.0 697.0 235.0 773.0
WheatHead 281.0 619.0 367.0 752.0
WheatHead 716.0 860.0 778.0 1024.0
WheatHead 907.0 740.0 978.0 834.0
WheatHead 914.0 514.0 980.0 680.0
WheatHead 785.0 609.0 897.0 714.0
WheatHead 759.0 740.0 874.0 836.0
WheatHead 342.0 406.0 414.0 458.0
WheatHead 302.0 468.0 382.0 548.0
WheatHead 351.0 571.0 423.0 681.0
WheatHead 306.0 519.0 395.0 627.0
WheatHead 477.0 441.0 538.0 564.0
WheatHead 507.0 518.0 561.0 623.0
WheatHead 545.0 499.0 597.0 598.0
WheatHead 616.0 490.0 688.0 647.0
WheatHead 643.0 449.0 718.0 556.0
WheatHead 651.0 347.0 773.0 432.0
WheatHead 585.0 133.0 684.0 201.0
WheatHead 440.0 139.0 497.0 272.0
WheatHead 460.0 34.0 519.0 149.0
WheatHead 85.0 0.0 201.0 100.0
WheatHead 213.0 11.0 365.0 138.0
WheatHead 417.0 0.0 479.0 97.0
WheatHead 642.0 0.0 712.0 103.0
WheatHead 744.0 29.0 822.0 221.0
WheatHead 829.0 59.0 907.0 246.0
WheatHead 963.0 123.0 1024.0 237.0
WheatHead 722.0 0.0 803.0 108.0
WheatHead 567.0 532.0 639.0 580.0
WheatHead 585.0 598.0 625.0 642.0
