WheatHead 0.0 317.0 51.0 390.0
WheatHead 8.0 530.0 73.0 680.0
WheatHead 191.0 643.0 254.0 721.0
WheatHead 63.0 550.0 174.0 617.0
WheatHead 316.0 550.0 388.0 643.0
WheatHead 484.0 571.0 615.0 658.0
WheatHead 425.0 471.0 496.0 567.0
WheatHead 367.0 322.0 493.0 385.0
WheatHead 433.0 29.0 545.0 160.0
WheatHead 567.0 116.0 639.0 206.0
WheatHead 621.0 56.0 714.0 164.0
WheatHead 770.0 168.0 849.0 303.0
WheatHead 826.0 247.0 930.0 378.0
WheatHead 714.0 493.0 807.0 653.0
WheatHead 746.0 621.0 875.0 695.0
WheatHead 793.0 672.0 874.0 762.0
WheatHead 849.0 505.0 955.0 676.0
WheatHead 920.0 634.0 991.0 706.0
WheatHead 752.0 788.0 851.0 860.0
WheatHead 781.0 845.0 858.0 893.0
WheatHead 743.0 845.0 879.0 1011.0
WheatHead 852.0 864.0 940.0 944.0
WheatHead 851.0 0.0 919.0 40.0
WheatHead 885.0 0.0 1016.0 45.0
WheatHead 467.0 975.0 535.0 1024.0
WheatHead 564.0 903.0 729.0 1024.0
WheatHead 613.0 836.0 677.0 900.0
WheatHead 646.0 948.0 720.0 1024.0
WheatHead 361.0 748.0 441.0 944.0
WheatHead 384.0 930.0 471.0 1024.0
WheatHead 249.0 798.0 391.0 884.0
WheatHead 198.0 828.0 295.0 893.0
WheatHead 310.0 731.0 361.0 781.0
WheatHead 38.0 811.0 123.0 923.0
WheatHead 0.0 997.0 108.0 1024.0
WheatHead 0.0 922.0 64.0 989.0
WheatHead 129.0 174.0 216.0 253.0
WheatHead 101.0 201.0 202.0 321.0
WheatHead 200.0 287.0 258.0 332.0
WheatHead 30.0 206.0 93.0 253.0
WheatHead 0.0 52.0 55.0 164.0
WheatHead 27.0 0.0 94.0 133.0
WheatHead 70.0 58.0 135.0 153.0
WheatHead 983.0 779.0 1024.0 824.0
WheatHead 9.0 454.0 60.0 527.0
WheatHead 36.0 695.0 137.0 764.0
WheatHead 0.0 879.0 26.0 941.0
WheatHead 82.0 890.0 181.0 939.0
WheatHead 278.0 238.0 371.0 429.0
WheatHead 328.0 258.0 393.0 309.0
WheatHead 777.0 347.0 839.0 401.0
WheatHead 0.0 331.0 32.0 474.0
