WheatHead 384.0 813.0 540.0 894.0
WheatHead 366.0 213.0 450.0 293.0
WheatHead 319.0 518.0 384.0 641.0
WheatHead 417.0 580.0 673.0 654.0
WheatHead 0.0 93.0 44.0 179.0
WheatHead 202.0 349.0 254.0 427.0
WheatHead 479.0 0.0 548.0 79.0
WheatHead 53.0 72.0 182.0 160.0
WheatHead 892.0 311.0 1006.0 426.0
WheatHead 419.0 638.0 624.0 720.0
WheatHead 949.0 788.0 1022.0 874.0
WheatHead 88.0 912.0 195.0 1013.0
WheatHead 40.0 458.0 177.0 571.0
WheatHead 236.0 388.0 296.0 441.0
WheatHead 882.0 663.0 992.0 810.0
WheatHead 0.0 276.0 150.0 365.0
WheatHead 373.0 175.0 459.0 249.0
WheatHead 367.0 126.0 463.0 185.0
WheatHead 730.0 707.0 854.0 871.0
WheatHead 528.0 809.0 669.0 891.0
WheatHead 858.0 788.0 1005.0 941.0
WheatHead 376.0 0.0 524.0 194.0
WheatHead 224.0 246.0 350.0 341.0
WheatHead 653.0 600.0 751.0 687.0
WheatHead 494.0 748.0 544.0 809.0
WheatHead 379.0 535.0 437.0 603.0
WheatHead 836.0 580.0 1002.0 724.0
WheatHead 826.0 480.0 972.0 659.0
WheatHead 865.0 440.0 969.0 507.0
WheatHead 952.0 420.0 1013.0 488.0
WheatHead 278.0 217.0 357.0 308.0
WheatHead 295.0 0.0 380.0 75.0
WheatHead 532.0 99.0 592.0 153.0
WheatHead 541.0 155.0 601.0 209.0
WheatHead 282.0 460.0 330.0 494.0
WheatHead 337.0 432.0 394.0 462.0
WheatHead 179.0 1.0 232.0 39.0
WheatHead 178.0 267.0 276.0 388.0
WheatHead 168.0 298.0 242.0 364.0
