WheatHead 124.0 1.0 198.0 85.0
WheatHead 234.0 67.0 310.0 138.0
WheatHead 188.0 104.0 256.0 157.0
WheatHead 344.0 0.0 422.0 93.0
WheatHead 340.0 80.0 453.0 148.0
WheatHead 322.0 114.0 387.0 182.0
WheatHead 317.0 190.0 377.0 251.0
WheatHead 89.0 345.0 181.0 424.0
WheatHead 165.0 551.0 229.0 618.0
WheatHead 121.0 649.0 190.0 714.0
WheatHead 64.0 603.0 140.0 676.0
WheatHead 17.0 629.0 85.0 700.0
WheatHead 307.0 510.0 385.0 604.0
WheatHead 377.0 536.0 435.0 601.0
WheatHead 270.0 601.0 356.0 665.0
WheatHead 487.0 426.0 581.0 512.0
WheatHead 434.0 435.0 487.0 524.0
WheatHead 389.0 420.0 451.0 512.0
WheatHead 628.0 390.0 689.0 467.0
WheatHead 619.0 579.0 707.0 644.0
WheatHead 499.0 571.0 576.0 627.0
WheatHead 549.0 594.0 617.0 662.0
WheatHead 504.0 687.0 572.0 756.0
WheatHead 486.0 618.0 544.0 669.0
WheatHead 806.0 699.0 873.0 760.0
WheatHead 935.0 636.0 998.0 714.0
WheatHead 925.0 397.0 1023.0 522.0
WheatHead 725.0 990.0 784.0 1024.0
WheatHead 914.0 6.0 1000.0 65.0
WheatHead 879.0 43.0 937.0 119.0
WheatHead 655.0 2.0 713.0 73.0
WheatHead 559.0 33.0 617.0 94.0
WheatHead 680.0 123.0 748.0 197.0
WheatHead 182.0 849.0 257.0 951.0
WheatHead 424.0 976.0 494.0 1024.0
WheatHead 814.0 604.0 904.0 668.0
WheatHead 166.0 397.0 220.0 471.0
WheatHead 399.0 381.0 478.0 449.0
WheatHead 725.0 151.0 800.0 219.0
WheatHead 559.0 96.0 615.0 152.0
WheatHead 546.0 0.0 588.0 17.0
WheatHead 517.0 0.0 573.0 44.0
WheatHead 295.0 488.0 351.0 537.0
WheatHead 998.0 885.0 1024.0 967.0
WheatHead 1005.0 22.0 1024.0 75.0
