WheatHead 326.0 131.0 443.0 191.0
WheatHead 356.0 5.0 442.0 87.0
WheatHead 181.0 20.0 299.0 140.0
WheatHead 830.0 894.0 905.0 976.0
WheatHead 542.0 158.0 628.0 218.0
WheatHead 484.0 909.0 605.0 979.0
WheatHead 30.0 65.0 146.0 130.0
WheatHead 555.0 226.0 645.0 303.0
WheatHead 23.0 451.0 111.0 503.0
WheatHead 628.0 27.0 684.0 113.0
WheatHead 263.0 320.0 375.0 484.0
WheatHead 277.0 223.0 469.0 314.0
WheatHead 954.0 232.0 1024.0 278.0
WheatHead 225.0 161.0 372.0 219.0
WheatHead 977.0 664.0 1024.0 704.0
WheatHead 704.0 841.0 789.0 899.0
WheatHead 520.0 844.0 658.0 907.0
WheatHead 234.0 2.0 365.0 46.0
WheatHead 253.0 27.0 335.0 107.0
WheatHead 405.0 804.0 488.0 854.0
WheatHead 117.0 546.0 206.0 591.0
WheatHead 0.0 1.0 113.0 32.0
WheatHead 1.0 582.0 96.0 656.0
WheatHead 621.0 601.0 818.0 666.0
WheatHead 787.0 864.0 941.0 903.0
WheatHead 910.0 305.0 1024.0 395.0
WheatHead 103.0 434.0 246.0 530.0
WheatHead 1.0 339.0 126.0 428.0
WheatHead 39.0 724.0 90.0 850.0
WheatHead 962.0 513.0 1024.0 563.0
WheatHead 170.0 345.0 232.0 391.0
WheatHead 99.0 815.0 177.0 883.0
WheatHead 2.0 947.0 143.0 1004.0
WheatHead 962.0 901.0 1024.0 929.0
WheatHead 608.0 985.0 638.0 1024.0
WheatHead 516.0 454.0 643.0 487.0
WheatHead 559.0 765.0 714.0 796.0
WheatHead 417.0 75.0 477.0 157.0
WheatHead 342.0 487.0 428.0 533.0
WheatHead 218.0 721.0 329.0 753.0
WheatHead 300.79998779296875 567.5 483.20001220703125 619.5
WheatHead 346.0 524.0 454.0 558.0
WheatHead 95.0 677.0 273.20001220703125 819.4000244140625
WheatHead 20.0 860.0 145.0 895.0
WheatHead 298.0 820.0 396.0 852.0
WheatHead 667.0 25.0 835.0 99.0
WheatHead 755.0 975.0 871.0 1007.0
WheatHead 959.0 918.0 1024.0 989.0
WheatHead 262.0 866.0 442.0 1024.0
WheatHead 846.0 786.0 961.0 823.0
WheatHead 375.0 124.0 436.0 166.0
WheatHead 580.0 480.0 743.0 521.0
WheatHead 255.0 877.0 401.0 920.0
WheatHead 225.0 375.0 258.0 439.0
WheatHead 180.0 469.0 359.0 507.0
WheatHead 569.0 64.0 667.0 143.0
WheatHead 0.0 210.0 121.0 252.0
WheatHead 646.0 535.0 842.0 664.0
WheatHead 730.0 0.0 811.0 16.0
WheatHead 0.0 704.0 42.0 783.0
WheatHead 311.0 653.0 550.0 793.0
WheatHead 947.0 481.0 1024.0 517.0
WheatHead 811.0 0.0 1010.0 122.0
WheatHead 790.0 736.0 989.0 783.0
WheatHead 640.0 923.0 689.0 954.0
WheatHead 505.0 473.0 610.0 517.0
WheatHead 600.0 506.0 684.0 533.0
WheatHead 465.0 298.0 633.0 334.0
WheatHead 195.0 583.0 274.0 611.0
WheatHead 0.0 518.0 91.0 560.0
WheatHead 976.0 972.0 1022.0 1004.0
WheatHead 122.0 791.0 192.0 828.0
WheatHead 231.0 183.0 298.0 214.0
