WheatHead 727.0 978.0 799.0 1024.0
WheatHead 612.0 869.0 670.0 918.0
WheatHead 582.0 879.0 631.0 919.0
WheatHead 694.0 848.0 738.0 888.0
WheatHead 653.0 884.0 728.0 955.0
WheatHead 721.0 901.0 779.0 980.0
WheatHead 678.0 802.0 748.0 847.0
WheatHead 751.0 763.0 800.0 827.0
WheatHead 565.0 730.0 613.0 789.0
WheatHead 710.0 575.0 763.0 683.0
WheatHead 529.0 437.0 600.0 516.0
WheatHead 771.0 459.0 825.0 510.0
WheatHead 865.0 585.0 929.0 647.0
WheatHead 840.0 648.0 890.0 707.0
WheatHead 879.0 408.0 967.0 463.0
WheatHead 944.0 414.0 986.0 477.0
WheatHead 843.0 360.0 997.0 404.0
WheatHead 803.0 377.0 877.0 430.0
WheatHead 695.0 389.0 751.0 442.0
WheatHead 795.0 314.0 851.0 389.0
WheatHead 817.0 264.0 891.0 360.0
WheatHead 891.0 207.0 937.0 335.0
WheatHead 927.0 284.0 984.0 347.0
WheatHead 937.0 124.0 993.0 226.0
WheatHead 986.0 168.0 1024.0 231.0
WheatHead 793.0 119.0 855.0 203.0
WheatHead 801.0 195.0 869.0 243.0
WheatHead 672.0 214.0 736.0 267.0
WheatHead 621.0 193.0 673.0 263.0
WheatHead 508.0 354.0 550.0 392.0
WheatHead 576.0 341.0 640.0 405.0
WheatHead 598.0 274.0 683.0 352.0
WheatHead 622.0 327.0 659.0 387.0
WheatHead 560.0 190.0 632.0 257.0
WheatHead 536.0 139.0 634.0 212.0
WheatHead 594.0 118.0 654.0 195.0
WheatHead 388.0 180.0 462.0 259.0
WheatHead 353.0 97.0 414.0 202.0
WheatHead 357.0 301.0 442.0 364.0
WheatHead 321.0 299.0 392.0 394.0
WheatHead 314.0 263.0 366.0 313.0
WheatHead 273.0 293.0 323.0 354.0
WheatHead 182.0 336.0 221.0 386.0
WheatHead 153.0 276.0 212.0 340.0
WheatHead 138.0 240.0 217.0 313.0
WheatHead 211.0 166.0 279.0 250.0
WheatHead 300.0 125.0 365.0 225.0
WheatHead 166.0 71.0 285.0 119.0
WheatHead 795.0 993.0 871.0 1024.0
WheatHead 923.0 987.0 985.0 1024.0
WheatHead 853.0 933.0 911.0 978.0
WheatHead 789.0 941.0 866.0 997.0
WheatHead 777.0 864.0 815.0 913.0
WheatHead 806.0 851.0 836.0 878.0
WheatHead 847.0 851.0 908.0 899.0
WheatHead 980.0 914.0 1024.0 1005.0
WheatHead 879.0 764.0 932.0 819.0
WheatHead 949.0 737.0 1008.0 809.0
WheatHead 724.0 865.0 768.0 920.0
WheatHead 263.0 382.0 323.0 436.0
WheatHead 186.0 388.0 263.0 449.0
WheatHead 146.0 387.0 200.0 444.0
WheatHead 26.0 266.0 59.0 326.0
WheatHead 762.0 1.0 854.0 76.0
WheatHead 0.0 609.0 88.0 670.0
WheatHead 129.0 658.0 198.0 738.0
WheatHead 0.0 746.0 69.0 821.0
WheatHead 0.0 817.0 45.0 861.0
WheatHead 174.0 807.0 246.0 890.0
WheatHead 190.0 749.0 238.0 787.0
WheatHead 323.0 636.0 377.0 756.0
WheatHead 0.0 128.0 38.0 194.0
WheatHead 209.0 78.0 256.0 145.0
WheatHead 584.0 8.0 651.0 49.0
WheatHead 714.0 17.0 775.0 73.0
WheatHead 691.0 0.0 741.0 36.0
WheatHead 955.0 304.0 1024.0 472.0
