WheatHead 0.0 527.0 58.0 604.0
WheatHead 45.0 369.0 158.0 465.0
WheatHead 3.0 941.0 160.0 1008.0
WheatHead 345.0 59.0 420.0 148.0
WheatHead 726.0 0.0 798.0 40.0
WheatHead 57.0 491.0 169.0 577.0
WheatHead 1017.0 77.0 1024.0 146.0
WheatHead 768.0 997.0 871.0 1024.0
WheatHead 751.0 160.0 821.0 226.0
WheatHead 210.0 344.0 281.0 457.0
WheatHead 471.0 60.0 612.0 164.0
WheatHead 620.0 931.0 718.0 990.0
WheatHead 468.0 592.0 652.0 685.0
WheatHead 498.0 535.0 621.0 618.0
WheatHead 764.0 535.0 877.0 635.0
WheatHead 269.0 374.0 352.0 496.0
WheatHead 661.0 18.0 766.0 82.0
WheatHead 711.0 91.0 799.0 157.0
WheatHead 828.0 202.0 918.0 295.0
WheatHead 619.0 151.0 709.0 234.0
WheatHead 639.0 243.0 795.0 323.0
WheatHead 559.0 333.0 682.0 423.0
WheatHead 512.0 677.0 631.0 770.0
WheatHead 930.0 812.0 1001.0 876.0
WheatHead 715.0 892.0 825.0 964.0
WheatHead 834.0 894.0 904.0 991.0
WheatHead 820.0 852.0 899.0 912.0
WheatHead 0.0 629.0 70.0 691.0
WheatHead 0.0 168.0 96.0 262.0
WheatHead 120.0 90.0 212.0 160.0
WheatHead 43.0 17.0 167.0 103.0
WheatHead 0.0 0.0 67.0 66.0
WheatHead 710.0 300.0 770.0 387.0
WheatHead 490.0 116.0 638.0 227.0
WheatHead 171.0 382.0 224.0 465.0
WheatHead 0.0 762.0 75.0 840.0
WheatHead 841.0 100.0 881.0 152.0
