WheatHead 339.0 41.0 425.0 120.0
WheatHead 913.0 78.0 1024.0 153.0
WheatHead 533.0 7.0 595.0 82.0
WheatHead 451.0 154.0 537.0 198.0
WheatHead 456.0 185.0 505.0 249.0
WheatHead 512.0 253.0 609.0 317.0
WheatHead 504.0 342.0 583.0 399.0
WheatHead 314.0 198.0 395.0 253.0
WheatHead 675.0 51.0 783.0 193.0
WheatHead 796.0 97.0 944.0 169.0
WheatHead 838.0 31.0 1024.0 92.0
WheatHead 897.0 0.0 970.0 45.0
WheatHead 832.0 234.0 885.0 339.0
WheatHead 834.0 239.0 920.0 299.0
WheatHead 900.0 361.0 1024.0 434.0
WheatHead 82.0 494.0 175.0 572.0
WheatHead 178.0 456.0 249.0 533.0
WheatHead 279.0 451.0 342.0 541.0
WheatHead 340.0 421.0 443.0 485.0
WheatHead 238.0 306.0 332.0 367.0
WheatHead 201.0 216.0 301.0 284.0
WheatHead 74.0 302.0 146.0 370.0
WheatHead 163.0 339.0 250.0 415.0
WheatHead 228.0 391.0 310.0 449.0
WheatHead 15.0 262.0 81.0 324.0
WheatHead 12.0 350.0 94.0 407.0
WheatHead 14.0 183.0 70.0 236.0
WheatHead 923.0 591.0 1016.0 675.0
WheatHead 691.0 649.0 815.0 742.0
WheatHead 855.0 765.0 975.0 848.0
WheatHead 862.0 869.0 942.0 959.0
WheatHead 918.0 840.0 993.0 901.0
WheatHead 735.0 829.0 810.0 893.0
WheatHead 530.0 692.0 601.0 791.0
WheatHead 389.0 666.0 482.0 725.0
WheatHead 268.0 717.0 385.0 802.0
WheatHead 183.0 702.0 318.0 770.0
WheatHead 16.0 661.0 118.0 748.0
WheatHead 1.0 706.0 46.0 788.0
WheatHead 82.0 843.0 153.0 912.0
WheatHead 64.0 757.0 154.0 830.0
WheatHead 159.0 877.0 249.0 963.0
WheatHead 238.0 858.0 316.0 960.0
WheatHead 340.0 926.0 485.0 1024.0
WheatHead 321.0 968.0 408.0 1024.0
WheatHead 0.0 967.0 105.0 1024.0
WheatHead 714.0 948.0 813.0 1017.0
WheatHead 535.0 916.0 647.0 986.0
WheatHead 464.0 822.0 529.0 899.0
WheatHead 557.0 841.0 634.0 908.0
WheatHead 413.0 915.0 493.0 964.0
WheatHead 441.0 748.0 529.0 826.0
WheatHead 414.0 497.0 474.0 574.0
