WheatHead 435.0 563.0 509.0 645.0
WheatHead 343.0 604.0 418.0 675.0
WheatHead 554.0 536.0 645.0 608.0
WheatHead 637.0 131.0 714.0 229.0
WheatHead 858.0 628.0 903.0 715.0
WheatHead 182.0 101.0 238.0 202.0
WheatHead 558.0 582.0 644.0 651.0
WheatHead 427.0 468.0 520.0 587.0
WheatHead 868.0 427.0 914.0 539.0
WheatHead 180.0 599.0 258.0 674.0
WheatHead 132.0 498.0 272.0 586.0
WheatHead 647.0 458.0 723.0 546.0
WheatHead 947.0 177.0 1007.0 262.0
WheatHead 0.0 845.0 32.0 906.0
WheatHead 785.0 114.0 831.0 256.0
WheatHead 767.0 484.0 812.0 558.0
WheatHead 780.0 561.0 830.0 632.0
WheatHead 50.0 425.0 142.0 554.0
WheatHead 969.0 870.0 1024.0 946.0
WheatHead 151.0 914.0 259.0 970.0
WheatHead 0.0 169.0 31.0 259.0
WheatHead 610.0 529.0 671.0 597.0
WheatHead 760.0 742.0 864.0 875.0
WheatHead 314.0 453.0 366.0 533.0
WheatHead 940.0 447.0 991.0 552.0
WheatHead 265.0 424.0 306.0 510.0
WheatHead 410.0 981.0 436.0 1024.0
WheatHead 13.0 787.0 76.0 853.0
WheatHead 577.0 447.0 640.0 518.0
WheatHead 720.0 18.0 765.0 147.0
WheatHead 188.0 978.0 272.0 1024.0
WheatHead 292.0 555.0 337.0 622.0
WheatHead 51.0 930.0 120.0 966.0
WheatHead 344.0 417.0 406.0 469.0
WheatHead 324.0 527.0 367.0 587.0
WheatHead 613.0 200.0 660.0 268.0
WheatHead 907.0 6.0 951.0 70.0
WheatHead 770.0 623.0 801.0 674.0
WheatHead 472.0 743.0 532.0 795.0
WheatHead 639.0 695.0 683.0 741.0
WheatHead 457.0 1.0 501.0 27.0
WheatHead 1004.0 512.0 1024.0 556.0
WheatHead 909.0 976.0 981.0 1024.0
WheatHead 171.0 3.0 222.0 30.0
WheatHead 404.0 280.0 469.0 316.0
WheatHead 694.0 403.0 744.0 453.0
