WheatHead 321.0 145.0 403.0 239.0
WheatHead 737.0 502.0 826.0 572.0
WheatHead 563.0 154.0 659.0 249.0
WheatHead 983.0 293.0 1024.0 379.0
WheatHead 0.0 912.0 79.0 974.0
WheatHead 0.0 184.0 100.0 247.0
WheatHead 118.0 294.0 231.0 376.0
WheatHead 1.0 368.0 122.0 437.0
WheatHead 0.0 501.0 93.0 606.0
WheatHead 278.0 323.0 361.0 383.0
WheatHead 876.0 116.0 970.0 231.0
WheatHead 158.0 667.0 235.0 747.0
WheatHead 943.0 356.0 1024.0 454.0
WheatHead 876.0 527.0 969.0 614.0
WheatHead 319.0 674.0 462.0 766.0
WheatHead 763.0 404.0 850.0 479.0
WheatHead 491.0 260.0 552.0 348.0
WheatHead 113.0 215.0 181.0 292.0
WheatHead 940.0 420.0 1023.0 500.0
WheatHead 772.0 677.0 929.0 785.0
WheatHead 724.0 36.0 828.0 116.0
WheatHead 847.0 689.0 931.0 751.0
WheatHead 737.0 431.0 815.0 492.0
WheatHead 193.0 304.0 300.0 384.0
WheatHead 1.0 2.0 72.0 69.0
WheatHead 669.0 943.0 763.0 990.0
WheatHead 419.0 47.0 511.0 103.0
WheatHead 411.0 422.0 527.0 481.0
WheatHead 64.0 318.0 138.0 367.0
WheatHead 143.0 898.0 258.0 981.0
WheatHead 46.0 917.0 147.0 962.0
WheatHead 297.0 656.0 416.0 710.0
WheatHead 965.0 0.0 1008.0 55.0
WheatHead 850.0 330.0 948.0 416.0
WheatHead 662.0 897.0 763.0 954.0
WheatHead 782.0 363.0 868.0 422.0
WheatHead 718.0 360.0 808.0 405.0
WheatHead 947.0 251.0 989.0 331.0
WheatHead 113.0 439.0 233.0 499.0
WheatHead 552.0 251.0 663.0 323.0
WheatHead 827.0 262.0 883.0 349.0
WheatHead 398.0 0.0 457.0 38.0
WheatHead 338.0 373.0 421.0 424.0
WheatHead 666.0 807.0 732.0 852.0
WheatHead 763.0 716.0 827.0 795.0
WheatHead 187.0 259.0 248.0 324.0
WheatHead 59.0 791.0 132.0 840.0
WheatHead 88.0 826.0 220.0 906.0
WheatHead 518.0 66.0 587.0 111.0
WheatHead 630.0 285.0 736.0 326.0
WheatHead 774.0 814.0 838.0 850.0
WheatHead 177.0 768.0 242.0 806.0
WheatHead 190.0 2.0 244.0 48.0
WheatHead 655.0 17.0 748.0 61.0
WheatHead 696.0 423.0 740.0 487.0
WheatHead 510.0 807.0 576.0 845.0
WheatHead 497.0 997.0 581.0 1022.0
WheatHead 156.0 952.0 243.0 1015.0
WheatHead 277.0 1000.0 330.0 1020.0
WheatHead 338.0 990.0 407.0 1018.0
WheatHead 228.0 935.0 421.0 1013.0
WheatHead 295.0 899.0 367.0 952.0
WheatHead 235.0 856.0 312.0 928.0
WheatHead 636.0 57.0 724.0 96.0
WheatHead 207.0 13.0 290.0 65.0
WheatHead 264.0 3.0 371.0 89.0
