WheatHead 163.0 9.0 281.0 67.0
WheatHead 230.0 94.0 314.0 153.0
WheatHead 377.0 15.0 512.0 108.0
WheatHead 366.0 157.0 454.0 251.0
WheatHead 128.0 240.0 269.0 344.0
WheatHead 53.0 374.0 167.0 502.0
WheatHead 0.0 338.0 39.0 425.0
WheatHead 37.0 500.0 108.0 582.0
WheatHead 195.0 444.0 342.0 539.0
WheatHead 336.0 338.0 429.0 484.0
WheatHead 514.0 269.0 633.0 358.0
WheatHead 541.0 116.0 637.0 238.0
WheatHead 709.0 165.0 826.0 283.0
WheatHead 702.0 21.0 763.0 90.0
WheatHead 533.0 388.0 616.0 474.0
WheatHead 453.0 460.0 512.0 531.0
WheatHead 482.0 559.0 570.0 657.0
WheatHead 183.0 561.0 295.0 681.0
WheatHead 0.0 667.0 70.0 772.0
WheatHead 188.0 772.0 277.0 884.0
WheatHead 244.0 705.0 316.0 791.0
WheatHead 425.0 718.0 512.0 842.0
WheatHead 655.0 791.0 736.0 876.0
WheatHead 763.0 525.0 833.0 624.0
WheatHead 807.0 421.0 913.0 502.0
WheatHead 0.0 929.0 92.0 1024.0
WheatHead 370.0 929.0 476.0 1024.0
WheatHead 633.0 1000.0 728.0 1024.0
WheatHead 819.0 760.0 917.0 868.0
WheatHead 878.0 567.0 970.0 649.0
WheatHead 996.0 626.0 1024.0 714.0
WheatHead 956.0 803.0 1024.0 909.0
WheatHead 958.0 976.0 1024.0 1024.0
WheatHead 961.0 206.0 1024.0 333.0
WheatHead 841.0 112.0 1006.0 215.0
WheatHead 577.0 674.0 647.0 742.0
