WheatHead 381.0 194.0 565.0 289.0
WheatHead 117.0 125.0 209.0 192.0
WheatHead 345.0 0.0 455.0 76.0
WheatHead 706.0 46.0 801.0 138.0
WheatHead 806.0 0.0 926.0 112.0
WheatHead 238.0 591.0 343.0 701.0
WheatHead 171.0 202.0 322.0 302.0
WheatHead 385.0 347.0 514.0 431.0
WheatHead 182.0 419.0 264.0 511.0
WheatHead 40.0 28.0 112.0 128.0
WheatHead 323.0 519.0 460.0 601.0
WheatHead 754.0 418.0 883.0 504.0
WheatHead 560.0 583.0 721.0 652.0
WheatHead 48.0 279.0 122.0 348.0
WheatHead 655.0 276.0 737.0 335.0
WheatHead 837.0 246.0 940.0 320.0
WheatHead 0.0 0.0 48.0 87.0
WheatHead 56.0 0.0 135.0 40.0
WheatHead 389.0 276.0 512.0 341.0
WheatHead 650.0 232.0 732.0 291.0
WheatHead 250.0 61.0 327.0 115.0
WheatHead 135.0 0.0 215.0 76.0
