WheatHead 113.0 0.0 201.0 41.0
WheatHead 880.0 0.0 988.0 116.0
WheatHead 719.0 31.0 796.0 113.0
WheatHead 635.0 39.0 733.0 120.0
WheatHead 556.0 32.0 618.0 98.0
WheatHead 453.0 0.0 520.0 62.0
WheatHead 248.0 92.0 332.0 188.0
WheatHead 69.0 214.0 163.0 292.0
WheatHead 153.0 265.0 234.0 339.0
WheatHead 45.0 308.0 112.0 448.0
WheatHead 311.0 251.0 384.0 332.0
WheatHead 384.0 294.0 435.0 359.0
WheatHead 442.0 190.0 580.0 251.0
WheatHead 453.0 157.0 510.0 204.0
WheatHead 644.0 303.0 709.0 378.0
WheatHead 658.0 380.0 766.0 614.0
WheatHead 590.0 446.0 658.0 567.0
WheatHead 484.0 482.0 580.0 615.0
WheatHead 713.0 172.0 870.0 274.0
WheatHead 935.0 180.0 999.0 239.0
WheatHead 951.0 223.0 1024.0 328.0
WheatHead 920.0 358.0 1008.0 439.0
WheatHead 945.0 559.0 1024.0 651.0
WheatHead 918.0 718.0 969.0 784.0
WheatHead 713.0 769.0 779.0 839.0
WheatHead 556.0 611.0 632.0 716.0
WheatHead 547.0 707.0 621.0 817.0
WheatHead 415.0 749.0 500.0 837.0
WheatHead 304.0 687.0 368.0 755.0
WheatHead 233.0 387.0 365.0 678.0
WheatHead 98.0 482.0 265.0 551.0
WheatHead 0.0 521.0 91.0 700.0
WheatHead 105.0 674.0 188.0 853.0
WheatHead 211.0 756.0 275.0 868.0
WheatHead 327.0 835.0 546.0 932.0
WheatHead 294.0 944.0 384.0 998.0
WheatHead 54.0 982.0 128.0 1020.0
WheatHead 0.0 972.0 56.0 1018.0
WheatHead 460.0 954.0 618.0 1024.0
WheatHead 746.0 976.0 813.0 1024.0
WheatHead 896.0 891.0 995.0 955.0
WheatHead 934.0 979.0 1013.0 1024.0
WheatHead 780.0 570.0 856.0 630.0
WheatHead 393.0 486.0 469.0 587.0
WheatHead 129.0 351.0 190.0 409.0
