WheatHead 273.0 58.0 339.0 157.0
WheatHead 255.0 644.0 307.0 733.0
WheatHead 439.0 948.0 499.0 1022.0
WheatHead 308.0 234.0 431.0 324.0
WheatHead 0.0 322.0 112.0 422.0
WheatHead 790.0 132.0 847.0 211.0
WheatHead 191.0 66.0 300.0 176.0
WheatHead 752.0 0.0 812.0 92.0
WheatHead 214.0 372.0 330.0 476.0
WheatHead 740.0 267.0 806.0 333.0
WheatHead 13.0 79.0 98.0 126.0
WheatHead 460.0 19.0 544.0 124.0
WheatHead 34.0 558.0 178.0 657.0
WheatHead 513.0 174.0 570.0 240.0
WheatHead 933.0 241.0 974.0 311.0
WheatHead 903.0 722.0 965.0 791.0
WheatHead 498.0 420.0 585.0 498.0
WheatHead 735.0 174.0 789.0 264.0
WheatHead 0.0 551.0 72.0 637.0
WheatHead 973.0 270.0 1019.0 378.0
WheatHead 532.0 567.0 622.0 606.0
WheatHead 8.0 111.0 120.0 193.0
WheatHead 128.0 77.0 223.0 172.0
WheatHead 23.0 795.0 103.0 832.0
WheatHead 957.0 746.0 1024.0 802.0
WheatHead 51.0 903.0 109.0 984.0
WheatHead 671.0 608.0 741.0 659.0
WheatHead 873.0 17.0 932.0 83.0
WheatHead 794.0 602.0 860.0 654.0
WheatHead 81.0 454.0 161.0 507.0
WheatHead 582.0 363.0 669.0 440.0
WheatHead 809.0 1.0 854.0 118.0
WheatHead 424.0 848.0 504.0 914.0
WheatHead 731.0 51.0 791.0 109.0
WheatHead 498.0 729.0 588.0 830.0
WheatHead 15.0 860.0 129.0 953.0
WheatHead 973.0 520.0 1024.0 580.0
WheatHead 338.0 812.0 402.0 864.0
WheatHead 86.0 0.0 135.0 46.0
WheatHead 319.0 51.0 391.0 84.0
WheatHead 325.20001220703125 530.7999877929688 446.29998779296875 587.4000244140625
WheatHead 730.0 682.0 832.0 722.0
WheatHead 715.0 427.0 783.0 518.0
WheatHead 259.0 965.0 349.0 1000.0
WheatHead 902.0 344.0 985.0 410.0
WheatHead 420.0 693.0 454.0 783.0
WheatHead 8.0 600.0 50.0 677.0
WheatHead 951.0 423.0 1024.0 503.0
WheatHead 613.0 465.0 716.0 494.0
WheatHead 1.0 46.0 64.0 68.0
WheatHead 0.0 160.0 89.0 204.0
WheatHead 907.0 559.0 1004.0 608.0
WheatHead 217.0 129.0 292.0 217.0
WheatHead 239.0 556.0 308.0 608.0
WheatHead 860.0 622.0 929.0 664.0
WheatHead 320.0 415.0 386.0 491.0
WheatHead 92.0 779.0 198.0 831.0
WheatHead 165.0 976.0 253.0 993.0
WheatHead 933.0 894.0 997.0 942.0
WheatHead 0.0 989.0 32.0 1024.0
WheatHead 793.0 506.0 831.0 555.0
WheatHead 515.0 582.0 577.0 639.0
WheatHead 947.0 247.0 987.0 319.0
WheatHead 643.0 0.0 681.0 17.0
WheatHead 132.0 927.0 203.0 964.0
WheatHead 0.0 385.0 38.0 451.0
WheatHead 29.0 730.0 103.0 794.0
