WheatHead 84.0 0.0 248.0 23.0
WheatHead 919.0 698.0 1024.0 814.0
WheatHead 135.0 38.0 258.0 171.0
WheatHead 619.0 394.0 696.0 478.0
WheatHead 468.0 0.0 665.0 15.0
WheatHead 94.0 680.0 215.0 770.0
WheatHead 74.0 271.0 189.0 350.0
WheatHead 773.0 737.0 888.0 860.0
WheatHead 911.0 69.0 993.0 153.0
WheatHead 552.0 678.0 688.0 778.0
WheatHead 209.0 465.0 307.0 558.0
WheatHead 908.0 826.0 1016.0 962.0
WheatHead 230.0 401.0 302.0 481.0
WheatHead 419.0 314.0 698.0 419.0
WheatHead 842.0 491.0 949.0 601.0
WheatHead 975.0 235.0 1024.0 335.0
WheatHead 230.0 791.0 432.0 921.0
WheatHead 94.0 857.0 256.0 942.0
WheatHead 271.0 0.0 366.0 130.0
WheatHead 814.0 128.0 947.0 245.0
WheatHead 650.0 499.0 714.0 545.0
WheatHead 821.0 289.0 893.0 348.0
WheatHead 619.0 156.0 693.0 322.0
WheatHead 686.0 220.0 768.0 396.0
WheatHead 348.0 120.0 419.0 217.0
WheatHead 755.0 852.0 906.0 934.0
WheatHead 634.0 586.0 770.0 706.0
WheatHead 245.0 811.0 460.0 896.0
WheatHead 645.0 552.0 847.0 647.0
WheatHead 386.0 330.0 483.0 545.0
WheatHead 734.0 184.0 898.0 279.0
WheatHead 20.0 696.0 99.0 1008.0
WheatHead 291.0 181.0 363.0 258.0
WheatHead 499.0 862.0 570.0 911.0
WheatHead 857.0 924.0 960.0 1024.0
WheatHead 429.0 970.0 513.0 1024.0
WheatHead 908.0 532.0 995.0 614.0
WheatHead 79.0 432.0 156.0 519.0
WheatHead 192.0 824.0 227.0 929.0
WheatHead 555.0 975.0 599.0 1024.0
WheatHead 916.0 852.0 1024.0 960.0
WheatHead 811.0 857.0 916.0 911.0
