WheatHead 122.0 192.0 204.0 275.0
WheatHead 829.0 10.0 944.0 140.0
WheatHead 494.0 348.0 552.0 396.0
WheatHead 804.0 563.0 895.0 648.0
WheatHead 688.0 153.0 775.0 232.0
WheatHead 570.0 289.0 647.0 376.0
WheatHead 48.0 783.0 151.0 888.0
WheatHead 23.0 783.0 87.0 832.0
WheatHead 593.0 2.0 716.0 110.0
WheatHead 666.0 454.0 738.0 523.0
WheatHead 665.0 893.0 762.0 980.0
WheatHead 739.0 7.0 839.0 94.0
WheatHead 721.0 826.0 793.0 911.0
WheatHead 576.0 664.0 683.0 765.0
WheatHead 676.0 737.0 729.0 787.0
WheatHead 268.0 0.0 365.0 62.0
WheatHead 778.0 725.0 839.0 763.0
WheatHead 703.0 676.0 755.0 717.0
