WheatHead 148.0 0.0 230.0 74.0
WheatHead 71.0 57.0 146.0 128.0
WheatHead 35.0 241.0 124.0 320.0
WheatHead 228.0 204.0 309.0 286.0
WheatHead 61.0 429.0 131.0 510.0
WheatHead 3.0 532.0 99.0 603.0
WheatHead 241.0 407.0 306.0 493.0
WheatHead 225.0 489.0 310.0 569.0
WheatHead 348.0 381.0 460.0 443.0
WheatHead 518.0 354.0 621.0 433.0
WheatHead 552.0 461.0 637.0 534.0
WheatHead 540.0 558.0 627.0 639.0
WheatHead 294.0 687.0 352.0 750.0
WheatHead 119.0 708.0 215.0 782.0
WheatHead 35.0 814.0 94.0 932.0
WheatHead 67.0 878.0 130.0 984.0
WheatHead 58.0 954.0 185.0 1024.0
WheatHead 2.0 992.0 63.0 1024.0
WheatHead 330.0 886.0 484.0 992.0
WheatHead 346.0 825.0 440.0 1011.0
WheatHead 403.0 741.0 495.0 819.0
WheatHead 305.0 785.0 397.0 843.0
WheatHead 695.0 677.0 794.0 780.0
WheatHead 656.0 603.0 749.0 724.0
WheatHead 612.0 875.0 686.0 946.0
WheatHead 584.0 943.0 652.0 1023.0
WheatHead 816.0 951.0 919.0 1023.0
WheatHead 673.0 243.0 744.0 380.0
WheatHead 545.0 150.0 616.0 218.0
WheatHead 808.0 152.0 874.0 217.0
WheatHead 420.0 33.0 484.0 113.0
WheatHead 500.0 4.0 579.0 77.0
WheatHead 569.0 19.0 667.0 92.0
WheatHead 932.0 143.0 1024.0 224.0
WheatHead 950.0 221.0 1017.0 296.0
WheatHead 885.0 291.0 962.0 378.0
WheatHead 978.0 381.0 1024.0 476.0
WheatHead 871.0 436.0 927.0 521.0
WheatHead 914.0 423.0 980.0 487.0
WheatHead 793.0 567.0 896.0 670.0
WheatHead 917.0 0.0 990.0 86.0
WheatHead 759.0 909.0 839.0 1003.0
WheatHead 573.0 209.0 640.0 264.0
WheatHead 457.0 776.0 528.0 849.0
WheatHead 1.0 786.0 110.0 853.0
WheatHead 176.0 678.0 254.0 737.0
WheatHead 403.0 481.0 474.0 553.0
WheatHead 732.0 563.0 797.0 608.0
WheatHead 663.0 582.0 733.0 647.0
WheatHead 540.0 728.0 587.0 770.0
WheatHead 973.0 12.0 1024.0 74.0
WheatHead 735.0 0.0 793.0 25.0
WheatHead 782.0 105.0 857.0 160.0
WheatHead 713.0 943.0 758.0 993.0
