WheatHead 22.0 183.0 104.0 296.0
WheatHead 89.0 40.0 195.0 149.0
WheatHead 152.0 154.0 277.0 287.0
WheatHead 286.0 99.0 352.0 234.0
WheatHead 384.0 37.0 463.0 186.0
WheatHead 486.0 90.0 537.0 239.0
WheatHead 737.0 118.0 833.0 227.0
WheatHead 626.0 0.0 736.0 97.0
WheatHead 587.0 130.0 642.0 228.0
WheatHead 524.0 130.0 615.0 253.0
WheatHead 860.0 185.0 1001.0 272.0
WheatHead 919.0 266.0 1024.0 335.0
WheatHead 33.0 382.0 133.0 503.0
WheatHead 209.0 388.0 309.0 490.0
WheatHead 402.0 329.0 445.0 389.0
WheatHead 463.0 321.0 523.0 378.0
WheatHead 464.0 384.0 542.0 426.0
WheatHead 571.0 376.0 673.0 456.0
WheatHead 661.0 337.0 755.0 388.0
WheatHead 798.0 396.0 900.0 470.0
WheatHead 878.0 384.0 946.0 504.0
WheatHead 695.0 456.0 776.0 527.0
WheatHead 937.0 567.0 1016.0 660.0
WheatHead 804.0 290.0 862.0 342.0
WheatHead 975.0 783.0 1024.0 855.0
WheatHead 656.0 904.0 725.0 980.0
WheatHead 594.0 818.0 660.0 885.0
WheatHead 606.0 748.0 680.0 826.0
WheatHead 396.0 697.0 479.0 773.0
WheatHead 403.0 758.0 482.0 804.0
WheatHead 515.0 591.0 605.0 695.0
WheatHead 544.0 656.0 623.0 707.0
WheatHead 387.0 565.0 448.0 681.0
WheatHead 313.0 516.0 380.0 639.0
WheatHead 393.0 452.0 436.0 529.0
WheatHead 443.0 481.0 493.0 589.0
WheatHead 488.0 531.0 563.0 586.0
WheatHead 0.0 661.0 71.0 701.0
WheatHead 200.0 687.0 320.0 769.0
WheatHead 79.0 623.0 172.0 692.0
WheatHead 56.0 669.0 135.0 724.0
WheatHead 45.0 733.0 119.0 798.0
WheatHead 53.0 800.0 114.0 911.0
WheatHead 0.0 773.0 51.0 843.0
WheatHead 211.0 269.0 271.0 345.0
WheatHead 715.0 363.0 786.0 418.0
