WheatHead 69.0 198.0 126.0 258.0
WheatHead 112.0 205.0 176.0 268.0
WheatHead 122.0 309.0 187.0 368.0
WheatHead 120.0 369.0 172.0 424.0
WheatHead 152.0 404.0 250.0 453.0
WheatHead 254.0 393.0 324.0 469.0
WheatHead 134.0 500.0 205.0 570.0
WheatHead 330.0 478.0 394.0 567.0
WheatHead 313.0 557.0 375.0 637.0
WheatHead 381.0 558.0 460.0 640.0
WheatHead 170.0 607.0 224.0 697.0
WheatHead 209.0 696.0 268.0 751.0
WheatHead 146.0 699.0 205.0 758.0
WheatHead 76.0 706.0 138.0 758.0
WheatHead 104.0 736.0 162.0 797.0
WheatHead 66.0 844.0 135.0 904.0
WheatHead 92.0 914.0 137.0 987.0
WheatHead 162.0 848.0 220.0 898.0
WheatHead 249.0 808.0 316.0 885.0
WheatHead 304.0 826.0 400.0 884.0
WheatHead 310.0 730.0 403.0 789.0
WheatHead 477.0 729.0 553.0 785.0
WheatHead 558.0 705.0 629.0 767.0
WheatHead 546.0 751.0 641.0 822.0
WheatHead 554.0 870.0 624.0 950.0
WheatHead 714.0 897.0 779.0 958.0
WheatHead 670.0 838.0 736.0 920.0
WheatHead 803.0 835.0 873.0 909.0
WheatHead 858.0 988.0 926.0 1024.0
WheatHead 235.0 140.0 291.0 199.0
WheatHead 367.0 104.0 431.0 167.0
WheatHead 364.0 167.0 422.0 246.0
WheatHead 401.0 155.0 459.0 228.0
WheatHead 931.0 926.0 1024.0 997.0
WheatHead 942.0 783.0 1001.0 845.0
WheatHead 893.0 769.0 942.0 830.0
WheatHead 905.0 828.0 978.0 909.0
WheatHead 703.0 688.0 782.0 756.0
WheatHead 819.0 699.0 879.0 761.0
WheatHead 523.0 571.0 588.0 648.0
WheatHead 614.0 516.0 690.0 611.0
WheatHead 657.0 501.0 735.0 569.0
WheatHead 574.0 403.0 674.0 477.0
WheatHead 653.0 440.0 711.0 504.0
WheatHead 552.0 318.0 636.0 390.0
WheatHead 676.0 300.0 747.0 363.0
WheatHead 756.0 387.0 848.0 434.0
WheatHead 817.0 272.0 908.0 349.0
WheatHead 880.0 431.0 950.0 493.0
WheatHead 635.0 220.0 715.0 292.0
WheatHead 543.0 181.0 672.0 284.0
WheatHead 969.0 478.0 1024.0 566.0
WheatHead 803.0 537.0 870.0 653.0
WheatHead 804.0 516.0 862.0 563.0
WheatHead 951.0 574.0 1020.0 655.0
WheatHead 843.0 660.0 937.0 733.0
WheatHead 909.0 658.0 983.0 752.0
WheatHead 988.0 650.0 1024.0 722.0
WheatHead 854.0 342.0 913.0 399.0
WheatHead 869.0 405.0 928.0 456.0
WheatHead 141.0 611.0 249.0 680.0
