WheatHead 417.0 970.0 529.0 1024.0
WheatHead 570.0 970.0 657.0 1024.0
WheatHead 381.0 578.0 483.0 673.0
WheatHead 547.0 486.0 637.0 609.0
WheatHead 465.0 138.0 537.0 204.0
WheatHead 97.0 409.0 197.0 506.0
WheatHead 561.0 48.0 645.0 148.0
WheatHead 627.0 360.0 765.0 473.0
WheatHead 386.0 250.0 475.0 366.0
WheatHead 330.0 806.0 448.0 893.0
WheatHead 340.0 494.0 437.0 568.0
WheatHead 156.0 240.0 256.0 381.0
WheatHead 729.0 819.0 852.0 878.0
WheatHead 440.0 17.0 519.0 97.0
WheatHead 723.0 722.0 866.0 806.0
WheatHead 373.0 2.0 468.0 53.0
WheatHead 447.0 263.0 487.0 335.0
WheatHead 2.0 680.0 48.0 793.0
WheatHead 775.0 629.0 865.0 706.0
WheatHead 0.0 260.0 38.0 364.0
