WheatHead 22.0 147.0 110.0 256.0
WheatHead 0.0 0.0 57.0 66.0
WheatHead 77.0 0.0 156.0 135.0
WheatHead 167.0 0.0 245.0 69.0
WheatHead 159.0 129.0 307.0 218.0
WheatHead 314.0 0.0 420.0 145.0
WheatHead 386.0 85.0 446.0 174.0
WheatHead 403.0 34.0 510.0 117.0
WheatHead 536.0 78.0 611.0 155.0
WheatHead 617.0 27.0 712.0 110.0
WheatHead 747.0 58.0 825.0 118.0
WheatHead 598.0 179.0 671.0 249.0
WheatHead 510.0 173.0 573.0 270.0
WheatHead 486.0 262.0 542.0 334.0
WheatHead 457.0 228.0 502.0 316.0
WheatHead 553.0 265.0 617.0 314.0
WheatHead 498.0 340.0 567.0 415.0
WheatHead 641.0 329.0 706.0 406.0
WheatHead 955.0 195.0 1024.0 265.0
WheatHead 908.0 0.0 962.0 58.0
WheatHead 0.0 716.0 33.0 811.0
WheatHead 19.0 758.0 94.0 867.0
WheatHead 97.0 968.0 164.0 1022.0
WheatHead 95.0 934.0 155.0 974.0
WheatHead 207.0 1006.0 287.0 1024.0
WheatHead 126.0 668.0 201.0 760.0
WheatHead 177.0 689.0 233.0 754.0
WheatHead 326.0 806.0 424.0 885.0
WheatHead 448.0 788.0 521.0 868.0
WheatHead 512.0 614.0 584.0 694.0
WheatHead 686.0 716.0 753.0 801.0
WheatHead 569.0 864.0 617.0 930.0
WheatHead 620.0 915.0 702.0 1008.0
WheatHead 790.0 780.0 861.0 831.0
WheatHead 813.0 685.0 879.0 778.0
WheatHead 870.0 709.0 954.0 763.0
WheatHead 870.0 763.0 965.0 834.0
WheatHead 460.0 864.0 522.0 920.0
WheatHead 249.0 441.0 308.0 503.0
WheatHead 0.0 320.0 46.0 374.0
WheatHead 573.0 568.0 619.0 663.0
