WheatHead 748.0 776.0 841.0 850.0
WheatHead 750.0 299.0 844.0 381.0
WheatHead 256.0 663.0 366.0 770.0
WheatHead 724.0 115.0 832.0 194.0
WheatHead 894.0 406.0 1003.0 488.0
WheatHead 347.0 336.0 467.0 418.0
WheatHead 409.0 770.0 517.0 870.0
WheatHead 366.0 742.0 448.0 806.0
WheatHead 99.0 12.0 181.0 71.0
WheatHead 793.0 188.0 924.0 291.0
WheatHead 2.0 860.0 110.0 934.0
WheatHead 778.0 25.0 900.0 120.0
WheatHead 112.0 522.0 204.0 634.0
WheatHead 207.0 614.0 317.0 734.0
WheatHead 741.0 417.0 835.0 463.0
WheatHead 762.0 898.0 862.0 970.0
WheatHead 319.0 512.0 452.0 596.0
WheatHead 839.0 721.0 939.0 811.0
WheatHead 616.0 386.0 707.0 465.0
WheatHead 609.0 232.0 711.0 327.0
WheatHead 143.0 250.0 232.0 337.0
WheatHead 120.0 197.0 204.0 273.0
WheatHead 957.0 297.0 1024.0 368.0
WheatHead 479.0 41.0 597.0 95.0
WheatHead 627.0 29.0 720.0 93.0
WheatHead 952.0 714.0 1024.0 785.0
