WheatHead 22.0 646.0 105.0 727.0
WheatHead 640.0 386.0 732.0 491.0
WheatHead 0.0 380.0 56.0 463.0
WheatHead 737.0 606.0 824.0 693.0
WheatHead 15.0 517.0 97.0 614.0
WheatHead 137.0 178.0 207.0 245.0
WheatHead 606.0 960.0 675.0 1024.0
WheatHead 20.0 176.0 89.0 296.0
WheatHead 957.0 148.0 1022.0 222.0
WheatHead 729.0 243.0 814.0 317.0
WheatHead 847.0 302.0 931.0 419.0
WheatHead 773.0 436.0 860.0 523.0
WheatHead 952.0 558.0 1024.0 663.0
WheatHead 32.0 896.0 115.0 967.0
WheatHead 855.0 599.0 926.0 688.0
WheatHead 629.0 893.0 760.0 972.0
WheatHead 513.0 332.0 597.0 463.0
WheatHead 970.0 890.0 1024.0 954.0
WheatHead 614.0 637.0 688.0 755.0
WheatHead 634.0 716.0 727.0 844.0
WheatHead 878.0 495.0 981.0 568.0
WheatHead 821.0 814.0 921.0 906.0
WheatHead 601.0 529.0 678.0 609.0
WheatHead 494.0 578.0 570.0 686.0
WheatHead 867.0 112.0 954.0 238.0
WheatHead 514.0 637.0 588.0 729.0
WheatHead 824.0 947.0 911.0 1018.0
WheatHead 824.0 197.0 903.0 309.0
WheatHead 605.0 15.0 659.0 147.0
WheatHead 819.0 890.0 911.0 967.0
WheatHead 271.0 773.0 341.0 858.0
WheatHead 201.0 576.0 269.0 666.0
WheatHead 277.0 369.0 350.0 483.0
WheatHead 199.0 275.0 274.0 370.0
WheatHead 424.0 890.0 491.0 971.0
WheatHead 461.0 192.0 525.0 284.0
WheatHead 772.0 692.0 840.0 756.0
WheatHead 958.0 947.0 1024.0 1004.0
WheatHead 0.0 199.0 34.0 299.0
