WheatHead 0.0 701.0 93.0 800.0
WheatHead 806.0 863.0 908.0 937.0
WheatHead 932.0 951.0 1011.0 1024.0
WheatHead 809.0 941.0 906.0 1015.0
WheatHead 974.0 859.0 1024.0 935.0
WheatHead 0.0 72.0 128.0 225.0
WheatHead 680.0 953.0 749.0 1024.0
WheatHead 148.0 710.0 254.0 813.0
WheatHead 877.0 20.0 953.0 116.0
WheatHead 913.0 324.0 1022.0 465.0
WheatHead 879.0 512.0 968.0 604.0
WheatHead 525.0 360.0 704.0 476.0
WheatHead 114.0 835.0 241.0 955.0
WheatHead 338.0 436.0 487.0 522.0
WheatHead 562.0 791.0 706.0 904.0
WheatHead 16.0 0.0 154.0 163.0
WheatHead 40.0 929.0 285.0 1013.0
WheatHead 792.0 568.0 888.0 721.0
WheatHead 219.0 287.0 304.0 394.0
WheatHead 76.0 333.0 193.0 453.0
WheatHead 636.0 495.0 746.0 598.0
WheatHead 232.0 572.0 359.0 679.0
WheatHead 430.0 566.0 510.0 699.0
WheatHead 265.0 474.0 376.0 547.0
WheatHead 935.0 813.0 981.0 883.0
WheatHead 723.0 641.0 819.0 696.0
WheatHead 692.0 679.0 772.0 733.0
WheatHead 775.0 719.0 812.0 766.0
WheatHead 882.0 724.0 930.0 772.0
WheatHead 888.0 782.0 925.0 845.0
WheatHead 943.0 760.0 1022.0 821.0
