WheatHead 144.0 335.0 231.0 406.0
WheatHead 345.0 407.0 459.0 478.0
WheatHead 542.0 393.0 619.0 448.0
WheatHead 772.0 376.0 873.0 456.0
WheatHead 893.0 403.0 970.0 477.0
WheatHead 821.0 210.0 950.0 281.0
WheatHead 694.0 288.0 761.0 365.0
WheatHead 647.0 419.0 716.0 479.0
WheatHead 706.0 520.0 803.0 604.0
WheatHead 687.0 425.0 808.0 537.0
WheatHead 747.0 574.0 892.0 671.0
WheatHead 606.0 676.0 714.0 752.0
WheatHead 672.0 806.0 762.0 866.0
WheatHead 864.0 905.0 985.0 993.0
WheatHead 539.0 669.0 602.0 758.0
WheatHead 586.0 589.0 649.0 651.0
WheatHead 464.0 523.0 545.0 612.0
WheatHead 403.0 608.0 478.0 676.0
WheatHead 397.0 684.0 473.0 744.0
WheatHead 271.0 673.0 343.0 728.0
WheatHead 321.0 724.0 397.0 819.0
WheatHead 475.0 769.0 579.0 847.0
WheatHead 594.0 806.0 668.0 871.0
WheatHead 619.0 877.0 694.0 950.0
WheatHead 542.0 934.0 623.0 985.0
WheatHead 888.0 657.0 970.0 731.0
WheatHead 296.0 959.0 389.0 1024.0
WheatHead 247.0 897.0 352.0 971.0
WheatHead 200.0 826.0 292.0 899.0
WheatHead 64.0 475.0 126.0 548.0
WheatHead 107.0 477.0 185.0 560.0
WheatHead 201.0 503.0 253.0 572.0
WheatHead 43.0 544.0 116.0 600.0
WheatHead 17.0 582.0 97.0 642.0
WheatHead 68.0 387.0 144.0 460.0
WheatHead 116.0 156.0 205.0 221.0
WheatHead 30.0 0.0 107.0 50.0
WheatHead 384.0 34.0 464.0 109.0
WheatHead 393.0 235.0 467.0 292.0
WheatHead 453.0 176.0 586.0 230.0
WheatHead 449.0 79.0 527.0 160.0
WheatHead 608.0 0.0 746.0 48.0
WheatHead 957.0 107.0 1024.0 181.0
WheatHead 776.0 154.0 860.0 220.0
WheatHead 462.0 890.0 526.0 952.0
WheatHead 22.0 328.0 89.0 382.0
WheatHead 277.0 808.0 318.0 868.0
WheatHead 25.0 665.0 105.0 730.0
