WheatHead 333.0 996.0 454.0 1024.0
WheatHead 145.0 954.0 216.0 1009.0
WheatHead 54.0 903.0 144.0 974.0
WheatHead 506.0 856.0 570.0 945.0
WheatHead 432.0 832.0 489.0 893.0
WheatHead 677.0 858.0 819.0 921.0
WheatHead 793.0 808.0 909.0 869.0
WheatHead 773.0 662.0 954.0 770.0
WheatHead 741.0 751.0 803.0 833.0
WheatHead 256.0 763.0 350.0 848.0
WheatHead 339.0 673.0 400.0 773.0
WheatHead 99.0 526.0 205.0 602.0
WheatHead 0.0 531.0 51.0 616.0
WheatHead 151.0 626.0 247.0 705.0
WheatHead 19.0 712.0 134.0 824.0
WheatHead 297.0 595.0 357.0 668.0
WheatHead 389.0 614.0 446.0 675.0
WheatHead 443.0 563.0 558.0 620.0
WheatHead 665.0 534.0 850.0 606.0
WheatHead 363.0 435.0 434.0 497.0
WheatHead 405.0 463.0 521.0 522.0
WheatHead 338.0 511.0 400.0 565.0
WheatHead 196.0 427.0 283.0 499.0
WheatHead 90.0 385.0 160.0 466.0
WheatHead 111.0 301.0 190.0 393.0
WheatHead 207.0 282.0 282.0 410.0
WheatHead 656.0 298.0 742.0 409.0
WheatHead 644.0 460.0 716.0 530.0
WheatHead 797.0 411.0 920.0 526.0
WheatHead 45.0 113.0 145.0 250.0
WheatHead 221.0 37.0 324.0 193.0
WheatHead 355.0 49.0 460.0 262.0
WheatHead 447.0 81.0 554.0 246.0
WheatHead 502.0 254.0 576.0 354.0
WheatHead 584.0 193.0 672.0 344.0
WheatHead 666.0 179.0 742.0 297.0
WheatHead 680.0 1.0 759.0 132.0
WheatHead 803.0 72.0 910.0 242.0
WheatHead 908.0 44.0 1024.0 212.0
WheatHead 959.0 258.0 1021.0 350.0
WheatHead 938.0 422.0 1024.0 477.0
WheatHead 924.0 596.0 999.0 661.0
WheatHead 895.0 490.0 971.0 563.0
WheatHead 563.0 631.0 637.0 685.0
WheatHead 218.0 547.0 282.0 614.0
WheatHead 416.0 889.0 475.0 939.0
WheatHead 625.0 828.0 680.0 881.0
WheatHead 640.0 876.0 684.0 937.0
WheatHead 378.0 517.0 462.0 576.0
WheatHead 373.0 386.0 458.0 447.0
WheatHead 422.0 325.0 498.0 387.0
WheatHead 84.0 676.0 147.0 763.0
WheatHead 712.0 391.0 762.0 455.0
WheatHead 833.0 557.0 900.0 595.0
WheatHead 842.0 999.0 945.0 1024.0
WheatHead 1006.0 871.0 1024.0 935.0
