WheatHead 0.0 280.0 71.0 362.0
WheatHead 87.0 37.0 178.0 112.0
WheatHead 42.0 510.0 128.0 587.0
WheatHead 95.0 773.0 204.0 846.0
WheatHead 89.0 638.0 163.0 736.0
WheatHead 105.0 589.0 172.0 645.0
WheatHead 193.0 665.0 270.0 756.0
WheatHead 251.0 794.0 327.0 859.0
WheatHead 198.0 846.0 274.0 913.0
WheatHead 191.0 964.0 265.0 1024.0
WheatHead 349.0 960.0 460.0 1024.0
WheatHead 522.0 899.0 583.0 967.0
WheatHead 495.0 768.0 618.0 848.0
WheatHead 502.0 632.0 593.0 739.0
WheatHead 705.0 661.0 773.0 726.0
WheatHead 640.0 833.0 730.0 909.0
WheatHead 326.0 599.0 445.0 671.0
WheatHead 382.0 723.0 470.0 803.0
WheatHead 622.0 972.0 722.0 1024.0
WheatHead 767.0 914.0 855.0 986.0
WheatHead 921.0 875.0 993.0 939.0
WheatHead 852.0 752.0 929.0 831.0
WheatHead 979.0 726.0 1024.0 797.0
WheatHead 792.0 338.0 881.0 409.0
WheatHead 553.0 335.0 653.0 414.0
WheatHead 871.0 179.0 948.0 263.0
WheatHead 726.0 173.0 791.0 304.0
WheatHead 590.0 115.0 676.0 184.0
WheatHead 307.0 190.0 423.0 334.0
WheatHead 720.0 1.0 857.0 83.0
WheatHead 457.0 23.0 535.0 101.0
WheatHead 336.0 6.0 407.0 62.0
WheatHead 202.0 447.0 262.0 515.0
WheatHead 768.0 39.0 870.0 94.0
WheatHead 667.0 0.0 717.0 28.0
WheatHead 577.0 0.0 629.0 28.0
WheatHead 271.0 0.0 306.0 18.0
WheatHead 472.0 104.0 522.0 153.0
WheatHead 320.0 109.0 367.0 159.0
WheatHead 156.0 113.0 204.0 154.0
WheatHead 0.0 859.0 24.0 912.0
WheatHead 58.0 730.0 115.0 784.0
WheatHead 621.0 806.0 674.0 869.0
WheatHead 993.0 806.0 1022.0 857.0
WheatHead 987.0 890.0 1023.0 963.0
WheatHead 244.0 753.0 299.0 804.0
