WheatHead 0.0 420.0 91.0 500.0
WheatHead 49.0 267.0 107.0 343.0
WheatHead 168.0 280.0 238.0 385.0
WheatHead 222.0 358.0 314.0 452.0
WheatHead 151.0 401.0 242.0 462.0
WheatHead 173.0 510.0 253.0 560.0
WheatHead 160.0 447.0 255.0 521.0
WheatHead 189.0 551.0 296.0 627.0
WheatHead 282.0 434.0 370.0 528.0
WheatHead 314.0 517.0 393.0 576.0
WheatHead 370.0 352.0 474.0 484.0
WheatHead 347.0 201.0 447.0 349.0
WheatHead 459.0 265.0 529.0 352.0
WheatHead 229.0 106.0 326.0 188.0
WheatHead 112.0 104.0 188.0 174.0
WheatHead 464.0 34.0 553.0 123.0
WheatHead 0.0 0.0 43.0 63.0
WheatHead 78.0 15.0 149.0 76.0
WheatHead 132.0 1.0 205.0 74.0
WheatHead 626.0 100.0 710.0 188.0
WheatHead 546.0 49.0 620.0 134.0
WheatHead 767.0 16.0 899.0 94.0
WheatHead 893.0 45.0 976.0 129.0
WheatHead 819.0 92.0 918.0 150.0
WheatHead 847.0 130.0 933.0 190.0
WheatHead 988.0 288.0 1024.0 363.0
WheatHead 478.0 402.0 542.0 470.0
WheatHead 540.0 408.0 622.0 477.0
WheatHead 497.0 458.0 572.0 542.0
WheatHead 633.0 498.0 746.0 557.0
WheatHead 629.0 550.0 744.0 603.0
WheatHead 644.0 616.0 706.0 669.0
WheatHead 853.0 524.0 925.0 599.0
WheatHead 852.0 582.0 925.0 652.0
WheatHead 836.0 429.0 942.0 519.0
WheatHead 950.0 863.0 1022.0 929.0
WheatHead 769.0 840.0 846.0 915.0
WheatHead 268.0 817.0 345.0 890.0
WheatHead 513.0 845.0 580.0 914.0
WheatHead 752.0 952.0 843.0 1021.0
WheatHead 676.0 981.0 806.0 1024.0
WheatHead 569.0 974.0 688.0 1024.0
WheatHead 611.0 882.0 693.0 979.0
WheatHead 284.0 984.0 362.0 1024.0
WheatHead 278.0 891.0 359.0 972.0
WheatHead 472.0 782.0 540.0 853.0
WheatHead 537.0 0.0 624.0 40.0
WheatHead 364.0 301.0 438.0 350.0
WheatHead 33.0 0.0 77.0 49.0
WheatHead 170.0 0.0 228.0 66.0
WheatHead 248.0 0.0 310.0 32.0
WheatHead 318.0 0.0 373.0 27.0
WheatHead 616.0 61.0 674.0 118.0
WheatHead 999.0 22.0 1024.0 78.0
WheatHead 597.0 878.0 703.0 941.0
WheatHead 992.0 448.0 1024.0 517.0
