WheatHead 558.0 466.0 689.0 610.0
WheatHead 37.0 584.0 173.0 675.0
WheatHead 787.0 219.0 918.0 405.0
WheatHead 289.0 597.0 459.0 790.0
WheatHead 249.0 266.0 439.0 342.0
WheatHead 680.0 580.0 867.0 650.0
WheatHead 166.0 205.0 289.0 322.0
WheatHead 508.0 0.0 686.0 56.0
WheatHead 468.0 609.0 622.0 687.0
WheatHead 306.0 471.0 473.0 642.0
WheatHead 511.0 85.0 624.0 252.0
WheatHead 791.0 822.0 928.0 921.0
WheatHead 132.0 332.0 286.0 466.0
WheatHead 166.0 566.0 375.0 686.0
WheatHead 748.0 420.0 815.0 555.0
WheatHead 485.0 283.0 651.0 420.0
WheatHead 339.0 988.0 498.0 1024.0
WheatHead 3.0 82.0 165.0 185.0
WheatHead 549.0 747.0 735.0 869.0
WheatHead 652.0 479.0 795.0 563.0
WheatHead 190.0 519.0 281.0 605.0
WheatHead 88.0 523.0 165.0 577.0
