WheatHead 191.0 333.0 238.0 431.0
WheatHead 584.0 929.0 673.0 1021.0
WheatHead 638.0 577.0 693.0 678.0
WheatHead 267.0 540.0 397.0 641.0
WheatHead 965.0 80.0 1006.0 213.0
WheatHead 729.0 659.0 787.0 744.0
WheatHead 121.0 182.0 170.0 345.0
WheatHead 674.0 771.0 705.0 839.0
WheatHead 0.0 309.0 60.0 402.0
WheatHead 855.0 532.0 924.0 590.0
WheatHead 614.0 198.0 669.0 335.0
WheatHead 54.0 19.0 118.0 103.0
WheatHead 709.0 662.0 748.0 759.0
WheatHead 817.0 640.0 853.0 727.0
WheatHead 664.0 968.0 728.0 1024.0
WheatHead 412.0 505.0 520.0 565.0
WheatHead 537.0 236.0 645.0 335.0
WheatHead 286.0 584.0 383.0 677.0
WheatHead 173.0 271.0 257.29998779296875 408.20001220703125
WheatHead 777.0 268.0 811.0 407.0
WheatHead 567.0 331.0 677.0 368.0
WheatHead 0.0 45.0 12.0 70.0
WheatHead 873.0 988.0 949.0 1024.0
WheatHead 767.0 664.0 823.0 722.0
WheatHead 540.0 0.0 583.0 73.0
WheatHead 767.0 588.0 813.0 673.0
WheatHead 670.0 9.0 729.0 79.0
WheatHead 991.0 985.0 1021.0 1024.0
WheatHead 593.0 367.0 621.0 460.0
WheatHead 720.0 285.0 763.0 342.0
WheatHead 762.0 584.0 794.0 679.0
WheatHead 834.0 1.0 864.0 31.0
WheatHead 693.0 86.0 724.0 154.0
WheatHead 613.0 363.0 664.0 439.0
WheatHead 679.0 379.0 744.0 421.0
WheatHead 282.0 977.0 308.0 1024.0
WheatHead 656.0 252.0 733.0 329.0
WheatHead 144.0 984.0 187.0 1024.0
WheatHead 547.0 483.0 602.0 527.0
WheatHead 1003.0 468.0 1024.0 520.0
WheatHead 391.0 351.0 568.0 438.0
WheatHead 480.0 217.0 535.0 322.0
WheatHead 245.0 996.0 324.0 1024.0
