WheatHead 227.0 159.0 321.0 334.0
WheatHead 357.0 451.0 457.0 552.0
WheatHead 444.0 356.0 547.0 424.0
WheatHead 362.0 220.0 528.0 411.0
WheatHead 344.0 227.0 441.0 311.0
WheatHead 204.0 542.0 267.0 669.0
WheatHead 175.0 470.0 237.0 590.0
WheatHead 599.0 449.0 674.0 552.0
WheatHead 479.0 557.0 588.0 676.0
WheatHead 443.0 652.0 555.0 709.0
WheatHead 591.0 638.0 689.0 712.0
WheatHead 498.0 722.0 585.0 787.0
WheatHead 699.0 456.0 763.0 547.0
WheatHead 764.0 476.0 838.0 590.0
WheatHead 823.0 440.0 968.0 516.0
WheatHead 839.0 564.0 902.0 645.0
WheatHead 707.0 620.0 788.0 694.0
WheatHead 773.0 599.0 867.0 657.0
WheatHead 999.0 531.0 1024.0 578.0
WheatHead 784.0 738.0 860.0 871.0
WheatHead 741.0 775.0 815.0 881.0
WheatHead 634.0 729.0 723.0 791.0
WheatHead 635.0 807.0 723.0 884.0
WheatHead 545.0 784.0 603.0 883.0
WheatHead 446.0 865.0 521.0 992.0
WheatHead 276.0 778.0 337.0 853.0
WheatHead 213.0 800.0 288.0 873.0
WheatHead 950.0 942.0 1020.0 1024.0
WheatHead 932.0 855.0 1014.0 935.0
WheatHead 842.0 810.0 900.0 908.0
WheatHead 923.0 796.0 991.0 858.0
WheatHead 114.0 846.0 193.0 924.0
WheatHead 246.0 391.0 328.0 455.0
WheatHead 981.0 822.0 1024.0 897.0
WheatHead 498.0 811.0 568.0 881.0
WheatHead 936.0 349.0 994.0 426.0
WheatHead 350.0 622.0 434.0 712.0
WheatHead 471.0 406.0 537.0 470.0
WheatHead 360.0 573.0 410.0 634.0
WheatHead 391.0 701.0 433.0 742.0
WheatHead 986.0 476.0 1024.0 531.0
WheatHead 952.0 505.0 1003.0 569.0
WheatHead 868.0 488.0 936.0 557.0
WheatHead 890.0 578.0 918.0 614.0
WheatHead 607.0 555.0 666.0 594.0
WheatHead 108.0 989.0 163.0 1023.0
WheatHead 772.0 708.0 879.0 764.0
