WheatHead 322.0 130.0 427.0 222.0
WheatHead 760.0 524.0 834.0 627.0
WheatHead 445.0 37.0 537.0 116.0
WheatHead 458.0 253.0 535.0 343.0
WheatHead 977.0 168.0 1024.0 238.0
WheatHead 780.0 43.0 880.0 120.0
WheatHead 576.0 38.0 657.0 112.0
WheatHead 591.0 197.0 668.0 279.0
WheatHead 353.0 232.0 427.0 302.0
WheatHead 709.0 202.0 788.0 281.0
WheatHead 289.0 0.0 386.0 74.0
WheatHead 545.0 732.0 647.0 842.0
WheatHead 952.0 343.0 1024.0 448.0
WheatHead 898.0 757.0 1003.0 883.0
WheatHead 652.0 0.0 724.0 84.0
WheatHead 844.0 386.0 931.0 483.0
WheatHead 913.0 532.0 1000.0 616.0
WheatHead 898.0 53.0 967.0 130.0
WheatHead 903.0 194.0 975.0 294.0
WheatHead 798.0 125.0 901.0 197.0
WheatHead 793.0 320.0 857.0 396.0
WheatHead 486.0 896.0 540.0 1008.0
WheatHead 488.0 496.0 573.0 593.0
WheatHead 578.0 0.0 660.0 35.0
WheatHead 663.0 491.0 752.0 616.0
WheatHead 401.0 926.0 478.0 1000.0
WheatHead 960.0 877.0 1024.0 969.0
WheatHead 359.0 862.0 406.0 918.0
WheatHead 495.0 177.0 573.0 232.0
