WheatHead 397.0 172.0 437.0 238.0
WheatHead 423.0 134.0 499.0 212.0
WheatHead 475.0 64.0 544.0 163.0
WheatHead 632.0 0.0 699.0 37.0
WheatHead 697.0 88.0 766.0 201.0
WheatHead 892.0 0.0 957.0 71.0
WheatHead 849.0 68.0 907.0 130.0
WheatHead 919.0 129.0 970.0 249.0
WheatHead 935.0 204.0 1011.0 275.0
WheatHead 828.0 161.0 897.0 216.0
WheatHead 825.0 213.0 897.0 264.0
WheatHead 694.0 228.0 746.0 324.0
WheatHead 602.0 256.0 657.0 346.0
WheatHead 512.0 296.0 589.0 373.0
WheatHead 455.0 377.0 514.0 444.0
WheatHead 520.0 421.0 590.0 473.0
WheatHead 728.0 318.0 788.0 377.0
WheatHead 746.0 413.0 815.0 490.0
WheatHead 859.0 396.0 901.0 452.0
WheatHead 935.0 365.0 1004.0 447.0
WheatHead 938.0 302.0 997.0 366.0
WheatHead 444.0 613.0 508.0 713.0
WheatHead 548.0 619.0 617.0 720.0
WheatHead 736.0 557.0 819.0 615.0
WheatHead 874.0 468.0 934.0 529.0
WheatHead 769.0 641.0 844.0 694.0
WheatHead 918.0 679.0 1005.0 776.0
WheatHead 804.0 754.0 859.0 819.0
WheatHead 841.0 701.0 907.0 761.0
WheatHead 773.0 825.0 836.0 888.0
WheatHead 838.0 871.0 933.0 937.0
WheatHead 699.0 920.0 770.0 990.0
WheatHead 758.0 961.0 818.0 1012.0
WheatHead 628.0 963.0 687.0 1024.0
WheatHead 626.0 713.0 728.0 770.0
WheatHead 662.0 660.0 746.0 713.0
WheatHead 393.0 449.0 463.0 518.0
WheatHead 301.0 613.0 367.0 692.0
WheatHead 357.0 725.0 444.0 787.0
WheatHead 418.0 845.0 482.0 926.0
WheatHead 232.0 946.0 301.0 1023.0
WheatHead 245.0 840.0 316.0 901.0
WheatHead 201.0 789.0 280.0 838.0
WheatHead 236.0 743.0 316.0 788.0
WheatHead 256.0 658.0 296.0 729.0
WheatHead 243.0 587.0 291.0 643.0
WheatHead 159.0 628.0 224.0 702.0
WheatHead 273.0 419.0 344.0 484.0
WheatHead 302.0 342.0 381.0 410.0
WheatHead 276.0 82.0 324.0 152.0
WheatHead 216.0 212.0 268.0 287.0
WheatHead 238.0 313.0 305.0 391.0
WheatHead 23.0 415.0 92.0 478.0
WheatHead 62.0 488.0 116.0 564.0
WheatHead 44.0 626.0 116.0 728.0
WheatHead 97.0 949.0 176.0 1024.0
WheatHead 0.0 154.0 47.0 234.0
WheatHead 19.0 230.0 79.0 314.0
WheatHead 58.0 154.0 104.0 247.0
WheatHead 146.0 213.0 215.0 331.0
WheatHead 10.0 88.0 63.0 160.0
WheatHead 75.0 53.0 131.0 109.0
WheatHead 139.0 0.0 191.0 62.0
WheatHead 773.0 88.0 837.0 150.0
WheatHead 126.0 802.0 187.0 861.0
