WheatHead 582.0 4.0 651.0 86.0
WheatHead 679.0 0.0 759.0 80.0
WheatHead 675.0 150.0 724.0 266.0
WheatHead 551.0 861.0 630.0 933.0
WheatHead 808.0 245.0 896.0 352.0
WheatHead 543.0 249.0 595.0 333.0
WheatHead 101.0 492.0 222.0 533.0
WheatHead 412.0 912.0 476.0 978.0
WheatHead 669.0 897.0 733.0 966.0
WheatHead 195.0 589.0 223.0 666.0
WheatHead 836.0 943.0 901.0 1007.0
WheatHead 77.0 62.0 176.0 88.0
WheatHead 279.0 199.0 353.0 252.0
WheatHead 215.0 0.0 255.0 36.0
WheatHead 401.0 610.0 449.0 673.0
WheatHead 518.0 866.0 570.0 935.0
WheatHead 970.0 256.0 1022.0 301.0
WheatHead 99.0 210.0 148.0 268.0
WheatHead 230.0 865.0 307.0 920.0
WheatHead 929.0 0.0 957.0 60.0
WheatHead 289.0 12.0 352.0 73.0
WheatHead 283.0 636.0 346.0 688.0
WheatHead 230.0 669.0 267.0 722.0
WheatHead 293.0 246.0 423.0 296.0
WheatHead 869.0 558.0 925.0 619.0
WheatHead 669.0 330.0 718.0 367.0
WheatHead 292.0 970.0 393.0 1009.0
WheatHead 901.0 352.0 957.0 398.0
WheatHead 368.0 378.0 493.0 423.0
WheatHead 109.0 398.0 169.0 422.0
WheatHead 31.0 318.0 80.0 370.0
WheatHead 777.0 726.0 833.0 764.0
WheatHead 105.0 731.0 200.0 776.0
WheatHead 802.0 917.0 828.0 988.0
WheatHead 21.0 0.0 67.0 31.0
WheatHead 111.0 965.0 173.0 989.0
WheatHead 329.0 844.0 408.0 880.0
WheatHead 264.0 923.0 321.0 965.0
WheatHead 380.0 983.0 421.0 1024.0
WheatHead 38.0 358.0 125.0 393.0
WheatHead 191.0 308.0 263.0 368.0
WheatHead 0.0 887.0 103.0 924.0
WheatHead 247.0 323.0 337.0 405.0
WheatHead 375.0 61.0 432.0 105.0
WheatHead 895.0 914.0 937.0 947.0
WheatHead 50.0 264.0 101.0 299.0
WheatHead 349.0 638.0 438.0 669.0
WheatHead 42.0 271.0 94.0 305.0
WheatHead 371.0 278.0 430.0 329.0
WheatHead 819.0 892.0 853.0 937.0
WheatHead 869.0 307.0 922.0 349.0
WheatHead 719.0 906.0 762.0 954.0
WheatHead 37.0 928.0 144.0 978.0
WheatHead 896.0 607.0 930.0 656.0
WheatHead 39.0 270.0 94.0 313.0
