WheatHead 600.0 543.0 736.0 653.0
WheatHead 412.0 23.0 583.0 119.0
WheatHead 0.0 184.0 143.0 304.0
WheatHead 273.0 657.0 384.0 744.0
WheatHead 865.0 617.0 988.0 757.0
WheatHead 764.0 83.0 956.0 257.0
WheatHead 0.0 724.0 94.0 844.0
WheatHead 514.0 94.0 691.0 220.0
WheatHead 137.0 327.0 242.0 420.0
WheatHead 446.0 367.0 588.0 486.0
WheatHead 266.0 881.0 371.0 968.0
WheatHead 572.0 365.0 705.0 475.0
WheatHead 309.0 0.0 427.0 102.0
WheatHead 87.0 542.0 220.0 678.0
WheatHead 330.0 778.0 455.0 888.0
WheatHead 92.0 850.0 186.0 957.0
WheatHead 770.0 872.0 890.0 952.0
WheatHead 197.0 611.0 296.0 709.0
WheatHead 199.0 20.0 294.0 87.0
WheatHead 818.0 748.0 907.0 826.0
