WheatHead 826.0 67.0 908.0 215.0
WheatHead 792.0 246.0 929.0 362.0
WheatHead 799.0 302.0 881.0 365.0
WheatHead 965.0 344.0 1024.0 452.0
WheatHead 766.0 0.0 844.0 66.0
WheatHead 955.0 0.0 1024.0 67.0
WheatHead 1005.0 0.0 1024.0 49.0
WheatHead 550.0 0.0 602.0 111.0
WheatHead 490.0 0.0 550.0 33.0
WheatHead 219.0 0.0 350.0 165.0
WheatHead 74.0 0.0 149.0 116.0
WheatHead 382.0 70.0 533.0 194.0
WheatHead 331.0 0.0 462.0 100.0
WheatHead 479.0 193.0 615.0 281.0
WheatHead 422.0 216.0 542.0 292.0
WheatHead 269.0 185.0 331.0 260.0
WheatHead 165.0 124.0 264.0 209.0
WheatHead 518.0 331.0 635.0 428.0
WheatHead 681.0 428.0 829.0 497.0
WheatHead 671.0 504.0 821.0 653.0
WheatHead 815.0 490.0 915.0 634.0
WheatHead 888.0 447.0 990.0 570.0
WheatHead 994.0 474.0 1024.0 564.0
WheatHead 990.0 792.0 1024.0 905.0
WheatHead 873.0 770.0 952.0 847.0
WheatHead 601.0 772.0 742.0 870.0
WheatHead 683.0 773.0 802.0 935.0
WheatHead 553.0 664.0 647.0 740.0
WheatHead 624.0 601.0 766.0 746.0
WheatHead 453.0 591.0 545.0 702.0
WheatHead 347.0 417.0 481.0 574.0
WheatHead 190.0 389.0 346.0 523.0
WheatHead 257.0 636.0 396.0 691.0
WheatHead 178.0 698.0 264.0 740.0
WheatHead 159.0 762.0 239.0 841.0
WheatHead 301.0 799.0 413.0 899.0
WheatHead 168.0 830.0 268.0 971.0
WheatHead 0.0 950.0 101.0 1024.0
WheatHead 754.0 942.0 890.0 1024.0
WheatHead 526.0 937.0 642.0 1000.0
WheatHead 101.0 407.0 220.0 587.0
WheatHead 0.0 490.0 112.0 578.0
WheatHead 0.0 394.0 44.0 478.0
WheatHead 0.0 348.0 90.0 444.0
WheatHead 4.0 208.0 109.0 347.0
WheatHead 169.0 269.0 288.0 369.0
WheatHead 302.0 343.0 411.0 402.0
