WheatHead 964.0 186.0 1024.0 287.0
WheatHead 468.0 468.0 563.0 599.0
WheatHead 609.0 153.0 734.0 253.0
WheatHead 719.0 898.0 824.0 967.0
WheatHead 773.0 588.0 870.0 650.0
WheatHead 61.0 276.0 148.0 460.0
WheatHead 852.0 655.0 931.0 732.0
WheatHead 110.0 552.0 238.0 616.0
WheatHead 632.0 619.0 698.0 721.0
WheatHead 197.0 770.0 307.0 857.0
WheatHead 611.0 970.0 688.0 1024.0
WheatHead 808.0 919.0 890.0 1024.0
WheatHead 558.0 757.0 650.0 819.0
WheatHead 806.0 245.0 885.0 345.0
WheatHead 808.0 816.0 883.0 906.0
WheatHead 289.0 576.0 389.0 657.0
WheatHead 581.0 506.0 678.0 573.0
WheatHead 642.0 788.0 716.0 867.0
WheatHead 606.0 263.0 719.0 394.0
WheatHead 711.0 826.0 770.0 896.0
WheatHead 94.0 798.0 151.0 855.0
WheatHead 378.0 885.0 440.0 942.0
WheatHead 440.0 650.0 509.0 716.0
WheatHead 604.0 87.0 709.0 135.0
WheatHead 266.0 363.0 396.0 494.0
WheatHead 289.0 752.0 371.0 832.0
WheatHead 422.0 102.0 606.0 212.0
WheatHead 691.0 437.0 849.0 504.0
WheatHead 286.0 33.0 366.0 166.0
WheatHead 601.0 867.0 657.0 995.0
WheatHead 432.0 271.0 532.0 430.0
WheatHead 156.0 616.0 225.0 714.0
WheatHead 965.0 675.0 1024.0 747.0
WheatHead 58.0 870.0 151.0 944.0
WheatHead 2.0 71.0 107.0 215.0
WheatHead 320.0 307.0 394.0 376.0
WheatHead 842.0 102.0 934.0 222.0
WheatHead 527.0 289.0 606.0 381.0
WheatHead 896.0 883.0 1021.0 960.0
WheatHead 727.0 202.0 806.0 296.0
WheatHead 2.0 2.0 115.0 81.0
WheatHead 826.0 465.0 898.0 527.0
WheatHead 240.0 396.0 296.0 465.0
WheatHead 376.0 263.0 432.0 348.0
WheatHead 363.0 12.0 458.0 94.0
WheatHead 163.0 2.0 207.0 89.0
WheatHead 238.0 69.0 312.0 174.0
WheatHead 174.0 332.0 238.0 396.0
WheatHead 1.0 46.0 96.0 151.0
WheatHead 89.0 2.0 138.0 69.0
WheatHead 204.0 2.0 261.0 56.0
WheatHead 189.0 33.0 237.0 87.0
WheatHead 394.0 38.0 471.0 204.0
WheatHead 806.0 0.0 850.0 58.0
WheatHead 804.0 0.0 927.0 196.0
WheatHead 2.0 368.0 48.0 465.0
WheatHead 2.0 302.0 48.0 381.0
WheatHead 194.0 458.0 263.0 527.0
WheatHead 107.0 517.0 153.0 555.0
WheatHead 565.0 215.0 622.0 350.0
WheatHead 299.0 650.0 394.0 691.0
WheatHead 48.0 791.0 122.0 867.0
WheatHead 773.0 568.0 839.0 606.0
WheatHead 629.0 780.0 680.0 878.0
WheatHead 931.0 839.0 998.0 901.0
