WheatHead 0.0 30.0 66.0 145.0
WheatHead 0.0 832.0 183.0 927.0
WheatHead 26.0 705.0 137.0 826.0
WheatHead 57.0 671.0 124.0 730.0
WheatHead 38.0 570.0 110.0 653.0
WheatHead 177.0 688.0 261.0 752.0
WheatHead 236.0 978.0 296.0 1024.0
WheatHead 265.0 923.0 316.0 983.0
WheatHead 316.0 894.0 361.0 1022.0
WheatHead 329.0 996.0 404.0 1024.0
WheatHead 427.0 989.0 505.0 1024.0
WheatHead 470.0 944.0 598.0 1024.0
WheatHead 607.0 842.0 714.0 973.0
WheatHead 715.0 862.0 769.0 945.0
WheatHead 280.0 745.0 349.0 822.0
WheatHead 299.0 591.0 373.0 719.0
WheatHead 444.0 540.0 528.0 650.0
WheatHead 504.0 393.0 552.0 457.0
WheatHead 560.0 424.0 626.0 486.0
WheatHead 307.0 296.0 406.0 363.0
WheatHead 251.0 338.0 314.0 424.0
WheatHead 525.0 192.0 582.0 301.0
WheatHead 347.0 82.0 412.0 140.0
WheatHead 414.0 91.0 454.0 150.0
WheatHead 432.0 1.0 484.0 76.0
WheatHead 494.0 63.0 546.0 145.0
WheatHead 558.0 52.0 652.0 115.0
WheatHead 713.0 118.0 777.0 207.0
WheatHead 759.0 0.0 822.0 61.0
WheatHead 858.0 0.0 947.0 70.0
WheatHead 751.0 276.0 835.0 379.0
WheatHead 859.0 248.0 900.0 310.0
WheatHead 854.0 340.0 926.0 418.0
WheatHead 927.0 317.0 1009.0 380.0
WheatHead 640.0 417.0 724.0 526.0
WheatHead 632.0 524.0 763.0 615.0
WheatHead 865.0 495.0 939.0 548.0
WheatHead 743.0 588.0 826.0 650.0
WheatHead 808.0 622.0 889.0 694.0
WheatHead 992.0 664.0 1024.0 716.0
WheatHead 989.0 712.0 1024.0 771.0
WheatHead 982.0 4.0 1024.0 61.0
WheatHead 775.0 923.0 862.0 983.0
WheatHead 846.0 819.0 892.0 912.0
WheatHead 828.0 799.0 926.0 849.0
WheatHead 974.0 948.0 1024.0 1001.0
WheatHead 796.0 980.0 865.0 1024.0
WheatHead 649.0 977.0 758.0 1024.0
