WheatHead 972.0 251.0 1024.0 332.0
WheatHead 878.0 157.0 948.0 234.0
WheatHead 965.0 103.0 1024.0 168.0
WheatHead 778.0 0.0 864.0 37.0
WheatHead 970.0 473.0 1015.0 555.0
WheatHead 998.0 495.0 1024.0 580.0
WheatHead 833.0 524.0 929.0 589.0
WheatHead 813.0 408.0 890.0 466.0
WheatHead 673.0 436.0 727.0 493.0
WheatHead 671.0 493.0 729.0 553.0
WheatHead 759.0 515.0 814.0 601.0
WheatHead 665.0 598.0 736.0 662.0
WheatHead 806.0 679.0 889.0 740.0
WheatHead 437.0 524.0 492.0 570.0
WheatHead 556.0 496.0 626.0 574.0
WheatHead 550.0 411.0 617.0 485.0
WheatHead 464.0 402.0 546.0 485.0
WheatHead 436.0 464.0 504.0 516.0
WheatHead 641.0 217.0 698.0 265.0
WheatHead 418.0 197.0 486.0 249.0
WheatHead 240.0 120.0 314.0 172.0
WheatHead 112.0 64.0 163.0 116.0
WheatHead 138.0 276.0 204.0 343.0
WheatHead 628.0 0.0 681.0 56.0
WheatHead 408.0 0.0 464.0 64.0
WheatHead 496.0 94.0 576.0 189.0
WheatHead 574.0 152.0 616.0 239.0
WheatHead 871.0 770.0 942.0 844.0
WheatHead 811.0 852.0 911.0 931.0
WheatHead 720.0 829.0 789.0 907.0
WheatHead 672.0 822.0 750.0 873.0
WheatHead 687.0 757.0 768.0 813.0
WheatHead 583.0 736.0 688.0 843.0
WheatHead 545.0 818.0 632.0 877.0
WheatHead 369.0 695.0 428.0 774.0
WheatHead 433.0 716.0 503.0 783.0
WheatHead 215.0 687.0 291.0 759.0
WheatHead 292.0 721.0 357.0 774.0
WheatHead 185.0 874.0 283.0 990.0
WheatHead 55.0 942.0 146.0 1002.0
WheatHead 703.0 964.0 776.0 1024.0
WheatHead 43.0 559.0 124.0 601.0
WheatHead 74.0 579.0 139.0 635.0
WheatHead 0.0 601.0 97.0 694.0
WheatHead 77.0 795.0 146.0 874.0
WheatHead 73.0 714.0 131.0 772.0
WheatHead 344.0 529.0 400.0 579.0
WheatHead 224.0 663.0 299.0 717.0
WheatHead 912.0 880.0 969.0 965.0
