WheatHead 18.0 791.0 115.0 912.0
WheatHead 0.0 0.0 45.0 100.0
WheatHead 176.0 3.0 301.0 102.0
WheatHead 419.0 0.0 497.0 51.0
WheatHead 676.0 62.0 746.0 146.0
WheatHead 496.0 120.0 595.0 213.0
WheatHead 593.0 149.0 687.0 258.0
WheatHead 692.0 232.0 788.0 333.0
WheatHead 333.0 271.0 411.0 343.0
WheatHead 107.0 63.0 161.0 146.0
WheatHead 0.0 148.0 49.0 223.0
WheatHead 62.0 213.0 123.0 290.0
WheatHead 503.0 369.0 589.0 443.0
WheatHead 395.0 325.0 481.0 399.0
WheatHead 351.0 377.0 426.0 452.0
WheatHead 413.0 441.0 493.0 535.0
WheatHead 202.0 358.0 299.0 449.0
WheatHead 666.0 459.0 740.0 537.0
WheatHead 725.0 460.0 802.0 541.0
WheatHead 866.0 404.0 971.0 485.0
WheatHead 949.0 507.0 1024.0 562.0
WheatHead 830.0 645.0 937.0 735.0
WheatHead 657.0 606.0 739.0 690.0
WheatHead 295.0 600.0 366.0 688.0
WheatHead 441.0 623.0 524.0 710.0
WheatHead 193.0 878.0 281.0 963.0
WheatHead 296.0 881.0 382.0 989.0
WheatHead 347.0 851.0 422.0 912.0
WheatHead 425.0 843.0 538.0 905.0
WheatHead 587.0 774.0 701.0 849.0
WheatHead 594.0 912.0 695.0 1024.0
WheatHead 415.0 926.0 501.0 1024.0
WheatHead 878.0 778.0 942.0 847.0
WheatHead 772.0 729.0 867.0 787.0
WheatHead 436.0 223.0 544.0 275.0
WheatHead 598.0 515.0 660.0 574.0
WheatHead 701.0 533.0 778.0 589.0
