WheatHead 414.0 248.0 501.0 337.0
WheatHead 332.0 302.0 427.0 381.0
WheatHead 532.0 243.0 627.0 343.0
WheatHead 660.0 261.0 752.0 363.0
WheatHead 520.0 1.0 595.0 47.0
WheatHead 486.0 332.0 581.0 412.0
WheatHead 353.0 903.0 435.0 975.0
WheatHead 107.0 499.0 209.0 578.0
WheatHead 137.0 904.0 218.0 974.0
WheatHead 314.0 360.0 399.0 445.0
WheatHead 568.0 550.0 663.0 629.0
WheatHead 384.0 616.0 458.0 727.0
WheatHead 565.0 670.0 634.0 743.0
WheatHead 401.0 857.0 476.0 924.0
WheatHead 819.0 358.0 901.0 435.0
WheatHead 0.0 200.0 54.0 277.0
WheatHead 537.0 184.0 624.0 279.0
WheatHead 65.0 773.0 145.0 845.0
WheatHead 670.0 944.0 750.0 1024.0
WheatHead 750.0 94.0 839.0 184.0
WheatHead 678.0 442.0 765.0 514.0
WheatHead 719.0 604.0 806.0 680.0
WheatHead 806.0 217.0 885.0 296.0
WheatHead 721.0 509.0 798.0 588.0
WheatHead 94.0 71.0 216.0 175.0
WheatHead 619.0 757.0 701.0 847.0
WheatHead 940.0 358.0 1007.0 428.0
WheatHead 218.0 0.0 289.0 69.0
WheatHead 785.0 632.0 875.0 711.0
WheatHead 826.0 524.0 898.0 593.0
WheatHead 583.0 478.0 668.0 558.0
WheatHead 319.0 638.0 388.0 707.0
WheatHead 678.0 140.0 762.0 220.0
WheatHead 757.0 148.0 855.0 225.0
WheatHead 7.0 363.0 128.0 453.0
WheatHead 540.0 89.0 629.0 222.0
WheatHead 727.0 855.0 791.0 939.0
WheatHead 575.0 2.0 641.0 84.0
