WheatHead 0.0 726.0 38.0 807.0
WheatHead 59.0 823.0 133.0 884.0
WheatHead 0.0 445.0 53.0 531.0
WheatHead 0.0 268.0 92.0 344.0
WheatHead 0.0 170.0 99.0 245.0
WheatHead 0.0 0.0 69.0 25.0
WheatHead 222.0 269.0 306.0 339.0
WheatHead 150.0 358.0 229.0 448.0
WheatHead 280.0 421.0 352.0 511.0
WheatHead 360.0 401.0 418.0 468.0
WheatHead 336.0 363.0 396.0 421.0
WheatHead 487.0 277.0 564.0 362.0
WheatHead 353.0 190.0 428.0 252.0
WheatHead 523.0 146.0 616.0 244.0
WheatHead 614.0 434.0 681.0 509.0
WheatHead 697.0 392.0 767.0 473.0
WheatHead 723.0 336.0 794.0 402.0
WheatHead 790.0 395.0 868.0 469.0
WheatHead 710.0 683.0 838.0 761.0
WheatHead 121.0 678.0 184.0 746.0
WheatHead 378.0 775.0 455.0 846.0
WheatHead 236.0 787.0 292.0 842.0
WheatHead 269.0 835.0 338.0 907.0
WheatHead 141.0 881.0 210.0 988.0
WheatHead 168.0 978.0 245.0 1024.0
WheatHead 612.0 931.0 709.0 1022.0
WheatHead 721.0 816.0 780.0 892.0
WheatHead 776.0 825.0 868.0 897.0
WheatHead 745.0 763.0 828.0 828.0
WheatHead 885.0 763.0 1024.0 844.0
WheatHead 956.0 862.0 1024.0 935.0
WheatHead 398.0 271.0 441.0 327.0
WheatHead 869.0 94.0 997.0 180.0
WheatHead 196.0 342.0 249.0 401.0
WheatHead 164.0 933.0 246.0 1005.0
WheatHead 772.0 670.0 835.0 709.0
