WheatHead 273.0 872.0 440.0 947.0
WheatHead 460.0 478.0 583.0 568.0
WheatHead 286.0 89.0 401.0 189.0
WheatHead 87.0 322.0 174.0 422.0
WheatHead 565.0 68.0 764.0 160.0
WheatHead 271.0 486.0 401.0 565.0
WheatHead 673.0 391.0 878.0 496.0
WheatHead 0.0 343.0 74.0 437.0
WheatHead 194.0 373.0 302.0 445.0
WheatHead 158.0 0.0 266.0 71.0
WheatHead 235.0 640.0 343.0 704.0
WheatHead 231.0 0.0 326.0 74.0
WheatHead 17.0 721.0 128.0 801.0
WheatHead 770.0 867.0 849.0 944.0
WheatHead 20.0 427.0 138.0 504.0
WheatHead 435.0 0.0 578.0 130.0
WheatHead 0.0 215.0 58.0 307.0
WheatHead 409.0 757.0 509.0 837.0
WheatHead 647.0 281.0 890.0 350.0
WheatHead 314.0 396.0 465.0 491.0
WheatHead 775.0 519.0 857.0 601.0
WheatHead 715.0 0.0 820.0 58.0
WheatHead 565.0 583.0 724.0 686.0
WheatHead 860.0 483.0 1024.0 545.0
WheatHead 683.0 647.0 883.0 826.0
WheatHead 23.0 35.0 163.0 115.0
WheatHead 624.0 517.0 721.0 604.0
WheatHead 468.0 706.0 573.0 760.0
WheatHead 555.0 184.0 773.0 258.0
WheatHead 886.0 301.0 997.0 370.0
WheatHead 345.0 373.0 494.0 437.0
WheatHead 535.0 750.0 634.0 862.0
WheatHead 25.0 483.0 94.0 565.0
WheatHead 56.0 64.0 204.0 148.0
WheatHead 609.0 481.0 683.0 565.0
WheatHead 755.0 634.0 852.0 732.0
WheatHead 806.0 573.0 883.0 622.0
WheatHead 969.0 77.0 1023.0 126.0
WheatHead 775.0 243.0 872.0 307.0
WheatHead 481.0 688.0 609.0 755.0
WheatHead 954.0 143.0 1021.0 207.0
WheatHead 112.0 977.0 199.0 1024.0
WheatHead 750.0 760.0 842.0 865.0
WheatHead 271.0 691.0 340.0 737.0
WheatHead 455.0 821.0 529.0 885.0
WheatHead 970.0 407.0 1024.0 473.0
WheatHead 981.0 194.0 1024.0 245.0
WheatHead 688.0 332.0 865.0 378.0
WheatHead 563.0 294.0 675.0 335.0
WheatHead 857.0 235.0 998.0 296.0
WheatHead 320.0 450.0 437.0 499.0
WheatHead 56.0 102.0 97.0 148.0
WheatHead 619.0 834.0 709.0 924.0
WheatHead 834.0 719.0 908.0 793.0
WheatHead 977.0 823.0 1024.0 908.0
WheatHead 0.0 0.0 66.0 30.0
