WheatHead 0.0 352.0 92.0 465.0
WheatHead 135.0 294.0 296.0 395.0
WheatHead 141.0 147.0 258.0 256.0
WheatHead 397.0 38.0 534.0 141.0
WheatHead 581.0 177.0 747.0 301.0
WheatHead 585.0 107.0 758.0 236.0
WheatHead 0.0 128.0 73.0 224.0
WheatHead 139.0 809.0 230.0 907.0
WheatHead 337.0 717.0 453.0 819.0
WheatHead 600.0 444.0 704.0 600.0
WheatHead 786.0 513.0 955.0 626.0
WheatHead 851.0 272.0 1004.0 380.0
WheatHead 770.0 963.0 918.0 1024.0
WheatHead 194.0 893.0 373.0 1020.0
WheatHead 22.0 36.0 122.0 135.0
WheatHead 468.0 292.0 578.0 427.0
WheatHead 0.0 555.0 60.0 627.0
WheatHead 0.0 711.0 86.0 798.0
WheatHead 0.0 875.0 38.0 973.0
WheatHead 442.0 841.0 534.0 922.0
WheatHead 284.0 847.0 395.0 918.0
WheatHead 431.0 934.0 544.0 1001.0
WheatHead 608.0 990.0 726.0 1024.0
WheatHead 250.0 425.0 406.0 544.0
WheatHead 173.0 512.0 301.0 617.0
WheatHead 745.0 361.0 860.0 436.0
WheatHead 947.0 527.0 1024.0 623.0
WheatHead 427.0 570.0 502.0 646.0
WheatHead 921.0 25.0 1024.0 105.0
WheatHead 861.0 255.0 934.0 404.0
WheatHead 693.0 156.0 895.0 261.0
WheatHead 256.0 135.0 332.0 193.0
WheatHead 41.0 242.0 172.0 340.0
