WheatHead 730.0 279.0 798.0 393.0
WheatHead 645.0 300.0 696.0 389.0
WheatHead 275.0 95.0 364.0 229.0
WheatHead 25.0 66.0 66.0 166.0
WheatHead 62.0 924.0 189.0 1014.0
WheatHead 633.0 460.0 716.0 551.0
WheatHead 176.0 137.0 266.0 193.0
WheatHead 0.0 185.0 36.0 247.0
WheatHead 611.0 675.0 729.0 716.0
WheatHead 338.0 577.0 421.0 622.0
WheatHead 595.0 877.0 626.0 944.0
WheatHead 202.0 916.0 281.0 957.0
WheatHead 948.0 846.0 988.0 944.0
WheatHead 542.0 58.0 617.0 116.0
WheatHead 728.0 177.0 777.0 283.0
WheatHead 318.0 521.0 395.0 578.0
WheatHead 0.0 936.0 43.0 1019.0
WheatHead 929.0 637.0 971.0 716.0
WheatHead 746.0 584.0 811.0 636.0
WheatHead 118.0 164.0 263.0 243.0
WheatHead 276.0 988.0 376.0 1024.0
WheatHead 664.0 99.0 735.0 192.0
WheatHead 236.0 375.0 301.0 401.0
WheatHead 0.0 375.0 26.0 413.0
WheatHead 197.0 315.0 282.0 359.0
WheatHead 438.0 950.0 529.0 999.0
WheatHead 820.0 518.0 900.0 581.0
WheatHead 136.0 644.0 202.0 688.0
WheatHead 567.0 704.0 670.0 781.0
WheatHead 70.0 884.0 173.0 930.0
WheatHead 65.0 701.0 152.0 733.0
WheatHead 0.0 627.0 152.0 691.0
WheatHead 469.0 633.0 509.0 709.0
WheatHead 0.0 437.0 23.0 471.0
WheatHead 117.0 38.0 189.0 76.0
WheatHead 902.0 951.0 947.0 1015.0
WheatHead 6.0 533.0 166.0 591.0
WheatHead 159.0 743.0 298.0 807.0
WheatHead 423.0 696.0 486.0 759.0
WheatHead 98.0 756.0 162.0 780.0
WheatHead 782.0 582.0 839.0 632.0
WheatHead 488.0 505.0 548.0 555.0
WheatHead 844.0 694.0 966.0 761.0
WheatHead 359.0 644.0 425.0 689.0
WheatHead 236.0 606.0 324.0 664.0
WheatHead 354.0 918.0 408.0 957.0
WheatHead 824.0 906.0 886.0 950.0
WheatHead 873.0 889.0 950.0 942.0
WheatHead 236.0 672.0 309.0 721.0
WheatHead 42.0 38.0 123.0 81.0
WheatHead 118.0 307.0 182.0 360.0
WheatHead 416.0 812.0 465.0 847.0
WheatHead 70.0 327.0 132.0 367.0
WheatHead 428.0 506.0 499.0 548.0
WheatHead 753.0 0.0 790.0 28.0
WheatHead 978.0 271.0 1024.0 326.0
WheatHead 981.0 490.0 1024.0 538.0
WheatHead 770.0 657.0 827.0 709.0
WheatHead 318.0 673.0 369.0 702.0
WheatHead 208.0 0.0 258.0 23.0
WheatHead 989.0 215.0 1024.0 265.0
WheatHead 1011.0 678.0 1024.0 710.0
WheatHead 996.0 936.0 1024.0 981.0
