WheatHead 817.0 420.0 918.0 591.0
WheatHead 424.0 546.0 570.0 655.0
WheatHead 538.0 506.0 636.0 581.0
WheatHead 738.0 69.0 828.0 156.0
WheatHead 442.0 79.0 527.0 158.0
WheatHead 410.0 277.0 483.0 344.0
WheatHead 214.0 312.0 333.0 412.0
WheatHead 197.0 455.0 318.0 600.0
WheatHead 211.0 751.0 365.0 835.0
WheatHead 135.0 928.0 273.0 1024.0
WheatHead 459.0 879.0 540.0 1024.0
WheatHead 540.0 888.0 627.0 1022.0
WheatHead 564.0 147.0 644.0 222.0
WheatHead 133.0 11.0 196.0 92.0
WheatHead 209.0 0.0 320.0 39.0
WheatHead 371.0 0.0 457.0 38.0
WheatHead 34.0 347.0 83.0 392.0
WheatHead 308.0 471.0 370.0 513.0
WheatHead 672.0 568.0 735.0 659.0
WheatHead 1.0 648.0 34.0 698.0
WheatHead 30.0 702.0 110.0 789.0
WheatHead 43.0 876.0 128.0 970.0
WheatHead 314.0 928.0 374.0 985.0
WheatHead 401.0 894.0 458.0 944.0
WheatHead 654.0 721.0 728.0 813.0
WheatHead 735.0 797.0 827.0 880.0
WheatHead 717.0 0.0 786.0 45.0
WheatHead 813.0 0.0 900.0 65.0
WheatHead 906.0 32.0 1024.0 133.0
WheatHead 402.0 131.0 469.0 194.0
WheatHead 153.0 523.0 227.0 605.0
WheatHead 84.0 423.0 177.0 567.0
WheatHead 125.0 108.0 222.0 218.0
WheatHead 345.0 57.0 453.0 217.0
