WheatHead 0.0 933.0 41.0 1019.0
WheatHead 75.0 873.0 133.0 944.0
WheatHead 95.0 735.0 167.0 805.0
WheatHead 217.0 778.0 296.0 842.0
WheatHead 207.0 839.0 296.0 935.0
WheatHead 0.0 386.0 54.0 446.0
WheatHead 12.0 455.0 93.0 547.0
WheatHead 0.0 88.0 22.0 165.0
WheatHead 0.0 0.0 19.0 23.0
WheatHead 166.0 0.0 235.0 59.0
WheatHead 316.0 4.0 389.0 60.0
WheatHead 528.0 0.0 608.0 45.0
WheatHead 741.0 0.0 845.0 47.0
WheatHead 427.0 76.0 509.0 136.0
WheatHead 296.0 139.0 375.0 192.0
WheatHead 223.0 236.0 304.0 304.0
WheatHead 436.0 272.0 494.0 343.0
WheatHead 509.0 246.0 593.0 293.0
WheatHead 566.0 265.0 651.0 340.0
WheatHead 659.0 195.0 760.0 289.0
WheatHead 934.0 169.0 1005.0 244.0
WheatHead 897.0 251.0 991.0 328.0
WheatHead 739.0 378.0 862.0 484.0
WheatHead 448.0 567.0 520.0 637.0
WheatHead 332.0 552.0 403.0 622.0
WheatHead 666.0 716.0 734.0 790.0
WheatHead 423.0 685.0 535.0 788.0
WheatHead 473.0 892.0 532.0 936.0
WheatHead 322.0 930.0 407.0 1008.0
WheatHead 439.0 955.0 534.0 1024.0
WheatHead 870.0 931.0 954.0 995.0
WheatHead 915.0 824.0 984.0 920.0
WheatHead 888.0 611.0 994.0 728.0
WheatHead 794.0 935.0 871.0 986.0
WheatHead 960.0 513.0 1024.0 590.0
WheatHead 501.0 339.0 574.0 389.0
