WheatHead 828.0 484.0 925.0 574.0
WheatHead 677.0 359.0 792.0 426.0
WheatHead 0.0 290.0 81.0 359.0
WheatHead 85.0 298.0 182.0 361.0
WheatHead 123.0 231.0 198.0 292.0
WheatHead 59.0 230.0 111.0 281.0
WheatHead 7.0 232.0 66.0 298.0
WheatHead 0.0 158.0 46.0 230.0
WheatHead 25.0 93.0 92.0 142.0
WheatHead 0.0 65.0 41.0 136.0
WheatHead 2.0 37.0 94.0 91.0
WheatHead 37.0 744.0 114.0 821.0
WheatHead 63.0 665.0 124.0 743.0
WheatHead 0.0 856.0 73.0 920.0
WheatHead 327.0 1.0 416.0 105.0
WheatHead 189.0 778.0 266.0 830.0
WheatHead 201.0 507.0 306.0 632.0
WheatHead 118.0 410.0 183.0 478.0
WheatHead 187.0 408.0 243.0 474.0
WheatHead 240.0 346.0 298.0 426.0
WheatHead 271.0 391.0 344.0 458.0
WheatHead 516.0 366.0 661.0 464.0
WheatHead 533.0 429.0 606.0 496.0
WheatHead 635.0 440.0 720.0 504.0
WheatHead 489.0 582.0 537.0 671.0
WheatHead 556.0 695.0 619.0 737.0
WheatHead 564.0 722.0 654.0 789.0
WheatHead 714.0 717.0 792.0 803.0
WheatHead 740.0 657.0 848.0 728.0
WheatHead 900.0 687.0 1008.0 758.0
WheatHead 915.0 772.0 1005.0 867.0
WheatHead 941.0 759.0 1004.0 814.0
WheatHead 800.0 877.0 866.0 964.0
WheatHead 699.0 889.0 776.0 974.0
WheatHead 808.0 952.0 855.0 1024.0
WheatHead 849.0 970.0 907.0 1024.0
WheatHead 957.0 894.0 1024.0 1013.0
WheatHead 459.0 944.0 534.0 1024.0
WheatHead 523.0 862.0 587.0 930.0
WheatHead 774.0 478.0 833.0 567.0
WheatHead 729.0 522.0 877.0 620.0
WheatHead 675.0 541.0 736.0 635.0
WheatHead 942.0 564.0 1023.0 631.0
WheatHead 956.0 459.0 1024.0 550.0
WheatHead 954.0 352.0 1022.0 420.0
WheatHead 735.0 256.0 780.0 317.0
WheatHead 795.0 168.0 901.0 213.0
WheatHead 963.0 198.0 1020.0 257.0
WheatHead 769.0 70.0 852.0 141.0
WheatHead 578.0 163.0 628.0 225.0
WheatHead 372.0 98.0 445.0 215.0
WheatHead 317.0 116.0 381.0 187.0
WheatHead 247.0 105.0 320.0 189.0
WheatHead 200.0 78.0 264.0 208.0
WheatHead 261.0 258.0 350.0 333.0
WheatHead 301.0 11.0 356.0 81.0
