WheatHead 979.0 563.0 1024.0 612.0
WheatHead 960.0 742.0 1016.0 803.0
WheatHead 574.0 769.0 692.0 828.0
WheatHead 731.0 821.0 808.0 886.0
WheatHead 712.0 737.0 795.0 788.0
WheatHead 680.0 762.0 735.0 813.0
WheatHead 777.0 750.0 886.0 896.0
WheatHead 787.0 712.0 848.0 761.0
WheatHead 802.0 675.0 867.0 718.0
WheatHead 871.0 707.0 963.0 778.0
WheatHead 896.0 615.0 979.0 673.0
WheatHead 739.0 568.0 862.0 626.0
WheatHead 799.0 494.0 941.0 567.0
WheatHead 657.0 524.0 724.0 600.0
WheatHead 488.0 541.0 567.0 593.0
WheatHead 511.0 585.0 575.0 635.0
WheatHead 617.0 669.0 692.0 727.0
WheatHead 531.0 800.0 627.0 905.0
WheatHead 460.0 881.0 522.0 979.0
WheatHead 441.0 972.0 500.0 1021.0
WheatHead 254.0 874.0 316.0 1005.0
WheatHead 171.0 788.0 258.0 899.0
WheatHead 329.0 795.0 385.0 860.0
WheatHead 347.0 882.0 407.0 942.0
WheatHead 246.0 744.0 309.0 830.0
WheatHead 44.0 776.0 133.0 848.0
WheatHead 0.0 769.0 55.0 864.0
WheatHead 49.0 657.0 142.0 714.0
WheatHead 391.0 538.0 489.0 604.0
WheatHead 148.0 313.0 220.0 400.0
WheatHead 118.0 240.0 182.0 310.0
WheatHead 167.0 232.0 281.0 307.0
WheatHead 22.0 523.0 79.0 570.0
WheatHead 11.0 567.0 100.0 609.0
WheatHead 22.0 606.0 116.0 653.0
WheatHead 464.0 305.0 541.0 354.0
WheatHead 574.0 223.0 684.0 262.0
WheatHead 680.0 159.0 751.0 230.0
WheatHead 740.0 96.0 799.0 159.0
WheatHead 757.0 145.0 811.0 186.0
WheatHead 808.0 182.0 897.0 242.0
WheatHead 950.0 179.0 1024.0 258.0
WheatHead 12.0 219.0 104.0 288.0
WheatHead 45.0 320.0 89.0 369.0
WheatHead 419.0 213.0 520.0 269.0
WheatHead 337.0 232.0 440.0 283.0
WheatHead 357.0 176.0 438.0 231.0
WheatHead 428.0 152.0 499.0 213.0
WheatHead 616.0 174.0 698.0 209.0
WheatHead 580.0 119.0 665.0 183.0
WheatHead 489.0 126.0 576.0 194.0
WheatHead 523.0 68.0 643.0 145.0
WheatHead 478.0 60.0 579.0 122.0
WheatHead 436.0 14.0 544.0 92.0
WheatHead 381.0 68.0 458.0 124.0
WheatHead 363.0 101.0 429.0 159.0
WheatHead 301.0 90.0 382.0 147.0
WheatHead 356.0 5.0 434.0 57.0
WheatHead 300.0 0.0 423.0 33.0
WheatHead 232.0 27.0 307.0 101.0
WheatHead 219.0 137.0 320.0 212.0
WheatHead 101.0 94.0 163.0 150.0
WheatHead 144.0 85.0 210.0 145.0
WheatHead 120.0 18.0 159.0 66.0
WheatHead 145.0 7.0 201.0 78.0
WheatHead 414.0 598.0 473.0 643.0
WheatHead 503.0 182.0 575.0 264.0
WheatHead 477.0 497.0 534.0 539.0
WheatHead 232.0 381.0 284.0 436.0
WheatHead 260.0 72.0 328.0 132.0
WheatHead 122.0 252.0 203.0 313.0
WheatHead 735.0 934.0 771.0 984.0
