WheatHead 103.0 886.0 184.0 992.0
WheatHead 36.0 281.0 93.0 364.0
WheatHead 89.0 291.0 137.0 372.0
WheatHead 132.0 316.0 187.0 376.0
WheatHead 19.0 180.0 95.0 243.0
WheatHead 0.0 69.0 53.0 182.0
WheatHead 49.0 64.0 183.0 179.0
WheatHead 729.0 51.0 804.0 109.0
WheatHead 479.0 47.0 540.0 108.0
WheatHead 355.0 111.0 431.0 170.0
WheatHead 199.0 248.0 250.0 304.0
WheatHead 252.0 251.0 345.0 320.0
WheatHead 301.0 362.0 361.0 418.0
WheatHead 348.0 315.0 489.0 380.0
WheatHead 425.0 375.0 508.0 426.0
WheatHead 395.0 431.0 482.0 492.0
WheatHead 275.0 419.0 355.0 470.0
WheatHead 297.0 486.0 378.0 618.0
WheatHead 334.0 479.0 400.0 567.0
WheatHead 382.0 672.0 460.0 738.0
WheatHead 595.0 523.0 672.0 598.0
WheatHead 570.0 175.0 636.0 246.0
WheatHead 516.0 98.0 610.0 157.0
WheatHead 645.0 69.0 752.0 147.0
WheatHead 644.0 118.0 719.0 179.0
WheatHead 628.0 167.0 731.0 256.0
WheatHead 793.0 164.0 861.0 214.0
WheatHead 859.0 214.0 928.0 338.0
WheatHead 883.0 581.0 948.0 676.0
WheatHead 772.0 612.0 851.0 681.0
WheatHead 786.0 678.0 877.0 758.0
WheatHead 743.0 694.0 850.0 796.0
WheatHead 932.0 764.0 995.0 837.0
WheatHead 958.0 615.0 1024.0 689.0
WheatHead 807.0 900.0 863.0 971.0
WheatHead 627.0 758.0 689.0 819.0
WheatHead 467.0 796.0 547.0 860.0
WheatHead 256.0 769.0 348.0 841.0
WheatHead 385.0 833.0 473.0 948.0
WheatHead 460.0 851.0 551.0 920.0
WheatHead 409.0 975.0 471.0 1024.0
