WheatHead 239.0 0.0 330.0 55.0
WheatHead 107.0 0.0 199.0 52.0
WheatHead 83.0 96.0 183.0 165.0
WheatHead 31.0 158.0 113.0 222.0
WheatHead 9.0 227.0 94.0 344.0
WheatHead 87.0 288.0 163.0 346.0
WheatHead 151.0 311.0 221.0 387.0
WheatHead 253.0 314.0 331.0 388.0
WheatHead 332.0 286.0 402.0 367.0
WheatHead 402.0 282.0 539.0 348.0
WheatHead 373.0 362.0 440.0 429.0
WheatHead 319.0 382.0 386.0 473.0
WheatHead 281.0 394.0 337.0 454.0
WheatHead 169.0 416.0 287.0 514.0
WheatHead 560.0 385.0 636.0 465.0
WheatHead 361.0 487.0 480.0 667.0
WheatHead 2.0 596.0 82.0 693.0
WheatHead 186.0 718.0 272.0 803.0
WheatHead 95.0 763.0 190.0 851.0
WheatHead 208.0 839.0 294.0 935.0
WheatHead 29.0 755.0 111.0 829.0
WheatHead 100.0 847.0 165.0 932.0
WheatHead 187.0 943.0 266.0 1020.0
WheatHead 142.0 879.0 212.0 990.0
WheatHead 3.0 920.0 58.0 1024.0
WheatHead 43.0 943.0 119.0 1011.0
WheatHead 46.0 993.0 170.0 1021.0
WheatHead 234.0 984.0 352.0 1024.0
WheatHead 415.0 820.0 548.0 893.0
WheatHead 411.0 864.0 475.0 935.0
WheatHead 557.0 563.0 658.0 676.0
WheatHead 702.0 604.0 784.0 756.0
WheatHead 577.0 827.0 671.0 910.0
WheatHead 652.0 798.0 758.0 907.0
WheatHead 569.0 912.0 641.0 995.0
WheatHead 769.0 979.0 848.0 1024.0
WheatHead 815.0 868.0 893.0 953.0
WheatHead 738.0 810.0 871.0 880.0
WheatHead 932.0 706.0 1021.0 785.0
WheatHead 912.0 758.0 1004.0 859.0
WheatHead 883.0 865.0 986.0 982.0
WheatHead 924.0 938.0 1009.0 996.0
WheatHead 975.0 972.0 1024.0 1020.0
WheatHead 889.0 977.0 959.0 1024.0
WheatHead 879.0 18.0 937.0 75.0
WheatHead 909.0 0.0 969.0 52.0
WheatHead 800.0 344.0 888.0 422.0
WheatHead 885.0 350.0 962.0 456.0
WheatHead 904.0 467.0 1004.0 546.0
WheatHead 801.0 770.0 892.0 846.0
WheatHead 767.0 881.0 849.0 970.0
WheatHead 1.0 705.0 100.0 792.0
WheatHead 1.0 758.0 55.0 856.0
WheatHead 895.0 341.0 970.0 489.0
WheatHead 948.0 596.0 1020.0 669.0
