WheatHead 337.0 273.0 426.0 336.0
WheatHead 260.0 167.0 354.0 239.0
WheatHead 321.0 41.0 421.0 127.0
WheatHead 497.0 167.0 583.0 262.0
WheatHead 497.0 60.0 556.0 150.0
WheatHead 545.0 100.0 613.0 174.0
WheatHead 617.0 126.0 714.0 209.0
WheatHead 743.0 0.0 829.0 71.0
WheatHead 112.0 71.0 172.0 160.0
WheatHead 0.0 0.0 49.0 77.0
WheatHead 2.0 195.0 63.0 273.0
WheatHead 25.0 931.0 92.0 1024.0
WheatHead 103.0 990.0 180.0 1024.0
WheatHead 292.0 807.0 384.0 897.0
WheatHead 213.0 903.0 277.0 981.0
WheatHead 422.0 859.0 503.0 972.0
WheatHead 505.0 934.0 574.0 1024.0
WheatHead 0.0 775.0 57.0 838.0
WheatHead 594.0 882.0 662.0 1012.0
WheatHead 698.0 950.0 765.0 1024.0
WheatHead 523.0 497.0 635.0 702.0
WheatHead 103.0 608.0 192.0 695.0
WheatHead 676.0 481.0 769.0 656.0
WheatHead 778.0 520.0 869.0 624.0
WheatHead 768.0 320.0 849.0 459.0
WheatHead 929.0 276.0 1020.0 438.0
WheatHead 957.0 413.0 1004.0 493.0
WheatHead 860.0 564.0 968.0 653.0
WheatHead 804.0 630.0 964.0 701.0
WheatHead 838.0 955.0 907.0 1011.0
