WheatHead 0.0 957.0 84.0 1024.0
WheatHead 67.0 827.0 141.0 898.0
WheatHead 321.0 906.0 424.0 991.0
WheatHead 369.0 813.0 442.0 956.0
WheatHead 213.0 746.0 285.0 820.0
WheatHead 165.0 622.0 245.0 693.0
WheatHead 30.0 317.0 139.0 411.0
WheatHead 0.0 212.0 66.0 360.0
WheatHead 85.0 296.0 144.0 349.0
WheatHead 99.0 244.0 158.0 302.0
WheatHead 20.0 101.0 213.0 181.0
WheatHead 185.0 170.0 327.0 277.0
WheatHead 335.0 281.0 406.0 408.0
WheatHead 338.0 435.0 393.0 501.0
WheatHead 495.0 256.0 613.0 386.0
WheatHead 601.0 336.0 663.0 421.0
WheatHead 744.0 485.0 832.0 553.0
WheatHead 642.0 176.0 780.0 312.0
WheatHead 686.0 35.0 793.0 231.0
WheatHead 676.0 0.0 783.0 77.0
WheatHead 849.0 0.0 911.0 129.0
WheatHead 983.0 0.0 1024.0 80.0
WheatHead 498.0 645.0 571.0 688.0
WheatHead 492.0 691.0 577.0 778.0
WheatHead 552.0 763.0 694.0 831.0
WheatHead 720.0 763.0 902.0 889.0
WheatHead 495.0 958.0 567.0 1024.0
