WheatHead 135.0 734.0 196.0 842.0
WheatHead 294.0 800.0 367.0 882.0
WheatHead 246.0 872.0 332.0 936.0
WheatHead 274.0 985.0 351.0 1024.0
WheatHead 214.0 660.0 288.0 721.0
WheatHead 170.0 573.0 229.0 637.0
WheatHead 0.0 580.0 72.0 660.0
WheatHead 0.0 402.0 55.0 504.0
WheatHead 0.0 295.0 85.0 381.0
WheatHead 0.0 246.0 61.0 323.0
WheatHead 96.0 93.0 179.0 167.0
WheatHead 65.0 41.0 156.0 108.0
WheatHead 147.0 0.0 214.0 51.0
WheatHead 276.0 153.0 346.0 212.0
WheatHead 458.0 158.0 527.0 221.0
WheatHead 277.0 292.0 356.0 377.0
WheatHead 155.0 325.0 221.0 397.0
WheatHead 189.0 406.0 254.0 460.0
WheatHead 228.0 527.0 290.0 589.0
WheatHead 362.0 494.0 423.0 574.0
WheatHead 386.0 405.0 448.0 479.0
WheatHead 464.0 351.0 523.0 413.0
WheatHead 513.0 322.0 569.0 387.0
WheatHead 454.0 431.0 509.0 492.0
WheatHead 490.0 468.0 564.0 540.0
WheatHead 563.0 445.0 638.0 498.0
WheatHead 568.0 518.0 643.0 582.0
WheatHead 614.0 554.0 672.0 621.0
WheatHead 556.0 586.0 608.0 641.0
WheatHead 466.0 692.0 519.0 743.0
WheatHead 516.0 844.0 585.0 914.0
WheatHead 522.0 944.0 637.0 1010.0
WheatHead 537.0 988.0 608.0 1024.0
WheatHead 680.0 178.0 750.0 254.0
WheatHead 867.0 95.0 931.0 159.0
WheatHead 857.0 135.0 913.0 199.0
WheatHead 811.0 1.0 900.0 83.0
WheatHead 994.0 195.0 1024.0 263.0
WheatHead 857.0 344.0 918.0 413.0
WheatHead 797.0 475.0 851.0 561.0
WheatHead 891.0 484.0 960.0 537.0
WheatHead 943.0 447.0 1017.0 534.0
WheatHead 822.0 411.0 900.0 478.0
WheatHead 709.0 609.0 772.0 678.0
WheatHead 933.0 765.0 1002.0 820.0
WheatHead 714.0 806.0 775.0 881.0
WheatHead 752.0 859.0 811.0 952.0
WheatHead 870.0 885.0 932.0 951.0
WheatHead 985.0 911.0 1024.0 971.0
WheatHead 977.0 963.0 1024.0 1023.0
WheatHead 720.0 0.0 797.0 51.0
WheatHead 350.0 0.0 420.0 50.0
WheatHead 434.0 193.0 492.0 230.0
WheatHead 364.0 427.0 414.0 491.0
WheatHead 793.0 445.0 864.0 504.0
WheatHead 0.0 516.0 21.0 560.0
WheatHead 817.0 1007.0 857.0 1024.0
WheatHead 294.0 569.0 377.0 609.0
