WheatHead 0.0 841.0 34.0 945.0
WheatHead 60.0 831.0 117.0 947.0
WheatHead 0.0 937.0 45.0 1022.0
WheatHead 28.0 0.0 99.0 46.0
WheatHead 145.0 0.0 239.0 51.0
WheatHead 87.0 14.0 155.0 82.0
WheatHead 91.0 153.0 171.0 233.0
WheatHead 0.0 198.0 43.0 248.0
WheatHead 13.0 254.0 76.0 305.0
WheatHead 0.0 355.0 120.0 497.0
WheatHead 0.0 430.0 36.0 502.0
WheatHead 0.0 536.0 48.0 656.0
WheatHead 55.0 593.0 134.0 662.0
WheatHead 142.0 548.0 225.0 641.0
WheatHead 147.0 674.0 201.0 740.0
WheatHead 203.0 691.0 275.0 805.0
WheatHead 152.0 793.0 259.0 878.0
WheatHead 126.0 349.0 230.0 424.0
WheatHead 161.0 409.0 266.0 499.0
WheatHead 194.0 189.0 332.0 314.0
WheatHead 242.0 329.0 343.0 412.0
WheatHead 332.0 221.0 406.0 308.0
WheatHead 396.0 299.0 502.0 356.0
WheatHead 534.0 286.0 641.0 363.0
WheatHead 649.0 286.0 809.0 374.0
WheatHead 817.0 260.0 873.0 319.0
WheatHead 868.0 217.0 953.0 266.0
WheatHead 916.0 25.0 1022.0 153.0
WheatHead 678.0 0.0 772.0 38.0
WheatHead 774.0 0.0 927.0 22.0
WheatHead 246.0 31.0 322.0 107.0
WheatHead 186.0 76.0 262.0 145.0
WheatHead 293.0 105.0 371.0 165.0
WheatHead 384.0 78.0 441.0 217.0
WheatHead 424.0 0.0 498.0 97.0
WheatHead 453.0 70.0 505.0 162.0
WheatHead 502.0 16.0 572.0 94.0
WheatHead 512.0 0.0 567.0 34.0
WheatHead 573.0 0.0 656.0 33.0
WheatHead 504.0 110.0 566.0 153.0
WheatHead 593.0 52.0 665.0 121.0
WheatHead 598.0 100.0 646.0 168.0
WheatHead 664.0 108.0 742.0 194.0
WheatHead 745.0 60.0 808.0 173.0
WheatHead 809.0 61.0 867.0 121.0
WheatHead 814.0 148.0 888.0 217.0
WheatHead 332.0 390.0 420.0 471.0
WheatHead 287.0 438.0 345.0 524.0
WheatHead 284.0 625.0 422.0 707.0
WheatHead 294.0 686.0 466.0 818.0
WheatHead 302.0 766.0 415.0 847.0
WheatHead 403.0 540.0 531.0 724.0
WheatHead 495.0 512.0 572.0 605.0
WheatHead 557.0 606.0 615.0 718.0
WheatHead 835.0 612.0 915.0 747.0
WheatHead 555.0 814.0 629.0 889.0
WheatHead 483.0 944.0 553.0 1024.0
WheatHead 425.0 944.0 484.0 1022.0
WheatHead 649.0 913.0 748.0 1017.0
WheatHead 646.0 806.0 731.0 916.0
WheatHead 724.0 820.0 799.0 894.0
WheatHead 780.0 875.0 875.0 960.0
WheatHead 831.0 838.0 913.0 905.0
WheatHead 969.0 896.0 1024.0 972.0
WheatHead 939.0 623.0 1024.0 688.0
WheatHead 983.0 685.0 1024.0 733.0
WheatHead 450.0 188.0 568.0 267.0
WheatHead 345.0 157.0 476.0 246.0
WheatHead 47.0 226.0 86.0 256.0
