WheatHead 59.0 163.0 124.0 243.0
WheatHead 176.0 209.0 305.0 310.0
WheatHead 370.0 178.0 496.0 265.0
WheatHead 443.0 93.0 567.0 167.0
WheatHead 374.0 0.0 544.0 62.0
WheatHead 294.0 0.0 392.0 34.0
WheatHead 139.0 396.0 262.0 464.0
WheatHead 77.0 636.0 168.0 697.0
WheatHead 219.0 804.0 281.0 899.0
WheatHead 0.0 725.0 115.0 821.0
WheatHead 0.0 649.0 53.0 716.0
WheatHead 89.0 673.0 175.0 757.0
WheatHead 231.0 668.0 321.0 742.0
WheatHead 340.0 686.0 434.0 789.0
WheatHead 632.0 864.0 702.0 927.0
WheatHead 660.0 908.0 747.0 979.0
WheatHead 688.0 632.0 807.0 712.0
WheatHead 612.0 673.0 705.0 737.0
WheatHead 765.0 707.0 858.0 788.0
WheatHead 934.0 702.0 1024.0 780.0
WheatHead 780.0 575.0 885.0 649.0
WheatHead 701.0 542.0 783.0 604.0
WheatHead 316.0 501.0 438.0 571.0
WheatHead 283.0 544.0 366.0 601.0
WheatHead 397.0 574.0 462.0 639.0
WheatHead 466.0 641.0 591.0 709.0
WheatHead 691.0 473.0 774.0 539.0
WheatHead 747.0 336.0 843.0 430.0
WheatHead 635.0 249.0 780.0 336.0
WheatHead 892.0 347.0 994.0 414.0
WheatHead 254.0 337.0 369.0 399.0
WheatHead 686.0 126.0 761.0 195.0
WheatHead 922.0 169.0 1024.0 245.0
WheatHead 180.0 160.0 235.0 217.0
WheatHead 331.0 927.0 396.0 990.0
WheatHead 914.0 819.0 987.0 953.0
WheatHead 115.0 814.0 159.0 864.0
WheatHead 557.0 251.0 645.0 305.0
