WheatHead 782.0 234.0 906.0 315.0
WheatHead 431.0 238.0 532.0 303.0
WheatHead 102.0 385.0 203.0 432.0
WheatHead 802.0 322.0 910.0 383.0
WheatHead 501.0 546.0 613.0 587.0
WheatHead 23.0 576.0 109.0 648.0
WheatHead 1.0 206.0 84.0 264.0
WheatHead 416.0 357.0 492.0 425.0
WheatHead 700.0 384.0 779.0 448.0
WheatHead 868.0 393.0 936.0 465.0
WheatHead 259.0 0.0 361.0 101.0
WheatHead 664.0 45.0 798.0 96.0
WheatHead 851.0 96.0 952.0 165.0
WheatHead 1.0 318.0 110.0 370.0
WheatHead 512.0 652.0 624.0 729.0
WheatHead 118.0 666.0 214.0 721.0
WheatHead 0.0 912.0 97.0 963.0
WheatHead 346.0 383.0 461.0 430.0
WheatHead 916.0 29.0 1020.0 77.0
WheatHead 862.0 806.0 947.0 868.0
WheatHead 110.0 983.0 231.0 1024.0
WheatHead 802.0 864.0 886.0 913.0
WheatHead 461.0 741.0 599.0 794.0
WheatHead 223.0 338.0 338.0 397.0
WheatHead 405.0 111.0 483.0 157.0
WheatHead 467.0 46.0 576.0 95.0
WheatHead 750.0 513.0 836.0 554.0
WheatHead 861.0 707.0 950.0 786.0
WheatHead 225.0 279.0 359.0 335.0
WheatHead 5.0 405.0 126.0 439.0
WheatHead 115.0 163.0 208.0 203.0
WheatHead 726.0 812.0 849.0 861.0
WheatHead 4.0 1000.0 58.0 1024.0
WheatHead 895.0 46.0 963.0 90.0
WheatHead 115.0 453.0 254.0 522.0
WheatHead 676.0 585.0 786.0 635.0
WheatHead 383.0 829.0 488.0 876.0
WheatHead 544.0 218.0 604.0 264.0
WheatHead 933.0 450.0 1008.0 490.0
WheatHead 689.0 802.0 761.0 832.0
WheatHead 409.0 672.0 513.0 716.0
WheatHead 111.0 880.0 208.0 925.0
WheatHead 210.0 791.0 294.0 820.0
WheatHead 425.0 931.0 519.0 975.0
WheatHead 286.0 80.0 428.0 180.0
WheatHead 882.0 679.0 933.0 723.0
WheatHead 0.0 447.0 50.0 504.0
WheatHead 670.0 253.0 760.0 315.0
WheatHead 546.0 413.0 617.0 456.0
WheatHead 742.0 370.0 823.0 400.0
WheatHead 559.0 0.0 644.0 31.0
WheatHead 54.0 438.0 114.0 469.0
WheatHead 72.0 133.0 181.0 175.0
WheatHead 816.0 707.0 944.0 799.0
WheatHead 574.0 917.0 655.0 954.0
WheatHead 458.0 100.0 554.0 129.0
WheatHead 744.0 295.0 836.0 389.0
WheatHead 2.0 743.0 127.0 790.0
WheatHead 847.0 454.0 921.0 493.0
WheatHead 692.0 907.0 765.0 945.0
WheatHead 443.0 773.0 519.0 801.0
WheatHead 264.0 898.0 400.0 957.0
WheatHead 937.0 738.0 974.0 778.0
WheatHead 383.0 622.0 488.0 674.0
WheatHead 978.0 507.0 1021.0 537.0
WheatHead 151.0 981.0 237.0 1014.0
WheatHead 324.0 652.0 414.0 706.0
WheatHead 463.0 791.0 639.0 826.0
WheatHead 760.0 995.0 838.0 1018.0
WheatHead 207.0 222.0 320.0 262.0
WheatHead 179.0 765.0 273.0 791.0
WheatHead 826.0 760.0 892.0 811.0
WheatHead 9.0 676.0 136.0 723.0
WheatHead 784.0 94.0 868.0 148.0
WheatHead 434.0 17.0 492.0 56.0
WheatHead 890.0 793.0 948.0 839.0
WheatHead 6.0 788.0 96.0 802.0
WheatHead 145.0 727.0 273.0 808.0
WheatHead 225.0 905.0 285.0 931.0
