WheatHead 366.0 405.0 409.0 492.0
WheatHead 132.0 674.0 199.0 741.0
WheatHead 173.0 47.0 249.0 125.0
WheatHead 256.0 868.0 350.0 1024.0
WheatHead 352.0 206.0 398.0 277.0
WheatHead 329.0 820.0 410.0 934.0
WheatHead 0.0 38.0 41.0 101.0
WheatHead 202.0 825.0 274.0 880.0
WheatHead 987.0 49.0 1022.0 140.0
WheatHead 51.0 55.0 169.0 134.0
WheatHead 660.0 466.0 750.0 534.0
WheatHead 821.0 79.0 871.0 150.0
WheatHead 266.0 217.0 320.0 282.0
WheatHead 266.0 141.0 293.0 212.0
WheatHead 951.0 768.0 991.0 822.0
WheatHead 346.0 76.0 442.0 125.0
WheatHead 622.0 299.0 648.0 396.0
WheatHead 377.0 796.0 448.0 874.0
WheatHead 0.0 177.0 53.0 223.0
WheatHead 182.0 606.0 289.0 702.0
WheatHead 0.0 357.0 15.0 434.0
WheatHead 225.0 461.0 271.0 524.0
WheatHead 162.0 174.0 197.0 223.0
WheatHead 274.0 547.0 320.0 606.0
WheatHead 84.0 427.0 142.0 501.0
WheatHead 50.0 522.0 126.0 587.0
WheatHead 771.0 105.0 797.0 178.0
WheatHead 914.0 86.0 940.0 146.0
WheatHead 182.0 585.0 243.0 630.0
WheatHead 392.0 704.0 441.0 770.0
WheatHead 0.0 766.0 47.0 819.0
WheatHead 870.0 236.0 906.0 310.0
WheatHead 935.0 459.0 972.0 522.0
WheatHead 917.0 240.0 996.0 288.0
WheatHead 838.0 475.0 920.0 535.0
WheatHead 167.0 969.0 285.0 1024.0
WheatHead 669.0 192.0 707.0 298.0
WheatHead 27.0 857.0 86.0 903.0
WheatHead 730.0 372.0 799.0 422.0
WheatHead 877.0 763.0 962.0 804.0
WheatHead 65.0 565.0 119.0 636.0
WheatHead 277.0 60.0 335.0 124.0
WheatHead 685.0 545.0 757.0 588.0
WheatHead 567.0 262.0 605.0 310.0
WheatHead 0.0 934.0 47.0 986.0
WheatHead 659.0 928.0 748.0 970.0
WheatHead 54.0 370.0 87.0 434.0
WheatHead 806.0 1003.0 869.0 1024.0
WheatHead 405.0 210.0 488.0 252.0
WheatHead 95.0 398.0 178.0 447.0
WheatHead 707.4000244140625 290.6000061035156 761.0 335.0
WheatHead 308.0 517.0 349.0 563.0
WheatHead 259.0 618.0 326.0 649.0
WheatHead 369.0 699.0 451.0 735.0
WheatHead 506.0 820.0 566.0 858.0
WheatHead 651.0 817.0 725.0 869.0
WheatHead 836.0 767.0 879.0 853.0
WheatHead 909.0 807.0 975.0 863.0
WheatHead 0.0 828.0 25.0 883.0
WheatHead 18.0 891.0 87.0 934.0
WheatHead 338.0 143.0 416.0 213.0
WheatHead 295.0 114.0 370.0 162.0
WheatHead 386.0 60.0 439.0 143.0
