WheatHead 292.0 0.0 350.0 117.0
WheatHead 7.0 30.0 103.0 91.0
WheatHead 160.0 57.0 234.0 125.0
WheatHead 239.0 16.0 290.0 74.0
WheatHead 29.0 101.0 82.0 186.0
WheatHead 70.0 84.0 167.0 161.0
WheatHead 352.0 99.0 447.0 189.0
WheatHead 395.0 199.0 483.0 274.0
WheatHead 28.0 287.0 102.0 343.0
WheatHead 175.0 243.0 293.0 352.0
WheatHead 259.0 374.0 336.0 449.0
WheatHead 351.0 390.0 453.0 488.0
WheatHead 220.0 445.0 302.0 530.0
WheatHead 270.0 524.0 341.0 582.0
WheatHead 360.0 491.0 437.0 555.0
WheatHead 138.0 676.0 206.0 781.0
WheatHead 238.0 724.0 311.0 794.0
WheatHead 302.0 616.0 415.0 693.0
WheatHead 334.0 689.0 431.0 782.0
WheatHead 307.0 757.0 377.0 835.0
WheatHead 78.0 834.0 146.0 899.0
WheatHead 7.0 760.0 74.0 815.0
WheatHead 50.0 948.0 168.0 1006.0
WheatHead 493.0 787.0 542.0 856.0
WheatHead 584.0 690.0 666.0 783.0
WheatHead 571.0 563.0 637.0 627.0
WheatHead 811.0 578.0 887.0 675.0
WheatHead 734.0 791.0 797.0 842.0
WheatHead 812.0 759.0 908.0 837.0
WheatHead 816.0 685.0 943.0 762.0
WheatHead 614.0 365.0 687.0 435.0
WheatHead 579.0 413.0 655.0 504.0
WheatHead 622.0 459.0 724.0 555.0
WheatHead 723.0 489.0 837.0 615.0
WheatHead 784.0 478.0 887.0 536.0
WheatHead 784.0 214.0 856.0 280.0
WheatHead 505.0 143.0 593.0 199.0
WheatHead 641.0 150.0 734.0 220.0
WheatHead 672.0 81.0 734.0 162.0
WheatHead 826.0 104.0 880.0 180.0
WheatHead 789.0 11.0 843.0 90.0
WheatHead 22.0 483.0 84.0 542.0
WheatHead 4.0 859.0 53.0 927.0
WheatHead 276.0 439.0 346.0 547.0
