WheatHead 942.0 389.0 1018.0 501.0
WheatHead 527.0 350.0 632.0 445.0
WheatHead 197.0 601.0 291.0 750.0
WheatHead 89.0 921.0 186.0 1011.0
WheatHead 698.0 266.0 834.0 360.0
WheatHead 811.0 148.0 890.0 225.0
WheatHead 952.0 524.0 1024.0 586.0
WheatHead 33.0 314.0 120.0 404.0
WheatHead 486.0 261.0 586.0 368.0
WheatHead 494.0 929.0 570.0 998.0
WheatHead 642.0 522.0 783.0 698.0
WheatHead 207.0 954.0 394.0 1024.0
WheatHead 898.0 151.0 1024.0 312.0
WheatHead 984.0 619.0 1024.0 709.0
WheatHead 791.0 384.0 857.0 488.0
WheatHead 79.0 143.0 335.0 243.0
WheatHead 885.0 949.0 998.0 1024.0
WheatHead 683.0 186.0 808.0 281.0
WheatHead 465.0 148.0 545.0 248.0
WheatHead 604.0 696.0 680.0 849.0
WheatHead 829.0 678.0 995.0 747.0
WheatHead 606.0 140.0 721.0 240.0
WheatHead 294.0 660.0 366.0 734.0
WheatHead 268.0 84.0 545.0 235.0
WheatHead 929.0 2.0 1024.0 128.0
WheatHead 624.0 240.0 686.0 353.0
WheatHead 770.0 688.0 898.0 793.0
WheatHead 2.0 499.0 107.0 604.0
WheatHead 138.0 317.0 314.0 568.0
WheatHead 92.0 45.0 160.0 158.0
WheatHead 140.0 629.0 199.0 704.0
WheatHead 949.0 299.0 1024.0 366.0
WheatHead 692.0 964.0 878.0 1023.0
WheatHead 532.0 2.0 592.0 109.0
WheatHead 581.0 94.0 645.0 168.0
WheatHead 243.0 885.0 317.0 1024.0
WheatHead 465.0 23.0 560.0 79.0
WheatHead 693.0 2.0 834.0 79.0
WheatHead 2.0 949.0 81.0 1024.0
WheatHead 125.0 2.0 184.0 84.0
WheatHead 366.0 476.0 627.0 627.0
WheatHead 755.0 888.0 926.0 1021.0
WheatHead 568.0 202.0 640.0 360.0
WheatHead 358.0 655.0 660.0 747.0
WheatHead 279.0 64.0 381.0 158.0
WheatHead 815.0 2.0 969.0 140.0
WheatHead 768.0 23.0 860.0 89.0
WheatHead 857.0 2.0 913.0 143.0
WheatHead 601.0 2.0 673.0 97.0
WheatHead 665.0 5.0 719.0 166.0
WheatHead 550.0 68.0 598.0 152.0
WheatHead 412.0 594.0 667.0 694.0
WheatHead 439.0 269.0 497.0 393.0
WheatHead 396.0 328.0 467.0 409.0
WheatHead 263.0 301.0 423.0 518.0
