WheatHead 0.0 68.0 62.0 209.0
WheatHead 0.0 236.0 119.0 275.0
WheatHead 30.0 429.0 174.0 518.0
WheatHead 63.0 317.0 126.0 376.0
WheatHead 316.0 296.0 433.0 361.0
WheatHead 261.0 146.0 357.0 311.0
WheatHead 306.0 0.0 436.0 146.0
WheatHead 415.0 15.0 612.0 144.0
WheatHead 825.0 0.0 896.0 59.0
WheatHead 885.0 27.0 938.0 127.0
WheatHead 889.0 216.0 965.0 394.0
WheatHead 976.0 350.0 1024.0 509.0
WheatHead 788.0 199.0 877.0 262.0
WheatHead 693.0 212.0 762.0 284.0
WheatHead 526.0 242.0 666.0 380.0
WheatHead 684.0 434.0 833.0 519.0
WheatHead 433.0 141.0 530.0 268.0
WheatHead 0.0 889.0 88.0 964.0
WheatHead 52.0 815.0 135.0 914.0
WheatHead 141.0 694.0 242.0 893.0
WheatHead 272.0 900.0 344.0 1009.0
WheatHead 311.0 803.0 392.0 856.0
WheatHead 232.0 654.0 303.0 814.0
WheatHead 299.0 672.0 374.0 791.0
WheatHead 477.0 653.0 683.0 746.0
WheatHead 396.0 488.0 482.0 582.0
WheatHead 322.0 514.0 396.0 637.0
WheatHead 198.0 419.0 284.0 484.0
WheatHead 208.0 493.0 306.0 671.0
WheatHead 183.0 518.0 247.0 635.0
WheatHead 617.0 881.0 722.0 991.0
WheatHead 754.0 742.0 881.0 817.0
WheatHead 867.0 620.0 1009.0 695.0
WheatHead 879.0 871.0 975.0 931.0
WheatHead 878.0 930.0 948.0 1024.0
WheatHead 775.0 971.0 844.0 1024.0
WheatHead 538.0 955.0 658.0 1024.0
WheatHead 49.0 949.0 150.0 1024.0
WheatHead 478.0 351.0 574.0 407.0
WheatHead 494.0 492.0 558.0 584.0
WheatHead 141.0 6.0 205.0 67.0
WheatHead 728.0 6.0 819.0 68.0
