WheatHead 507.0 480.0 581.0 573.0
WheatHead 361.0 685.0 428.0 787.0
WheatHead 479.0 681.0 550.0 767.0
WheatHead 488.0 380.0 574.0 472.0
WheatHead 461.0 737.0 533.0 806.0
WheatHead 707.0 920.0 828.0 987.0
WheatHead 527.0 454.0 602.0 537.0
WheatHead 49.0 34.0 116.0 106.0
WheatHead 233.0 247.0 307.0 336.0
WheatHead 427.0 259.0 528.0 313.0
WheatHead 886.0 777.0 961.0 849.0
WheatHead 846.0 288.0 877.0 380.0
WheatHead 72.0 345.0 175.0 441.0
WheatHead 152.0 662.0 232.0 723.0
WheatHead 537.0 35.0 643.0 89.0
WheatHead 879.0 598.0 965.0 669.0
WheatHead 946.0 976.0 998.0 1024.0
WheatHead 314.0 105.0 417.0 190.0
WheatHead 0.0 163.0 46.0 258.0
WheatHead 268.0 126.0 338.0 172.0
WheatHead 439.0 428.0 498.0 502.0
WheatHead 752.0 249.0 826.0 342.0
WheatHead 73.0 358.0 108.0 433.0
WheatHead 544.0 379.0 652.0 427.0
WheatHead 330.0 170.0 426.0 235.0
WheatHead 211.0 421.0 274.0 530.0
WheatHead 335.0 341.0 453.0 432.0
WheatHead 50.0 842.0 134.0 893.0
WheatHead 253.0 1.0 351.0 78.0
WheatHead 464.0 90.0 514.0 156.0
WheatHead 888.0 365.0 947.0 432.0
WheatHead 380.0 53.0 462.0 118.0
WheatHead 548.0 763.0 593.0 840.0
WheatHead 802.0 214.0 868.0 267.0
WheatHead 170.0 729.0 259.0 768.0
WheatHead 193.0 133.0 254.0 212.0
WheatHead 357.0 249.0 425.0 293.0
WheatHead 579.0 710.0 643.0 836.0
WheatHead 465.0 248.0 565.0 296.0
WheatHead 607.0 133.0 674.0 184.0
WheatHead 528.0 597.0 620.0 637.0
WheatHead 682.0 40.0 751.0 130.0
WheatHead 505.0 664.0 558.0 710.0
WheatHead 520.0 462.0 593.0 561.0
WheatHead 738.0 563.0 813.0 606.0
WheatHead 236.0 677.0 360.0 732.0
WheatHead 618.0 792.0 673.0 847.0
WheatHead 590.0 233.0 694.0 283.0
WheatHead 178.0 834.0 262.0 877.0
WheatHead 968.0 208.0 1024.0 379.0
WheatHead 163.0 274.0 262.0 330.0
WheatHead 691.0 446.0 784.0 496.0
WheatHead 21.0 0.0 62.0 40.0
WheatHead 159.0 473.0 211.0 521.0
WheatHead 803.0 452.0 902.0 493.0
WheatHead 653.0 468.0 743.0 509.0
WheatHead 323.0 628.0 416.0 667.0
WheatHead 778.0 193.0 856.0 228.0
WheatHead 256.0 812.0 334.0 850.0
WheatHead 675.0 873.0 747.0 902.0
WheatHead 293.0 197.0 347.0 260.0
WheatHead 497.0 651.0 575.0 678.0
WheatHead 719.0 531.0 770.0 567.0
WheatHead 0.0 838.0 63.0 889.0
WheatHead 219.0 252.0 318.0 297.0
WheatHead 404.0 367.0 481.0 441.0
WheatHead 323.0 796.0 437.0 857.0
WheatHead 158.0 49.0 322.0 128.0
WheatHead 174.0 748.0 245.0 794.0
WheatHead 728.0 985.0 789.0 1024.0
WheatHead 391.0 102.0 462.0 142.0
WheatHead 78.0 1.0 171.0 74.0
WheatHead 697.0 824.0 744.0 873.0
WheatHead 0.0 703.0 76.0 745.0
WheatHead 712.0 371.0 759.0 416.0
WheatHead 746.0 883.0 821.0 934.0
WheatHead 875.0 871.0 968.0 918.0
WheatHead 1.0 645.0 37.0 687.0
WheatHead 0.0 560.0 19.0 599.0
WheatHead 169.0 436.0 232.0 482.0
WheatHead 507.0 33.0 557.0 93.0
WheatHead 0.0 954.0 84.0 994.0
