WheatHead 373.0 252.0 459.0 332.0
WheatHead 429.0 326.0 521.0 387.0
WheatHead 527.0 343.0 593.0 401.0
WheatHead 514.0 303.0 577.0 346.0
WheatHead 439.0 128.0 535.0 269.0
WheatHead 485.0 97.0 567.0 171.0
WheatHead 354.0 0.0 436.0 66.0
WheatHead 209.0 59.0 285.0 120.0
WheatHead 445.0 0.0 508.0 39.0
WheatHead 0.0 25.0 69.0 73.0
WheatHead 244.0 389.0 336.0 478.0
WheatHead 187.0 444.0 266.0 509.0
WheatHead 96.0 397.0 183.0 479.0
WheatHead 20.0 487.0 187.0 549.0
WheatHead 54.0 568.0 181.0 636.0
WheatHead 332.0 517.0 409.0 610.0
WheatHead 275.0 519.0 340.0 579.0
WheatHead 140.0 248.0 261.0 368.0
WheatHead 224.0 291.0 300.0 373.0
WheatHead 510.0 541.0 583.0 611.0
WheatHead 292.0 669.0 365.0 818.0
WheatHead 228.0 702.0 308.0 793.0
WheatHead 82.0 658.0 224.0 735.0
WheatHead 83.0 724.0 199.0 833.0
WheatHead 76.0 854.0 179.0 905.0
WheatHead 555.0 766.0 642.0 855.0
WheatHead 655.0 728.0 781.0 818.0
WheatHead 772.0 670.0 879.0 762.0
WheatHead 793.0 769.0 849.0 834.0
WheatHead 779.0 845.0 862.0 899.0
WheatHead 679.0 850.0 788.0 922.0
WheatHead 516.0 939.0 662.0 1024.0
WheatHead 507.0 834.0 589.0 916.0
WheatHead 364.0 822.0 482.0 882.0
WheatHead 392.0 879.0 512.0 965.0
WheatHead 856.0 752.0 920.0 840.0
WheatHead 913.0 759.0 967.0 822.0
WheatHead 723.0 354.0 802.0 418.0
WheatHead 816.0 335.0 909.0 375.0
WheatHead 858.0 268.0 936.0 329.0
WheatHead 997.0 71.0 1024.0 211.0
WheatHead 934.0 129.0 1007.0 243.0
WheatHead 829.0 56.0 885.0 151.0
WheatHead 862.0 103.0 920.0 144.0
WheatHead 0.0 940.0 68.0 1008.0
WheatHead 55.0 988.0 123.0 1024.0
WheatHead 68.0 930.0 172.0 994.0
WheatHead 0.0 843.0 80.0 911.0
WheatHead 11.0 878.0 83.0 931.0
