WheatHead 93.0 133.0 148.0 224.0
WheatHead 167.0 238.0 215.0 306.0
WheatHead 101.0 325.0 172.0 382.0
WheatHead 191.0 299.0 246.0 351.0
WheatHead 225.0 342.0 286.0 425.0
WheatHead 251.0 280.0 343.0 374.0
WheatHead 253.0 249.0 332.0 320.0
WheatHead 257.0 193.0 339.0 265.0
WheatHead 343.0 293.0 385.0 332.0
WheatHead 309.0 377.0 369.0 423.0
WheatHead 376.0 395.0 456.0 479.0
WheatHead 474.0 350.0 591.0 412.0
WheatHead 490.0 317.0 576.0 377.0
WheatHead 552.0 301.0 600.0 369.0
WheatHead 621.0 246.0 676.0 310.0
WheatHead 635.0 322.0 680.0 383.0
WheatHead 706.0 343.0 774.0 406.0
WheatHead 755.0 314.0 837.0 374.0
WheatHead 762.0 166.0 876.0 231.0
WheatHead 871.0 271.0 940.0 348.0
WheatHead 908.0 338.0 1024.0 384.0
WheatHead 773.0 382.0 847.0 458.0
WheatHead 879.0 428.0 944.0 479.0
WheatHead 705.0 507.0 770.0 551.0
WheatHead 687.0 432.0 757.0 486.0
WheatHead 138.0 437.0 197.0 501.0
WheatHead 179.0 443.0 243.0 510.0
WheatHead 0.0 392.0 63.0 438.0
WheatHead 773.0 26.0 849.0 75.0
WheatHead 866.0 62.0 939.0 106.0
WheatHead 909.0 4.0 993.0 56.0
WheatHead 0.0 621.0 27.0 701.0
WheatHead 26.0 653.0 75.0 727.0
WheatHead 70.0 714.0 154.0 791.0
WheatHead 38.0 854.0 104.0 911.0
WheatHead 141.0 778.0 210.0 832.0
WheatHead 182.0 746.0 275.0 800.0
WheatHead 190.0 703.0 326.0 754.0
WheatHead 291.0 677.0 382.0 729.0
WheatHead 271.0 602.0 336.0 666.0
WheatHead 425.0 653.0 481.0 699.0
WheatHead 477.0 646.0 548.0 703.0
WheatHead 391.0 662.0 430.0 710.0
WheatHead 296.0 763.0 363.0 819.0
WheatHead 369.0 772.0 430.0 813.0
WheatHead 421.0 789.0 479.0 828.0
WheatHead 354.0 815.0 421.0 873.0
WheatHead 414.0 818.0 468.0 866.0
WheatHead 249.0 884.0 328.0 938.0
WheatHead 278.0 931.0 347.0 1024.0
WheatHead 475.0 870.0 531.0 922.0
WheatHead 482.0 765.0 529.0 821.0
WheatHead 613.0 806.0 686.0 851.0
WheatHead 594.0 892.0 683.0 941.0
WheatHead 709.0 877.0 769.0 942.0
WheatHead 766.0 858.0 862.0 934.0
WheatHead 837.0 980.0 952.0 1024.0
WheatHead 931.0 887.0 1021.0 968.0
WheatHead 832.0 807.0 912.0 862.0
WheatHead 896.0 810.0 978.0 858.0
WheatHead 724.0 720.0 788.0 793.0
WheatHead 774.0 761.0 867.0 803.0
WheatHead 635.0 710.0 725.0 781.0
WheatHead 804.0 728.0 855.0 758.0
WheatHead 834.0 339.0 880.0 379.0
WheatHead 930.0 460.0 961.0 496.0
WheatHead 317.0 333.0 383.0 392.0
WheatHead 795.0 832.0 840.0 878.0
WheatHead 235.0 794.0 304.0 862.0
WheatHead 553.0 347.0 620.0 393.0
