WheatHead 454.0 127.0 513.0 214.0
WheatHead 257.0 658.0 338.0 725.0
WheatHead 306.0 269.0 372.0 382.0
WheatHead 934.0 55.0 1016.0 155.0
WheatHead 229.0 259.0 295.0 345.0
WheatHead 872.0 909.0 988.0 1002.0
WheatHead 862.0 549.0 962.0 662.0
WheatHead 435.0 384.0 541.0 470.0
WheatHead 818.0 868.0 918.0 946.0
WheatHead 367.0 319.0 443.0 426.0
WheatHead 720.0 104.0 803.0 190.0
WheatHead 850.0 69.0 926.0 142.0
WheatHead 458.0 797.0 540.0 889.0
WheatHead 407.0 225.0 503.0 345.0
WheatHead 278.0 976.0 388.0 1024.0
WheatHead 794.0 950.0 878.0 1024.0
WheatHead 121.0 138.0 217.0 287.0
WheatHead 365.0 152.0 447.0 261.0
WheatHead 14.0 703.0 110.0 798.0
WheatHead 962.0 677.0 1024.0 778.0
WheatHead 877.0 185.0 980.0 292.0
WheatHead 157.0 725.0 249.0 842.0
WheatHead 499.0 169.0 616.0 244.0
WheatHead 932.0 618.0 1004.0 761.0
WheatHead 0.0 814.0 38.0 904.0
WheatHead 0.0 0.0 103.0 52.0
WheatHead 417.0 501.0 500.0 598.0
WheatHead 9.0 434.0 94.0 522.0
WheatHead 556.0 0.0 686.0 55.0
WheatHead 138.0 912.0 241.0 1015.0
WheatHead 165.0 602.0 264.0 695.0
WheatHead 190.0 187.0 259.0 235.0
WheatHead 259.0 171.0 329.0 240.0
WheatHead 223.0 69.0 297.0 181.0
WheatHead 174.0 79.0 242.0 166.0
WheatHead 736.0 413.0 785.0 466.0
WheatHead 795.0 0.0 866.0 83.0
WheatHead 918.0 4.0 997.0 93.0
