WheatHead 26.0 35.0 136.0 156.0
WheatHead 857.0 175.0 919.0 236.0
WheatHead 723.0 140.0 780.0 206.0
WheatHead 254.0 238.0 464.0 486.0
WheatHead 68.0 16.0 187.0 135.0
WheatHead 176.0 33.0 282.0 184.0
WheatHead 69.0 1.0 192.0 77.0
WheatHead 294.0 140.0 462.0 218.0
WheatHead 0.0 658.0 267.0 763.0
WheatHead 811.0 3.0 931.0 177.0
WheatHead 568.0 97.0 751.0 262.0
WheatHead 83.0 428.0 195.0 662.0
WheatHead 306.0 721.0 507.0 811.0
WheatHead 552.0 590.0 692.0 680.0
WheatHead 249.0 512.0 507.0 689.0
WheatHead 761.0 839.0 824.0 895.0
WheatHead 537.0 557.0 694.0 657.0
WheatHead 430.0 127.0 557.0 214.0
WheatHead 349.0 371.0 549.0 485.0
WheatHead 674.0 667.0 780.0 713.0
