WheatHead 866.0 299.0 1024.0 408.0
WheatHead 376.0 220.0 477.0 352.0
WheatHead 455.0 17.0 560.0 123.0
WheatHead 911.0 693.0 996.0 823.0
WheatHead 535.0 422.0 616.0 563.0
WheatHead 416.0 698.0 522.0 905.0
WheatHead 576.0 0.0 670.0 99.0
WheatHead 488.0 570.0 647.0 674.0
WheatHead 759.0 167.0 941.0 275.0
WheatHead 693.0 629.0 823.0 740.0
WheatHead 755.0 717.0 896.0 816.0
WheatHead 901.0 388.0 983.0 493.0
WheatHead 501.0 849.0 585.0 946.0
WheatHead 60.0 666.0 239.0 743.0
WheatHead 133.0 296.0 320.0 419.0
WheatHead 152.0 95.0 251.0 167.0
WheatHead 563.0 667.0 638.0 746.0
WheatHead 611.0 488.0 750.0 655.0
WheatHead 757.0 962.0 896.0 1024.0
WheatHead 348.0 0.0 425.0 65.0
WheatHead 345.0 522.0 527.0 624.0
WheatHead 183.0 835.0 396.0 949.0
WheatHead 322.0 824.0 405.0 1011.0
WheatHead 2.0 743.0 145.0 862.0
WheatHead 2.0 215.0 90.0 317.0
