WheatHead 39.0 386.0 140.0 464.0
WheatHead 241.0 835.0 329.0 933.0
WheatHead 80.0 118.0 143.0 228.0
WheatHead 827.0 191.0 868.0 299.0
WheatHead 513.0 109.0 562.0 188.0
WheatHead 890.0 338.0 935.0 450.0
WheatHead 415.0 432.0 533.0 486.0
WheatHead 311.0 836.0 408.0 972.0
WheatHead 738.0 424.0 783.0 584.0
WheatHead 596.0 223.0 708.0 260.0
WheatHead 744.0 641.0 813.0 699.0
WheatHead 417.0 815.0 550.0 946.0
WheatHead 374.0 59.0 490.0 156.0
WheatHead 891.0 778.0 955.0 823.0
WheatHead 985.0 490.0 1024.0 567.0
WheatHead 821.0 316.0 886.0 423.0
WheatHead 363.79998779296875 770.0999755859375 522.0 824.0
WheatHead 962.0 214.0 1021.0 288.0
WheatHead 742.0 330.0 826.0 491.0
WheatHead 117.0 54.0 202.0 140.0
WheatHead 260.0 329.0 308.0 476.0
WheatHead 65.0 240.0 131.0 307.0
WheatHead 196.0 126.0 293.0 175.0
WheatHead 404.0 195.0 491.0 282.0
WheatHead 79.0 679.0 137.0 746.0
WheatHead 720.0 573.0 767.0 647.0
WheatHead 872.0 165.0 937.0 266.0
WheatHead 361.0 141.0 425.0 217.0
WheatHead 0.0 580.0 72.0 662.0
WheatHead 581.0 337.0 629.0 395.0
WheatHead 809.0 968.0 843.0 1024.0
WheatHead 636.0 432.0 667.0 502.0
WheatHead 860.0 285.0 939.0 319.0
WheatHead 565.0 1.0 617.0 43.0
WheatHead 888.0 0.0 980.0 112.0
WheatHead 632.0 563.0 684.0 673.0
WheatHead 10.0 30.0 90.0 136.0
WheatHead 592.0 259.0 682.0 338.0
WheatHead 106.0 998.0 147.0 1024.0
WheatHead 794.0 936.0 863.0 978.0
WheatHead 660.0 551.0 697.0 632.0
WheatHead 98.0 851.0 193.0 897.0
WheatHead 304.0 554.0 382.0 709.0
WheatHead 851.0 0.0 908.0 95.0
WheatHead 338.0 140.0 371.0 249.0
WheatHead 948.0 705.0 1003.0 765.0
WheatHead 312.0 57.0 425.0 173.0
WheatHead 1.0 921.0 46.0 973.0
WheatHead 208.0 0.0 268.0 53.0
WheatHead 57.0 845.0 122.0 914.0
WheatHead 687.0 324.0 772.0 409.0
WheatHead 0.0 196.0 97.0 247.0
WheatHead 438.0 700.0 514.0 819.0
WheatHead 0.0 126.0 72.0 231.0
