WheatHead 0.0 844.0 18.0 912.0
WheatHead 75.0 809.0 161.0 894.0
WheatHead 169.0 723.0 294.0 811.0
WheatHead 126.0 614.0 180.0 677.0
WheatHead 0.0 970.0 61.0 1024.0
WheatHead 65.0 979.0 171.0 1024.0
WheatHead 650.0 979.0 732.0 1024.0
WheatHead 780.0 983.0 850.0 1024.0
WheatHead 842.0 934.0 896.0 1024.0
WheatHead 919.0 984.0 969.0 1024.0
WheatHead 984.0 849.0 1024.0 926.0
WheatHead 811.0 812.0 878.0 878.0
WheatHead 699.0 818.0 799.0 905.0
WheatHead 668.0 690.0 742.0 760.0
WheatHead 520.0 780.0 614.0 863.0
WheatHead 252.0 866.0 364.0 957.0
WheatHead 301.0 636.0 396.0 708.0
WheatHead 299.0 573.0 371.0 629.0
WheatHead 211.0 547.0 281.0 620.0
WheatHead 431.0 519.0 535.0 624.0
WheatHead 577.0 545.0 657.0 615.0
WheatHead 611.0 472.0 683.0 547.0
WheatHead 699.0 504.0 778.0 572.0
WheatHead 851.0 601.0 907.0 662.0
WheatHead 986.0 662.0 1024.0 729.0
WheatHead 906.0 598.0 975.0 709.0
WheatHead 651.0 314.0 771.0 374.0
WheatHead 669.0 281.0 722.0 391.0
WheatHead 525.0 301.0 635.0 373.0
WheatHead 552.0 230.0 636.0 290.0
WheatHead 904.0 290.0 1024.0 417.0
WheatHead 986.0 192.0 1024.0 294.0
WheatHead 800.0 181.0 884.0 251.0
WheatHead 649.0 119.0 712.0 175.0
WheatHead 374.0 402.0 485.0 466.0
WheatHead 323.0 430.0 434.0 502.0
WheatHead 186.0 428.0 275.0 508.0
WheatHead 246.0 312.0 353.0 370.0
WheatHead 357.0 318.0 460.0 370.0
WheatHead 237.0 162.0 351.0 231.0
WheatHead 174.0 43.0 252.0 171.0
WheatHead 0.0 221.0 86.0 293.0
WheatHead 0.0 150.0 29.0 200.0
WheatHead 217.0 0.0 265.0 37.0
WheatHead 292.0 0.0 344.0 43.0
WheatHead 451.0 19.0 551.0 89.0
WheatHead 478.0 92.0 580.0 188.0
WheatHead 818.0 60.0 913.0 139.0
WheatHead 0.0 532.0 54.0 663.0
WheatHead 964.0 392.0 1024.0 495.0
