WheatHead 606.0 128.0 691.0 232.0
WheatHead 258.0 906.0 343.0 1003.0
WheatHead 803.0 798.0 898.0 908.0
WheatHead 604.0 629.0 768.0 814.0
WheatHead 159.0 411.0 230.0 483.0
WheatHead 0.0 901.0 104.0 998.0
WheatHead 238.0 560.0 422.0 683.0
WheatHead 757.0 616.0 911.0 729.0
WheatHead 186.0 302.0 325.0 404.0
WheatHead 335.0 143.0 481.0 320.0
WheatHead 87.0 33.0 171.0 133.0
WheatHead 0.0 848.0 72.0 924.0
WheatHead 56.0 115.0 186.0 184.0
WheatHead 358.0 35.0 440.0 230.0
WheatHead 673.0 345.0 808.0 509.0
WheatHead 419.0 0.0 675.0 94.0
WheatHead 471.0 302.0 619.0 424.0
WheatHead 824.0 504.0 985.0 565.0
WheatHead 673.0 0.0 811.0 99.0
WheatHead 883.0 616.0 1024.0 698.0
WheatHead 322.0 560.0 463.0 616.0
WheatHead 409.0 396.0 576.0 506.0
WheatHead 151.0 0.0 240.0 115.0
WheatHead 640.0 386.0 755.0 614.0
WheatHead 775.0 442.0 1024.0 547.0
WheatHead 747.0 899.0 965.0 1024.0
WheatHead 619.0 363.0 768.0 527.0
WheatHead 348.0 751.0 555.0 855.0
WheatHead 949.0 762.0 1024.0 821.0
WheatHead 754.0 0.0 887.0 62.0
WheatHead 785.0 468.0 1011.0 529.0
WheatHead 348.0 419.0 473.0 486.0
WheatHead 541.0 940.0 848.0 1024.0
WheatHead 419.0 299.0 558.0 427.0
WheatHead 422.0 926.0 591.0 1024.0
WheatHead 576.0 624.0 729.0 663.0
WheatHead 750.0 660.0 885.0 724.0
WheatHead 563.0 486.0 696.0 524.0
WheatHead 430.0 368.0 535.0 455.0
WheatHead 606.0 17.0 696.0 110.0
WheatHead 399.0 704.0 565.0 922.0
