WheatHead 0.0 804.0 57.0 860.0
WheatHead 131.0 927.0 232.0 1024.0
WheatHead 17.0 736.0 135.0 868.0
WheatHead 4.0 590.0 55.0 654.0
WheatHead 38.0 494.0 120.0 551.0
WheatHead 102.0 434.0 171.0 516.0
WheatHead 93.0 372.0 137.0 478.0
WheatHead 45.0 348.0 92.0 422.0
WheatHead 216.0 350.0 268.0 470.0
WheatHead 258.0 442.0 329.0 524.0
WheatHead 350.0 498.0 408.0 543.0
WheatHead 290.0 524.0 364.0 600.0
WheatHead 233.0 596.0 294.0 652.0
WheatHead 378.0 623.0 445.0 678.0
WheatHead 336.0 893.0 381.0 963.0
WheatHead 0.0 0.0 63.0 126.0
WheatHead 145.0 92.0 218.0 171.0
WheatHead 215.0 130.0 356.0 189.0
WheatHead 227.0 23.0 357.0 110.0
WheatHead 115.0 271.0 213.0 328.0
WheatHead 54.0 288.0 115.0 342.0
WheatHead 645.0 475.0 699.0 519.0
WheatHead 565.0 314.0 648.0 419.0
WheatHead 722.0 325.0 788.0 382.0
WheatHead 732.0 397.0 795.0 442.0
WheatHead 771.0 449.0 830.0 549.0
WheatHead 717.0 560.0 760.0 636.0
WheatHead 664.0 588.0 724.0 636.0
WheatHead 602.0 520.0 678.0 640.0
WheatHead 580.0 642.0 667.0 687.0
WheatHead 424.0 600.0 487.0 662.0
WheatHead 477.0 569.0 517.0 644.0
WheatHead 485.0 563.0 545.0 638.0
WheatHead 551.0 752.0 599.0 798.0
WheatHead 885.0 652.0 949.0 720.0
WheatHead 943.0 700.0 1018.0 782.0
WheatHead 857.0 560.0 918.0 641.0
WheatHead 811.0 219.0 874.0 320.0
WheatHead 898.0 221.0 976.0 290.0
WheatHead 960.0 151.0 1024.0 218.0
WheatHead 627.0 168.0 717.0 248.0
WheatHead 646.0 243.0 700.0 311.0
WheatHead 685.0 232.0 730.0 269.0
WheatHead 747.0 258.0 794.0 311.0
WheatHead 776.0 61.0 832.0 161.0
WheatHead 750.0 66.0 862.0 148.0
WheatHead 859.0 29.0 937.0 100.0
WheatHead 578.0 0.0 644.0 48.0
WheatHead 570.0 949.0 666.0 1024.0
WheatHead 710.0 905.0 804.0 1000.0
WheatHead 657.0 870.0 728.0 937.0
WheatHead 513.0 897.0 593.0 965.0
WheatHead 876.0 977.0 981.0 1024.0
