WheatHead 124.0 162.0 205.0 265.0
WheatHead 24.0 349.0 151.0 486.0
WheatHead 194.0 334.0 231.0 371.0
WheatHead 304.0 414.0 379.0 476.0
WheatHead 437.0 216.0 506.0 367.0
WheatHead 442.0 416.0 623.0 521.0
WheatHead 626.0 202.0 735.0 338.0
WheatHead 669.0 0.0 757.0 96.0
WheatHead 862.0 0.0 944.0 59.0
WheatHead 0.0 725.0 22.0 858.0
WheatHead 67.0 827.0 165.0 1016.0
WheatHead 130.0 812.0 212.0 939.0
WheatHead 82.0 585.0 177.0 738.0
WheatHead 232.0 630.0 327.0 722.0
WheatHead 174.0 483.0 300.0 594.0
WheatHead 391.0 556.0 496.0 707.0
WheatHead 566.0 679.0 679.0 771.0
WheatHead 709.0 643.0 790.0 729.0
WheatHead 728.0 958.0 882.0 1024.0
WheatHead 763.0 510.0 848.0 588.0
WheatHead 749.0 402.0 840.0 481.0
WheatHead 964.0 485.0 1024.0 597.0
WheatHead 412.0 949.0 505.0 1024.0
WheatHead 371.0 965.0 416.0 1024.0
