WheatHead 129.0 142.0 236.0 219.0
WheatHead 163.0 239.0 230.0 294.0
WheatHead 216.0 280.0 280.0 344.0
WheatHead 291.0 234.0 350.0 298.0
WheatHead 249.0 168.0 305.0 228.0
WheatHead 367.0 45.0 423.0 111.0
WheatHead 443.0 0.0 511.0 56.0
WheatHead 421.0 51.0 500.0 152.0
WheatHead 501.0 78.0 574.0 141.0
WheatHead 647.0 104.0 748.0 194.0
WheatHead 799.0 17.0 871.0 86.0
WheatHead 952.0 19.0 1024.0 96.0
WheatHead 869.0 120.0 963.0 185.0
WheatHead 808.0 98.0 881.0 153.0
WheatHead 48.0 283.0 134.0 342.0
WheatHead 36.0 197.0 97.0 256.0
WheatHead 129.0 361.0 193.0 441.0
WheatHead 186.0 367.0 249.0 436.0
WheatHead 137.0 546.0 212.0 650.0
WheatHead 62.0 544.0 133.0 621.0
WheatHead 92.0 681.0 161.0 748.0
WheatHead 9.0 739.0 80.0 781.0
WheatHead 9.0 776.0 93.0 842.0
WheatHead 137.0 727.0 197.0 776.0
WheatHead 195.0 714.0 273.0 792.0
WheatHead 318.0 690.0 396.0 758.0
WheatHead 294.0 761.0 367.0 840.0
WheatHead 227.0 791.0 310.0 901.0
WheatHead 187.0 975.0 268.0 1024.0
WheatHead 509.0 874.0 567.0 946.0
WheatHead 549.0 766.0 609.0 847.0
WheatHead 609.0 725.0 683.0 821.0
WheatHead 632.0 834.0 705.0 904.0
WheatHead 773.0 925.0 859.0 986.0
WheatHead 677.0 955.0 746.0 1024.0
WheatHead 780.0 982.0 860.0 1024.0
WheatHead 934.0 806.0 1008.0 893.0
WheatHead 725.0 634.0 802.0 691.0
WheatHead 742.0 690.0 826.0 754.0
WheatHead 591.0 641.0 660.0 712.0
WheatHead 492.0 623.0 552.0 684.0
WheatHead 396.0 641.0 458.0 698.0
WheatHead 425.0 705.0 494.0 768.0
WheatHead 385.0 485.0 482.0 604.0
WheatHead 508.0 448.0 583.0 524.0
WheatHead 600.0 449.0 666.0 527.0
WheatHead 658.0 397.0 737.0 464.0
WheatHead 672.0 481.0 744.0 539.0
WheatHead 668.0 537.0 750.0 598.0
WheatHead 873.0 354.0 948.0 452.0
WheatHead 978.0 419.0 1024.0 503.0
WheatHead 914.0 539.0 970.0 604.0
WheatHead 486.0 279.0 560.0 350.0
WheatHead 541.0 64.0 608.0 111.0
WheatHead 799.0 591.0 849.0 657.0
WheatHead 550.0 567.0 621.0 624.0
WheatHead 467.0 107.0 546.0 219.0
WheatHead 536.0 172.0 620.0 231.0
WheatHead 676.0 679.0 732.0 733.0
WheatHead 39.0 12.0 98.0 75.0
