WheatHead 212.10000610351562 53.5 318.5 167.39999389648438
WheatHead 748.0 339.0 786.0 417.0
WheatHead 344.0 94.0 396.0 196.0
WheatHead 868.0 801.0 936.0 866.0
WheatHead 25.0 735.0 95.0 811.0
WheatHead 133.0 931.0 234.0 1024.0
WheatHead 896.0 137.0 951.0 248.0
WheatHead 890.0 0.0 961.0 90.0
WheatHead 457.0 512.0 529.0 570.0
WheatHead 596.0 461.0 669.0 520.0
WheatHead 91.0 0.0 153.0 79.0
WheatHead 939.0 80.0 985.0 174.0
WheatHead 663.0 663.0 738.0 742.0
WheatHead 0.0 535.0 113.0 595.0
WheatHead 30.0 447.0 191.0 524.0
WheatHead 0.0 79.0 46.0 128.0
WheatHead 73.0 907.0 166.0 963.0
WheatHead 33.0 843.0 63.0 909.0
WheatHead 787.0 65.0 816.0 136.0
WheatHead 991.0 1.0 1024.0 120.0
WheatHead 782.0 0.0 816.0 62.0
WheatHead 385.0 611.0 454.0 677.0
WheatHead 488.0 244.0 544.0 345.0
WheatHead 819.0 733.0 872.0 871.0
WheatHead 647.0 155.0 709.0 251.0
WheatHead 483.0 452.0 558.0 503.0
WheatHead 736.0 0.0 783.0 23.0
WheatHead 209.0 549.0 288.0 611.0
WheatHead 84.0 684.0 116.0 772.0
WheatHead 550.0 818.0 661.0 881.0
WheatHead 830.0 880.0 985.0 1024.0
WheatHead 53.0 88.0 117.0 154.0
WheatHead 900.0 412.0 994.0 460.0
WheatHead 202.0 675.0 318.0 749.0
WheatHead 581.0 256.0 648.0 406.0
WheatHead 269.0 410.0 355.0 529.0
WheatHead 834.0 102.0 886.0 214.0
WheatHead 345.0 346.0 478.0 456.0
WheatHead 0.0 411.0 100.0 503.0
WheatHead 358.0 509.0 417.0 597.0
WheatHead 809.0 678.0 843.0 742.0
WheatHead 262.0 246.0 365.0 297.0
WheatHead 690.0 15.0 742.0 68.0
WheatHead 942.0 42.0 996.0 121.0
WheatHead 356.0 21.0 434.0 65.0
WheatHead 547.0 988.0 617.0 1024.0
WheatHead 297.0 562.0 401.0 613.0
WheatHead 330.0 410.0 405.0 442.0
WheatHead 962.0 574.0 993.0 673.0
WheatHead 566.0 937.0 594.0 1006.0
WheatHead 977.0 474.0 1024.0 524.0
WheatHead 984.0 523.0 1024.0 607.0
WheatHead 967.0 374.0 1024.0 452.0
WheatHead 139.0 705.0 184.0 758.0
WheatHead 170.0 101.0 222.0 142.0
