WheatHead 42.0 883.0 135.0 996.0
WheatHead 734.0 346.0 811.0 420.0
WheatHead 724.0 238.0 849.0 339.0
WheatHead 434.0 559.0 524.0 621.0
WheatHead 68.0 335.0 180.0 406.0
WheatHead 787.0 715.0 877.0 802.0
WheatHead 346.0 943.0 462.0 1010.0
WheatHead 341.0 35.0 446.0 128.0
WheatHead 270.0 165.0 345.0 236.0
WheatHead 173.0 106.0 258.0 203.0
WheatHead 816.0 509.0 905.0 615.0
WheatHead 507.0 554.0 581.0 638.0
WheatHead 705.0 596.0 831.0 687.0
WheatHead 613.0 633.0 692.0 688.0
WheatHead 768.0 233.0 853.0 294.0
WheatHead 861.0 342.0 956.0 416.0
WheatHead 897.0 133.0 1000.0 260.0
WheatHead 131.0 28.0 234.0 83.0
WheatHead 146.0 634.0 230.0 684.0
WheatHead 331.0 311.0 425.0 450.0
WheatHead 887.0 327.0 1023.0 407.0
WheatHead 588.0 19.0 685.0 117.0
WheatHead 273.0 877.0 338.0 953.0
WheatHead 0.0 236.0 68.0 357.0
WheatHead 518.0 685.0 676.0 731.0
WheatHead 397.0 295.0 532.0 357.0
WheatHead 386.0 866.0 472.0 957.0
WheatHead 558.0 502.0 666.0 638.0
WheatHead 499.0 423.0 636.0 542.0
WheatHead 835.0 416.0 906.0 468.0
WheatHead 116.0 895.0 195.0 994.0
WheatHead 415.0 0.0 475.0 53.0
WheatHead 761.0 830.0 849.0 916.0
WheatHead 260.0 285.0 350.0 391.0
WheatHead 0.0 883.0 64.0 953.0
WheatHead 845.0 163.0 920.0 264.0
WheatHead 69.0 234.0 153.0 281.0
WheatHead 487.0 866.0 645.0 978.0
WheatHead 263.0 252.0 365.0 318.0
WheatHead 963.0 599.0 1024.0 682.0
WheatHead 491.0 13.0 607.0 75.0
WheatHead 327.0 774.0 455.0 853.0
WheatHead 850.0 117.0 935.0 241.0
WheatHead 555.0 275.0 613.0 338.0
WheatHead 930.0 771.0 999.0 819.0
WheatHead 910.0 984.0 963.0 1024.0
WheatHead 323.0 167.0 406.0 247.0
WheatHead 367.0 981.0 448.0 1023.0
WheatHead 229.0 327.0 304.0 374.0
WheatHead 403.0 219.0 512.0 298.0
WheatHead 152.0 959.0 244.0 1024.0
WheatHead 659.0 0.0 700.0 47.0
WheatHead 972.0 0.0 1019.0 36.0
WheatHead 865.0 0.0 906.0 31.0
WheatHead 0.0 154.0 83.0 243.0
WheatHead 932.0 567.0 999.0 618.0
WheatHead 184.0 363.0 262.0 390.0
WheatHead 379.0 192.0 513.0 297.0
WheatHead 638.0 992.0 705.0 1024.0
WheatHead 414.0 764.0 628.0 840.0
WheatHead 171.0 1.0 301.0 98.0
