WheatHead 665.0 896.0 729.0 983.0
WheatHead 719.0 683.0 803.0 801.0
WheatHead 765.0 798.0 834.0 878.0
WheatHead 762.0 968.0 830.0 1024.0
WheatHead 903.0 857.0 972.0 935.0
WheatHead 673.0 145.0 760.0 258.0
WheatHead 755.0 230.0 857.0 355.0
WheatHead 778.0 348.0 847.0 427.0
WheatHead 716.0 391.0 783.0 460.0
WheatHead 739.0 543.0 811.0 606.0
WheatHead 678.0 622.0 744.0 688.0
WheatHead 972.0 635.0 1024.0 706.0
WheatHead 849.0 94.0 916.0 207.0
WheatHead 896.0 509.0 990.0 582.0
WheatHead 801.0 2.0 852.0 138.0
WheatHead 956.0 842.0 998.0 927.0
WheatHead 584.0 60.0 651.0 144.0
WheatHead 791.0 138.0 862.0 240.0
WheatHead 655.0 46.0 714.0 97.0
WheatHead 578.0 2.0 646.0 69.0
WheatHead 872.0 2.0 936.0 79.0
WheatHead 980.0 2.0 1021.0 53.0
WheatHead 898.0 84.0 985.0 176.0
WheatHead 750.0 33.0 798.0 171.0
WheatHead 688.0 99.0 755.0 166.0
WheatHead 951.0 568.0 1020.0 625.0
WheatHead 827.0 945.0 880.0 996.0
