WheatHead 975.0 171.0 1024.0 207.0
WheatHead 930.0 96.0 995.0 172.0
WheatHead 933.0 221.0 968.0 259.0
WheatHead 805.0 28.0 858.0 95.0
WheatHead 742.0 93.0 790.0 148.0
WheatHead 888.0 0.0 984.0 26.0
WheatHead 779.0 291.0 821.0 332.0
WheatHead 747.0 290.0 819.0 344.0
WheatHead 809.0 230.0 878.0 344.0
WheatHead 748.0 335.0 790.0 367.0
WheatHead 485.0 306.0 526.0 359.0
WheatHead 583.0 288.0 654.0 331.0
WheatHead 588.0 256.0 658.0 315.0
WheatHead 484.0 82.0 566.0 126.0
WheatHead 415.0 32.0 517.0 84.0
WheatHead 263.0 235.0 353.0 285.0
WheatHead 302.0 233.0 384.0 298.0
WheatHead 135.0 275.0 214.0 315.0
WheatHead 77.0 287.0 129.0 338.0
WheatHead 192.0 0.0 263.0 17.0
WheatHead 28.0 2.0 110.0 31.0
WheatHead 24.0 385.0 100.0 428.0
WheatHead 0.0 331.0 43.0 377.0
WheatHead 54.0 888.0 148.0 924.0
WheatHead 792.0 391.0 865.0 433.0
WheatHead 639.0 417.0 699.0 459.0
WheatHead 469.0 378.0 523.0 419.0
WheatHead 766.0 481.0 852.0 537.0
WheatHead 759.0 501.0 848.0 550.0
WheatHead 582.0 531.0 651.0 566.0
WheatHead 810.0 577.0 871.0 628.0
WheatHead 931.0 882.0 988.0 924.0
WheatHead 747.0 847.0 809.0 889.0
WheatHead 717.0 792.0 802.0 827.0
WheatHead 588.0 823.0 669.0 863.0
WheatHead 515.0 794.0 597.0 847.0
WheatHead 555.0 895.0 621.0 933.0
WheatHead 443.0 824.0 499.0 884.0
WheatHead 470.0 922.0 566.0 966.0
WheatHead 756.0 939.0 798.0 1001.0
WheatHead 925.0 980.0 985.0 1024.0
WheatHead 120.0 430.0 161.0 490.0
WheatHead 155.0 902.0 263.0 947.0
WheatHead 334.0 813.0 379.0 852.0
WheatHead 392.0 880.0 449.0 918.0
WheatHead 351.0 987.0 422.0 1023.0
