WheatHead 318.0 890.0 480.0 982.0
WheatHead 679.0 547.0 810.0 624.0
WheatHead 496.0 708.0 628.0 887.0
WheatHead 645.0 921.0 837.0 1024.0
WheatHead 515.0 116.0 642.0 252.0
WheatHead 145.0 165.0 348.0 305.0
WheatHead 222.0 2.0 327.0 153.0
WheatHead 202.0 939.0 289.0 1003.0
WheatHead 890.0 384.0 1024.0 588.0
WheatHead 0.0 557.0 131.0 712.0
WheatHead 0.0 826.0 74.0 1024.0
WheatHead 746.0 85.0 897.0 222.0
WheatHead 974.0 178.0 1024.0 379.0
WheatHead 916.0 849.0 1021.0 962.0
WheatHead 0.0 488.0 113.0 590.0
WheatHead 0.0 437.0 93.0 503.0
WheatHead 92.0 619.0 212.0 1011.0
WheatHead 668.0 51.0 819.0 143.0
WheatHead 813.0 483.0 936.0 579.0
WheatHead 910.0 16.0 1024.0 339.0
WheatHead 834.0 2.0 945.0 102.0
WheatHead 690.0 599.0 773.0 702.0
WheatHead 566.0 0.0 717.0 171.0
WheatHead 195.0 276.0 264.0 311.0
WheatHead 0.0 715.0 44.0 801.0
