WheatHead 818.0 273.0 899.0 358.0
WheatHead 908.0 279.0 970.0 343.0
WheatHead 979.0 223.0 1024.0 329.0
WheatHead 813.0 18.0 884.0 94.0
WheatHead 585.0 0.0 664.0 37.0
WheatHead 544.0 0.0 593.0 56.0
WheatHead 722.0 153.0 815.0 235.0
WheatHead 624.0 208.0 724.0 279.0
WheatHead 490.0 235.0 605.0 321.0
WheatHead 508.0 348.0 572.0 406.0
WheatHead 462.0 352.0 529.0 432.0
WheatHead 490.0 411.0 538.0 474.0
WheatHead 552.0 407.0 606.0 474.0
WheatHead 724.0 453.0 795.0 523.0
WheatHead 727.0 335.0 811.0 397.0
WheatHead 905.0 441.0 991.0 515.0
WheatHead 938.0 501.0 1005.0 545.0
WheatHead 322.0 243.0 396.0 294.0
WheatHead 260.0 176.0 326.0 247.0
WheatHead 167.0 176.0 256.0 283.0
WheatHead 163.0 38.0 210.0 90.0
WheatHead 213.0 40.0 266.0 96.0
WheatHead 392.0 0.0 470.0 20.0
WheatHead 47.0 17.0 119.0 112.0
WheatHead 122.0 0.0 169.0 67.0
WheatHead 37.0 164.0 120.0 261.0
WheatHead 51.0 266.0 133.0 340.0
WheatHead 43.0 359.0 168.0 434.0
WheatHead 223.0 328.0 325.0 399.0
WheatHead 247.0 434.0 358.0 499.0
WheatHead 468.0 508.0 556.0 572.0
WheatHead 68.0 488.0 133.0 542.0
WheatHead 765.0 548.0 849.0 605.0
WheatHead 956.0 825.0 1012.0 879.0
WheatHead 926.0 885.0 1002.0 963.0
WheatHead 1000.0 750.0 1024.0 821.0
WheatHead 834.0 770.0 918.0 830.0
WheatHead 552.0 721.0 616.0 783.0
WheatHead 366.0 703.0 453.0 766.0
WheatHead 324.0 769.0 418.0 834.0
WheatHead 376.0 882.0 471.0 968.0
WheatHead 492.0 884.0 559.0 950.0
WheatHead 658.0 934.0 707.0 991.0
WheatHead 228.0 894.0 310.0 971.0
WheatHead 0.0 751.0 55.0 854.0
WheatHead 107.0 522.0 173.0 563.0
WheatHead 3.0 911.0 75.0 958.0
WheatHead 544.0 893.0 594.0 934.0
WheatHead 253.0 0.0 315.0 45.0
WheatHead 943.0 383.0 996.0 436.0
WheatHead 896.0 913.0 956.0 964.0
WheatHead 670.0 356.0 724.0 406.0
WheatHead 135.0 408.0 197.0 453.0
