WheatHead 739.0 778.0 911.0 875.0
WheatHead 409.0 102.0 514.0 225.0
WheatHead 66.0 798.0 151.0 896.0
WheatHead 573.0 770.0 691.0 919.0
WheatHead 407.0 0.0 501.0 81.0
WheatHead 838.0 26.0 979.0 112.0
WheatHead 2.0 51.0 97.0 161.0
WheatHead 465.0 240.0 596.0 371.0
WheatHead 750.0 629.0 837.0 704.0
WheatHead 184.0 655.0 276.0 744.0
WheatHead 506.0 563.0 599.0 655.0
WheatHead 614.0 184.0 711.0 266.0
WheatHead 151.0 240.0 261.0 337.0
WheatHead 130.0 0.0 207.0 58.0
WheatHead 20.0 0.0 89.0 46.0
WheatHead 404.0 673.0 473.0 765.0
WheatHead 51.0 268.0 151.0 381.0
WheatHead 468.0 698.0 560.0 768.0
WheatHead 245.0 409.0 394.0 642.0
WheatHead 76.0 565.0 168.0 691.0
WheatHead 0.0 118.0 27.0 226.0
WheatHead 238.0 775.0 407.0 975.0
WheatHead 166.0 793.0 263.0 862.0
WheatHead 15.0 407.0 212.0 512.0
WheatHead 739.0 325.0 936.0 442.0
WheatHead 0.0 445.0 40.0 537.0
WheatHead 931.0 650.0 1016.0 762.0
WheatHead 760.0 478.0 926.0 588.0
WheatHead 581.0 266.0 657.0 366.0
WheatHead 143.0 138.0 227.0 207.0
WheatHead 140.0 322.0 258.0 445.0
WheatHead 950.0 179.0 1024.0 277.0
WheatHead 0.0 826.0 53.0 893.0
WheatHead 844.0 947.0 924.0 998.0
WheatHead 732.0 407.0 901.0 501.0
WheatHead 194.0 197.0 261.0 266.0
WheatHead 128.0 499.0 212.0 611.0
WheatHead 670.0 865.0 770.0 965.0
WheatHead 46.0 240.0 107.0 302.0
WheatHead 40.0 588.0 128.0 734.0
WheatHead 478.0 616.0 558.0 673.0
WheatHead 657.0 56.0 729.0 120.0
WheatHead 604.0 12.0 711.0 71.0
WheatHead 544.0 0.0 696.0 49.0
WheatHead 212.0 0.0 405.0 49.0
