WheatHead 476.0 917.0 546.0 1003.0
WheatHead 0.0 38.0 37.0 161.0
WheatHead 0.0 387.0 50.0 465.0
WheatHead 851.0 2.0 901.0 81.0
WheatHead 339.0 6.0 393.0 125.0
WheatHead 522.0 425.0 599.0 495.0
WheatHead 603.0 15.0 686.0 126.0
WheatHead 365.0 385.0 402.0 472.0
WheatHead 963.0 87.0 1021.0 166.0
WheatHead 6.0 827.0 57.0 895.0
WheatHead 267.0 578.0 357.0 651.0
WheatHead 229.0 64.0 301.0 161.0
WheatHead 0.0 909.0 128.0 998.0
WheatHead 64.0 166.0 113.0 253.0
WheatHead 427.0 83.0 518.0 154.0
WheatHead 821.0 286.0 882.0 405.0
WheatHead 182.0 626.0 271.0 678.0
WheatHead 249.0 684.0 330.0 772.0
WheatHead 268.0 873.0 350.0 965.0
WheatHead 850.0 576.0 909.0 660.0
WheatHead 628.0 125.0 689.0 208.0
WheatHead 0.0 604.0 81.0 675.0
WheatHead 514.0 621.0 593.0 684.0
WheatHead 700.0 682.0 744.0 767.0
WheatHead 470.0 0.0 501.0 98.0
WheatHead 606.0 187.0 664.0 318.0
WheatHead 456.0 365.0 510.0 471.0
WheatHead 318.0 779.0 461.0 910.0
WheatHead 675.0 215.0 734.0 338.0
WheatHead 719.0 922.0 776.0 992.0
WheatHead 992.0 412.0 1024.0 480.0
WheatHead 404.0 719.0 462.0 776.0
WheatHead 176.0 423.0 304.0 494.0
WheatHead 164.0 334.0 240.0 435.0
WheatHead 566.0 324.0 612.0 419.0
WheatHead 86.0 730.0 148.0 780.0
WheatHead 425.0 509.0 525.0 609.0
WheatHead 360.0 255.0 402.0 400.0
WheatHead 172.0 480.0 241.0 565.0
WheatHead 584.0 670.0 637.0 788.0
WheatHead 749.0 0.0 804.0 35.0
WheatHead 989.0 862.0 1024.0 939.0
WheatHead 549.0 925.0 622.0 981.0
WheatHead 749.0 138.0 832.0 195.0
WheatHead 802.0 853.0 945.0 927.0
WheatHead 376.0 253.0 427.0 335.0
WheatHead 872.0 977.0 961.0 1024.0
WheatHead 372.0 110.0 402.0 178.0
WheatHead 999.0 973.0 1022.0 1022.0
WheatHead 811.0 382.0 842.0 450.0
WheatHead 962.0 585.0 995.0 659.0
WheatHead 524.0 0.0 598.0 62.0
WheatHead 814.0 553.0 867.0 642.0
WheatHead 649.0 273.0 701.0 350.0
WheatHead 118.0 910.0 177.0 965.0
WheatHead 643.0 1000.0 700.0 1024.0
WheatHead 0.0 576.0 42.0 623.0
WheatHead 790.0 758.0 892.0 817.0
WheatHead 137.0 877.0 220.0 916.0
WheatHead 468.0 461.0 542.0 506.0
WheatHead 569.0 233.0 615.0 268.0
WheatHead 81.0 55.0 121.0 120.0
WheatHead 138.0 222.0 196.0 300.0
WheatHead 596.0 66.0 638.0 144.0
WheatHead 878.0 848.0 982.0 884.0
WheatHead 0.0 21.0 43.0 69.0
WheatHead 543.0 296.0 574.0 375.0
WheatHead 998.0 185.0 1024.0 251.0
WheatHead 0.0 947.0 23.0 1021.0
WheatHead 248.0 764.0 330.0 840.0
WheatHead 222.0 817.0 270.0 891.0
WheatHead 157.0 802.0 208.0 834.0
WheatHead 140.0 928.0 303.0 1016.0
WheatHead 235.0 823.0 378.0 868.0
WheatHead 647.0 0.0 710.0 43.0
