WheatHead 49.0 285.0 132.0 372.0
WheatHead 0.0 230.0 37.0 326.0
WheatHead 121.0 141.0 216.0 244.0
WheatHead 208.0 55.0 289.0 137.0
WheatHead 309.0 130.0 415.0 206.0
WheatHead 246.0 218.0 368.0 309.0
WheatHead 224.0 303.0 348.0 388.0
WheatHead 376.0 43.0 449.0 149.0
WheatHead 435.0 0.0 482.0 72.0
WheatHead 720.0 214.0 817.0 332.0
WheatHead 842.0 132.0 919.0 216.0
WheatHead 48.0 904.0 120.0 964.0
WheatHead 0.0 969.0 55.0 1024.0
WheatHead 120.0 995.0 188.0 1024.0
WheatHead 146.0 892.0 261.0 976.0
WheatHead 38.0 758.0 116.0 847.0
WheatHead 120.0 745.0 237.0 804.0
WheatHead 129.0 769.0 280.0 864.0
WheatHead 223.0 968.0 324.0 1024.0
WheatHead 388.0 920.0 466.0 984.0
WheatHead 483.0 817.0 607.0 908.0
WheatHead 773.0 918.0 955.0 987.0
WheatHead 887.0 790.0 971.0 851.0
WheatHead 975.0 655.0 1024.0 743.0
WheatHead 1019.0 1008.0 1024.0 1024.0
WheatHead 866.0 975.0 943.0 1024.0
WheatHead 742.0 0.0 816.0 69.0
WheatHead 864.0 19.0 934.0 117.0
WheatHead 940.0 0.0 1001.0 79.0
WheatHead 833.0 203.0 914.0 290.0
