WheatHead 468.0 589.0 562.0 641.0
WheatHead 53.0 584.0 144.0 623.0
WheatHead 817.0 329.0 907.0 394.0
WheatHead 117.0 214.0 215.0 283.0
WheatHead 244.0 413.0 299.0 490.0
WheatHead 184.0 359.0 266.0 402.0
WheatHead 955.0 27.0 1024.0 81.0
WheatHead 488.0 274.0 614.0 315.0
WheatHead 865.0 154.0 981.0 277.0
WheatHead 431.0 208.0 507.0 275.0
WheatHead 587.0 50.0 714.0 111.0
WheatHead 277.0 569.0 368.0 607.0
WheatHead 977.0 114.0 1024.0 200.0
WheatHead 704.0 424.0 819.0 463.0
WheatHead 21.0 787.0 121.0 835.0
WheatHead 880.0 653.0 940.0 700.0
WheatHead 314.0 625.0 393.0 673.0
WheatHead 599.0 1.0 669.0 43.0
WheatHead 109.0 431.0 213.0 473.0
WheatHead 2.0 839.0 124.0 914.0
WheatHead 28.0 124.0 128.0 212.0
WheatHead 629.0 487.0 784.0 537.0
WheatHead 181.0 110.0 314.0 187.0
WheatHead 745.0 927.0 839.0 992.0
WheatHead 789.0 587.0 856.0 643.0
WheatHead 420.0 924.0 534.0 969.0
WheatHead 655.0 107.0 733.0 219.0
WheatHead 184.0 167.0 331.0 248.0
WheatHead 293.0 283.0 367.0 393.0
WheatHead 762.0 777.0 891.0 844.0
WheatHead 196.0 582.0 279.0 622.0
WheatHead 933.0 621.0 985.0 673.0
WheatHead 998.0 303.0 1024.0 363.0
WheatHead 787.0 709.0 928.0 740.0
WheatHead 23.0 410.0 116.0 465.0
WheatHead 518.0 494.0 647.0 542.0
WheatHead 708.0 968.0 749.0 1022.0
WheatHead 689.0 0.0 790.0 41.0
WheatHead 611.0 671.0 723.0 705.0
WheatHead 516.0 869.0 617.0 918.0
WheatHead 257.0 246.0 410.0 293.0
WheatHead 308.0 876.0 415.0 932.0
WheatHead 545.0 461.0 767.0 501.0
WheatHead 550.0 119.0 687.0 205.0
WheatHead 354.0 0.0 397.0 38.0
WheatHead 370.0 992.0 417.0 1022.0
WheatHead 355.0 829.0 493.0 870.0
WheatHead 577.0 692.0 732.0 765.0
WheatHead 450.0 661.0 540.0 713.0
WheatHead 312.0 940.0 370.0 1000.0
WheatHead 4.0 939.0 139.0 1003.0
WheatHead 861.0 282.0 902.0 360.0
WheatHead 461.0 193.0 571.0 232.0
WheatHead 32.0 662.0 136.0 730.0
WheatHead 468.0 91.0 588.0 156.0
WheatHead 723.0 305.0 821.0 333.0
WheatHead 84.0 668.0 200.0 709.0
WheatHead 693.0 790.0 770.0 824.0
WheatHead 463.0 975.0 636.0 1016.0
WheatHead 498.0 157.0 593.0 196.0
WheatHead 1.0 1011.0 58.0 1024.0
WheatHead 363.0 185.0 461.0 224.0
WheatHead 613.0 637.0 721.0 669.0
WheatHead 35.0 466.0 105.0 498.0
WheatHead 81.0 385.0 173.0 432.0
WheatHead 465.0 804.0 578.0 838.0
WheatHead 650.5 843.5 804.2999877929688 891.5999755859375
WheatHead 492.0 858.0 561.0 877.0
WheatHead 274.0 640.0 359.0 689.0
WheatHead 720.0 838.0 791.0 875.0
WheatHead 112.0 1000.0 233.0 1024.0
WheatHead 23.0 375.0 102.0 410.0
WheatHead 595.0 540.0 660.0 561.0
WheatHead 23.0 762.0 167.0 797.0
WheatHead 0.0 172.0 35.0 238.0
WheatHead 917.0 137.0 986.0 165.0
WheatHead 757.0 323.0 806.0 384.0
WheatHead 214.0 309.0 342.0 387.0
WheatHead 772.0 983.0 839.0 1017.0
WheatHead 36.0 461.0 105.0 483.0
WheatHead 620.0 847.0 703.0 903.0
WheatHead 367.0 858.0 505.0 883.0
WheatHead 115.0 803.0 220.0 843.0
WheatHead 223.0 796.0 264.0 836.0
WheatHead 159.0 763.0 252.0 798.0
WheatHead 0.0 752.0 136.0 790.0
WheatHead 771.0 238.0 838.0 302.0
