WheatHead 0.0 64.0 31.0 163.0
WheatHead 589.0 415.0 640.0 509.0
WheatHead 700.0 383.0 742.0 480.0
WheatHead 681.0 636.0 750.0 711.0
WheatHead 696.0 502.0 767.0 563.0
WheatHead 765.0 141.0 826.0 218.0
WheatHead 196.0 72.0 225.0 165.0
WheatHead 622.0 599.0 651.0 693.0
WheatHead 107.0 0.0 163.0 38.0
WheatHead 290.0 146.0 368.0 218.0
WheatHead 408.0 638.0 514.0 705.0
WheatHead 406.0 35.0 473.0 87.0
WheatHead 899.0 232.0 929.0 318.0
WheatHead 464.0 172.0 550.0 252.0
WheatHead 182.0 357.0 338.0 470.0
WheatHead 582.0 27.0 636.0 86.0
WheatHead 987.0 953.0 1024.0 1022.0
WheatHead 113.0 569.0 174.0 638.0
WheatHead 543.0 409.0 576.0 486.0
WheatHead 28.0 2.0 98.0 47.0
WheatHead 289.0 95.0 341.0 169.0
WheatHead 675.0 270.0 737.0 348.0
WheatHead 864.0 970.0 894.0 1024.0
WheatHead 669.0 57.0 741.0 125.0
WheatHead 339.0 790.0 469.0 844.0
WheatHead 248.0 608.0 318.0 653.0
WheatHead 978.0 823.0 1019.0 922.0
WheatHead 892.0 660.0 951.0 716.0
WheatHead 484.0 0.0 532.0 25.0
WheatHead 64.0 664.0 122.0 714.0
WheatHead 566.0 740.0 638.0 783.0
WheatHead 185.0 610.0 233.0 652.0
WheatHead 218.0 865.0 283.0 917.0
WheatHead 380.0 258.0 410.0 322.0
WheatHead 719.0 289.0 791.0 337.0
WheatHead 114.0 430.0 174.0 496.0
WheatHead 464.0 94.0 514.0 122.0
WheatHead 236.0 84.0 296.0 137.0
WheatHead 475.0 128.0 531.0 188.0
WheatHead 989.0 475.0 1021.0 550.0
WheatHead 268.0 17.0 329.0 72.0
WheatHead 670.0 809.0 696.0 902.0
WheatHead 655.0 805.0 679.0 894.0
WheatHead 0.0 514.0 47.0 557.0
WheatHead 928.0 390.0 980.0 487.0
WheatHead 249.0 618.0 319.0 666.0
WheatHead 887.0 25.0 947.0 62.0
WheatHead 991.0 565.0 1022.0 611.0
WheatHead 561.0 281.0 599.0 311.0
WheatHead 959.0 342.0 1017.0 374.0
WheatHead 649.0 88.0 696.0 156.0
WheatHead 237.0 410.0 309.0 563.0
WheatHead 770.0 428.0 795.0 512.0
WheatHead 281.0 537.0 342.0 590.0
WheatHead 474.0 526.0 639.0 656.0
WheatHead 336.0 0.0 384.0 28.0
