WheatHead 607.0 187.0 662.0 282.0
WheatHead 367.0 899.0 449.0 976.0
WheatHead 412.0 24.0 473.0 109.0
WheatHead 240.0 794.0 337.0 847.0
WheatHead 756.0 337.0 819.0 420.0
WheatHead 414.0 687.0 496.0 764.0
WheatHead 659.0 315.0 700.0 394.0
WheatHead 0.0 700.0 83.0 779.0
WheatHead 415.0 167.0 525.0 307.0
WheatHead 274.0 335.0 337.0 413.0
WheatHead 0.0 214.0 34.0 285.0
WheatHead 757.0 963.0 875.0 1023.0
WheatHead 154.0 419.0 230.0 469.0
WheatHead 61.0 275.0 113.0 365.0
WheatHead 686.5999755859375 838.7000122070312 727.0 933.0
WheatHead 165.0 50.0 211.0 147.0
WheatHead 978.0 181.0 1021.0 316.0
WheatHead 136.0 503.0 215.0 577.0
WheatHead 821.0 192.0 873.0 294.0
WheatHead 663.0 952.0 721.0 1008.0
WheatHead 182.0 244.0 222.0 312.0
WheatHead 0.0 169.0 66.0 249.0
WheatHead 116.0 939.0 162.0 1014.0
WheatHead 562.0 329.0 603.0 420.0
WheatHead 204.0 14.0 284.0 82.0
WheatHead 97.5999984741211 815.2000122070312 247.89999389648438 886.9000244140625
WheatHead 0.0 572.0 106.0 652.0
WheatHead 111.0 573.0 144.0 712.0
WheatHead 688.0 393.0 720.0 480.0
WheatHead 440.79998779296875 453.8999938964844 538.0 499.6000061035156
WheatHead 768.0 57.0 847.0 111.0
WheatHead 417.0 357.0 460.0 468.0
WheatHead 57.0 693.0 114.0 750.0
WheatHead 234.0 76.0 274.0 140.0
WheatHead 375.0 652.0 415.0 737.0
WheatHead 260.0 974.0 303.0 1024.0
WheatHead 0.0 759.0 29.0 824.0
WheatHead 147.0 950.0 227.0 1024.0
WheatHead 400.0 405.0 450.0 484.0
WheatHead 883.0 111.0 920.0 177.0
WheatHead 521.0 80.0 572.0 162.0
WheatHead 846.0 38.0 892.0 109.0
WheatHead 501.0 927.0 547.0 1008.0
WheatHead 244.0 408.0 282.0 484.0
WheatHead 106.0 0.0 181.0 69.0
WheatHead 324.0 723.0 371.0 787.0
WheatHead 947.0 543.0 1002.0 587.0
WheatHead 0.0 981.0 23.0 1024.0
WheatHead 28.0 314.0 73.0 393.0
WheatHead 757.0 169.0 791.0 228.0
WheatHead 0.0 942.0 76.0 999.0
WheatHead 307.29998779296875 857.2999877929688 368.0 936.0
WheatHead 0.0 297.0 75.0 345.0
WheatHead 827.0 770.0 888.0 843.0
WheatHead 510.0 912.0 577.0 957.0
WheatHead 344.0 206.0 441.0 234.0
WheatHead 988.0 776.0 1019.0 834.0
WheatHead 460.0 861.0 516.0 918.0
WheatHead 776.0 749.0 819.0 815.0
WheatHead 907.0 0.0 936.0 47.0
WheatHead 314.0 342.0 353.0 397.0
WheatHead 327.0 677.0 379.0 720.0
WheatHead 518.0 282.0 573.0 321.0
WheatHead 824.0 435.0 862.0 490.0
WheatHead 660.0 125.0 699.0 187.0
WheatHead 2.200000047683716 416.20001220703125 76.9000015258789 460.5
WheatHead 273.0 48.0 331.0 100.0
WheatHead 487.0 661.0 525.0 747.0
WheatHead 379.0 567.0 428.0 625.0
WheatHead 640.0 447.0 670.0 505.0
WheatHead 539.0 141.0 588.0 176.0
WheatHead 404.0 872.0 456.0 935.0
WheatHead 735.0 476.0 767.0 528.0
WheatHead 728.0 593.0 770.0 637.0
