WheatHead 824.0 468.0 985.0 537.0
WheatHead 826.0 834.0 913.0 916.0
WheatHead 623.0 878.0 720.0 1008.0
WheatHead 747.0 811.0 826.0 911.0
WheatHead 652.0 337.0 791.0 422.0
WheatHead 803.0 217.0 883.0 279.0
WheatHead 555.0 432.0 675.0 550.0
WheatHead 494.0 414.0 558.0 512.0
WheatHead 360.0 0.0 498.0 247.0
WheatHead 506.0 0.0 581.0 89.0
WheatHead 938.0 148.0 1024.0 278.0
WheatHead 376.0 601.0 463.0 665.0
WheatHead 952.0 0.0 1016.0 110.0
WheatHead 593.0 770.0 752.0 829.0
WheatHead 750.0 87.0 852.0 158.0
WheatHead 133.0 834.0 330.0 916.0
WheatHead 522.0 151.0 721.0 250.0
WheatHead 645.0 0.0 721.0 15.0
WheatHead 391.0 762.0 488.0 947.0
WheatHead 0.0 431.0 203.0 641.0
WheatHead 535.0 688.0 816.0 791.0
WheatHead 76.0 0.0 220.0 89.0
WheatHead 2.0 632.0 156.0 706.0
WheatHead 719.0 266.0 780.0 327.0
WheatHead 540.0 299.0 657.0 432.0
WheatHead 0.0 6.0 70.0 200.0
WheatHead 791.0 358.0 855.0 465.0
WheatHead 72.0 266.0 185.0 332.0
WheatHead 330.0 668.0 424.0 821.0
WheatHead 591.0 632.0 665.0 714.0
WheatHead 460.0 522.0 558.0 581.0
WheatHead 908.0 64.0 1000.0 202.0
WheatHead 637.0 227.0 773.0 289.0
WheatHead 640.0 0.0 775.0 179.0
WheatHead 302.0 755.0 363.0 803.0
WheatHead 0.0 465.0 52.0 559.0
WheatHead 48.0 47.0 215.0 265.0
WheatHead 378.0 104.0 435.0 281.0
WheatHead 2.0 222.0 38.0 437.0
WheatHead 21.0 461.0 113.0 505.0
WheatHead 491.0 678.0 547.0 747.0
WheatHead 427.0 747.0 499.0 865.0
WheatHead 522.0 977.0 627.0 1024.0
WheatHead 76.0 872.0 171.0 962.0
WheatHead 2.0 798.0 51.0 857.0
WheatHead 0.0 763.0 88.0 1021.0
WheatHead 18.0 767.0 133.0 1024.0
WheatHead 806.0 581.0 906.0 791.0
WheatHead 752.0 609.0 931.0 711.0
WheatHead 883.0 657.0 936.0 709.0
WheatHead 901.0 537.0 1024.0 620.0
WheatHead 979.0 598.0 1018.0 662.0
WheatHead 932.0 615.0 1024.0 795.0
