WheatHead 0.0 281.0 13.0 334.0
WheatHead 0.0 318.0 88.0 384.0
WheatHead 0.0 369.0 19.0 486.0
WheatHead 163.0 362.0 258.0 464.0
WheatHead 104.0 2.0 289.0 88.0
WheatHead 488.0 104.0 635.0 200.0
WheatHead 537.0 0.0 606.0 70.0
WheatHead 318.0 251.0 431.0 358.0
WheatHead 403.0 328.0 480.0 411.0
WheatHead 579.0 338.0 663.0 435.0
WheatHead 476.0 388.0 559.0 505.0
WheatHead 600.0 444.0 709.0 529.0
WheatHead 309.0 423.0 407.0 518.0
WheatHead 216.0 494.0 313.0 592.0
WheatHead 759.0 323.0 916.0 470.0
WheatHead 559.0 541.0 718.0 655.0
WheatHead 441.0 647.0 582.0 754.0
WheatHead 305.0 628.0 417.0 752.0
WheatHead 0.0 681.0 45.0 752.0
WheatHead 346.0 866.0 453.0 933.0
WheatHead 135.0 900.0 218.0 996.0
WheatHead 67.0 777.0 132.0 868.0
WheatHead 444.0 799.0 570.0 884.0
WheatHead 640.0 821.0 730.0 992.0
WheatHead 732.0 722.0 809.0 811.0
WheatHead 803.0 653.0 870.0 732.0
WheatHead 902.0 858.0 1013.0 994.0
WheatHead 939.0 635.0 1024.0 728.0
WheatHead 961.0 431.0 1024.0 537.0
WheatHead 978.0 25.0 1024.0 118.0
WheatHead 893.0 175.0 982.0 230.0
WheatHead 870.0 226.0 965.0 301.0
WheatHead 999.0 173.0 1024.0 262.0
WheatHead 3.0 0.0 84.0 55.0
WheatHead 813.0 329.0 911.0 415.0
