WheatHead 0.0 0.0 74.0 18.0
WheatHead 0.0 15.0 86.0 88.0
WheatHead 0.0 131.0 67.0 223.0
WheatHead 0.0 248.0 39.0 343.0
WheatHead 23.0 326.0 88.0 476.0
WheatHead 87.0 441.0 152.0 504.0
WheatHead 0.0 663.0 61.0 724.0
WheatHead 53.0 679.0 97.0 735.0
WheatHead 138.0 623.0 226.0 690.0
WheatHead 136.0 698.0 252.0 776.0
WheatHead 108.0 738.0 175.0 802.0
WheatHead 0.0 972.0 96.0 1024.0
WheatHead 199.0 967.0 305.0 1024.0
WheatHead 191.0 902.0 270.0 979.0
WheatHead 264.0 910.0 330.0 978.0
WheatHead 236.0 822.0 336.0 908.0
WheatHead 360.0 769.0 439.0 835.0
WheatHead 719.0 877.0 793.0 941.0
WheatHead 687.0 961.0 760.0 1024.0
WheatHead 658.0 721.0 762.0 798.0
WheatHead 698.0 658.0 775.0 719.0
WheatHead 658.0 601.0 740.0 665.0
WheatHead 546.0 699.0 617.0 773.0
WheatHead 505.0 658.0 579.0 735.0
WheatHead 435.0 581.0 521.0 673.0
WheatHead 233.0 587.0 332.0 669.0
WheatHead 312.0 551.0 411.0 628.0
WheatHead 354.0 614.0 417.0 681.0
WheatHead 374.0 448.0 457.0 512.0
WheatHead 289.0 174.0 368.0 347.0
WheatHead 222.0 266.0 300.0 355.0
WheatHead 172.0 306.0 236.0 365.0
WheatHead 553.0 347.0 636.0 441.0
WheatHead 415.0 134.0 513.0 231.0
WheatHead 577.0 208.0 684.0 283.0
WheatHead 643.0 86.0 708.0 147.0
WheatHead 576.0 36.0 682.0 112.0
WheatHead 285.0 0.0 361.0 89.0
WheatHead 247.0 40.0 308.0 119.0
WheatHead 194.0 0.0 274.0 70.0
WheatHead 120.0 38.0 212.0 152.0
WheatHead 763.0 0.0 836.0 81.0
WheatHead 906.0 122.0 976.0 195.0
WheatHead 977.0 128.0 1024.0 203.0
WheatHead 913.0 219.0 992.0 288.0
WheatHead 909.0 282.0 971.0 348.0
WheatHead 717.0 456.0 811.0 536.0
WheatHead 850.0 582.0 933.0 650.0
WheatHead 983.0 566.0 1024.0 629.0
WheatHead 1000.0 626.0 1024.0 694.0
WheatHead 878.0 636.0 994.0 722.0
WheatHead 976.0 683.0 1024.0 767.0
WheatHead 916.0 735.0 986.0 802.0
WheatHead 486.0 1004.0 543.0 1024.0
WheatHead 209.0 444.0 278.0 519.0
WheatHead 936.0 895.0 1002.0 986.0
WheatHead 873.0 907.0 937.0 991.0
WheatHead 328.0 104.0 408.0 188.0
WheatHead 509.0 175.0 549.0 237.0
WheatHead 419.0 248.0 485.0 310.0
WheatHead 0.0 323.0 37.0 375.0
WheatHead 836.0 470.0 912.0 529.0
WheatHead 591.0 778.0 684.0 832.0
WheatHead 765.0 985.0 825.0 1024.0
WheatHead 839.0 697.0 899.0 742.0
WheatHead 881.0 758.0 925.0 804.0
