WheatHead 946.0 191.0 1022.0 263.0
WheatHead 827.0 34.0 921.0 92.0
WheatHead 614.0 17.0 675.0 180.0
WheatHead 315.0 464.0 375.0 582.0
WheatHead 148.0 681.0 214.0 785.0
WheatHead 771.0 468.0 861.0 517.0
WheatHead 189.0 569.0 308.0 677.0
WheatHead 0.0 734.0 84.0 778.0
WheatHead 976.0 371.0 1014.0 453.0
WheatHead 884.0 212.0 925.0 286.0
WheatHead 847.0 412.0 984.0 529.0
WheatHead 40.0 0.0 133.0 157.0
WheatHead 548.0 4.0 623.0 98.0
WheatHead 709.0 914.0 768.0 1000.0
WheatHead 0.0 664.0 34.0 704.0
WheatHead 188.0 663.0 267.0 746.0
WheatHead 49.0 371.0 125.0 473.0
WheatHead 324.0 783.0 405.0 920.0
WheatHead 685.0 699.0 733.0 816.0
WheatHead 333.0 441.0 495.0 547.0
WheatHead 724.0 718.0 780.0 800.0
WheatHead 192.0 352.0 304.0 477.0
WheatHead 400.0 958.0 494.0 1022.0
WheatHead 348.0 375.0 492.0 513.0
WheatHead 806.0 884.0 869.0 950.0
WheatHead 438.0 707.0 599.0 778.0
WheatHead 264.0 32.0 335.0 73.0
WheatHead 458.0 143.0 532.0 217.0
WheatHead 171.0 271.0 195.0 361.0
WheatHead 237.0 811.0 282.0 884.0
WheatHead 327.0 857.0 359.0 925.0
WheatHead 879.0 0.0 905.0 55.0
WheatHead 427.0 38.0 492.0 90.0
WheatHead 912.0 255.0 1014.0 293.0
WheatHead 757.0 843.0 872.0 887.0
WheatHead 887.0 799.0 958.0 858.0
WheatHead 939.0 566.0 976.0 630.0
WheatHead 670.0 129.0 716.0 192.0
WheatHead 610.0 554.0 729.0 591.0
WheatHead 349.0 957.0 401.0 1015.0
WheatHead 43.0 839.0 132.0 871.0
WheatHead 47.0 877.0 101.0 943.0
WheatHead 188.0 958.0 283.0 991.0
WheatHead 0.0 883.0 40.0 941.0
WheatHead 475.0 977.0 546.0 1019.0
WheatHead 333.0 172.0 477.0 200.0
WheatHead 443.0 8.0 543.0 34.0
WheatHead 974.0 651.0 1024.0 674.0
WheatHead 454.0 271.0 592.0 306.0
WheatHead 323.0 988.0 359.0 1024.0
WheatHead 820.0 989.0 866.0 1024.0
WheatHead 600.0 579.0 737.0 720.0
WheatHead 729.0 649.0 866.0 740.0
WheatHead 516.0 225.0 567.0 262.0
WheatHead 225.0 492.0 305.0 521.0
WheatHead 623.0 406.0 800.0 531.0
WheatHead 279.0 756.0 333.0 789.0
WheatHead 976.0 173.0 1022.0 229.0
WheatHead 625.0 0.0 679.0 25.0
WheatHead 865.0 641.0 929.0 715.0
WheatHead 673.0 894.0 741.0 943.0
WheatHead 585.0 850.0 659.0 890.0
WheatHead 834.0 969.0 902.0 1006.0
WheatHead 628.0 449.0 695.0 494.0
WheatHead 101.0 352.0 255.0 480.0
WheatHead 279.0 658.0 335.0 774.0
WheatHead 902.0 532.0 961.0 573.0
WheatHead 0.0 478.0 58.0 520.0
WheatHead 342.0 106.0 397.0 124.0
WheatHead 656.0 276.0 871.0 330.0
WheatHead 242.0 431.0 316.0 489.0
WheatHead 254.0 932.0 370.0 1024.0
WheatHead 48.0 553.0 111.0 602.0
WheatHead 0.0 523.0 92.0 573.0
