WheatHead 574.0 594.0 650.0 713.0
WheatHead 681.0 430.0 726.0 516.0
WheatHead 383.0 77.0 456.0 160.0
WheatHead 308.0 662.0 354.0 771.0
WheatHead 428.0 398.0 471.0 503.0
WheatHead 393.0 655.0 476.0 779.0
WheatHead 749.0 114.0 809.0 234.0
WheatHead 424.0 178.0 565.0 239.0
WheatHead 539.0 770.0 592.0 897.0
WheatHead 978.0 349.0 1024.0 486.0
WheatHead 655.0 966.0 740.0 1024.0
WheatHead 557.0 757.0 607.0 836.0
WheatHead 0.0 648.0 75.0 717.0
WheatHead 492.0 211.0 529.0 285.0
WheatHead 130.0 0.0 178.0 75.0
WheatHead 639.0 16.0 716.0 126.0
WheatHead 15.0 356.0 131.0 457.0
WheatHead 3.0 455.0 53.0 549.0
WheatHead 800.0 316.0 905.0 403.0
WheatHead 432.0 0.0 474.0 44.0
WheatHead 359.0 218.0 417.0 356.0
WheatHead 614.0 198.0 669.0 256.0
WheatHead 217.0 580.0 329.0 645.0
WheatHead 427.0 849.0 493.0 934.0
WheatHead 171.0 480.0 228.0 570.0
WheatHead 794.0 711.0 934.0 842.0
WheatHead 750.0 978.0 782.0 1024.0
WheatHead 442.0 656.0 526.0 695.0
WheatHead 576.0 976.0 644.0 1024.0
WheatHead 868.0 545.0 997.0 646.0
WheatHead 931.0 421.0 971.0 495.0
WheatHead 819.0 979.0 854.0 1024.0
WheatHead 101.0 281.0 174.0 461.0
WheatHead 894.0 220.0 969.0 267.0
WheatHead 639.0 903.0 739.0 963.0
WheatHead 19.0 390.0 80.0 449.0
WheatHead 97.0 438.0 127.0 505.0
WheatHead 148.0 0.0 209.0 54.0
WheatHead 678.0 540.0 718.0 602.0
WheatHead 210.0 234.0 250.0 288.0
WheatHead 456.0 824.0 528.0 866.0
WheatHead 162.0 559.0 229.0 608.0
WheatHead 156.0 638.0 299.0 694.0
WheatHead 149.0 422.0 200.0 544.0
WheatHead 523.0 358.0 567.0 450.0
WheatHead 738.0 609.0 787.0 682.0
WheatHead 456.0 765.0 499.0 826.0
WheatHead 968.0 0.0 1021.0 45.0
WheatHead 890.0 880.0 922.0 920.0
WheatHead 292.0 190.0 345.0 251.0
WheatHead 181.0 207.0 218.0 272.0
WheatHead 333.0 180.0 379.0 223.0
WheatHead 890.0 829.0 948.0 914.0
WheatHead 831.0 826.0 885.0 862.0
WheatHead 221.0 168.0 287.0 276.0
WheatHead 332.0 252.0 383.0 289.0
WheatHead 672.0 430.0 730.0 503.0
WheatHead 300.0 505.0 345.0 591.0
WheatHead 346.0 434.0 430.0 522.0
WheatHead 412.0 501.0 449.0 649.0
WheatHead 868.0 917.0 926.0 947.0
WheatHead 928.0 888.0 1015.0 932.0
WheatHead 987.0 198.0 1024.0 240.0
