WheatHead 0.0 339.0 38.0 409.0
WheatHead 0.0 476.0 87.0 637.0
WheatHead 24.0 628.0 122.0 694.0
WheatHead 27.0 816.0 86.0 917.0
WheatHead 0.0 0.0 83.0 56.0
WheatHead 524.0 0.0 618.0 56.0
WheatHead 670.0 109.0 760.0 208.0
WheatHead 548.0 221.0 636.0 334.0
WheatHead 327.0 245.0 492.0 320.0
WheatHead 264.0 195.0 396.0 282.0
WheatHead 126.0 204.0 223.0 287.0
WheatHead 98.0 329.0 226.0 437.0
WheatHead 240.0 280.0 339.0 384.0
WheatHead 329.0 422.0 403.0 516.0
WheatHead 231.0 396.0 316.0 473.0
WheatHead 63.0 477.0 188.0 640.0
WheatHead 236.0 528.0 327.0 597.0
WheatHead 312.0 522.0 409.0 632.0
WheatHead 391.0 415.0 505.0 608.0
WheatHead 507.0 491.0 570.0 610.0
WheatHead 583.0 594.0 654.0 681.0
WheatHead 665.0 553.0 752.0 671.0
WheatHead 712.0 436.0 799.0 528.0
WheatHead 949.0 388.0 1024.0 466.0
WheatHead 823.0 572.0 910.0 654.0
WheatHead 745.0 669.0 866.0 830.0
WheatHead 860.0 645.0 1007.0 848.0
WheatHead 391.0 631.0 507.0 731.0
WheatHead 252.0 607.0 339.0 684.0
WheatHead 241.0 662.0 339.0 779.0
WheatHead 122.0 712.0 223.0 827.0
WheatHead 153.0 709.0 328.0 868.0
WheatHead 334.0 772.0 444.0 908.0
WheatHead 156.0 923.0 244.0 1024.0
WheatHead 265.0 958.0 353.0 1024.0
WheatHead 275.0 884.0 369.0 955.0
WheatHead 769.0 963.0 847.0 1024.0
