WheatHead 0.0 599.0 38.0 704.0
WheatHead 322.0 829.0 413.0 981.0
WheatHead 624.0 883.0 770.0 972.0
WheatHead 238.0 652.0 333.0 782.0
WheatHead 384.0 194.0 545.0 281.0
WheatHead 791.0 512.0 939.0 688.0
WheatHead 732.0 933.0 922.0 1018.0
WheatHead 99.0 680.0 258.0 847.0
WheatHead 573.0 677.0 673.0 764.0
WheatHead 560.0 204.0 772.0 374.0
WheatHead 783.0 857.0 975.0 934.0
WheatHead 294.0 148.0 373.0 253.0
WheatHead 427.0 665.0 517.0 824.0
WheatHead 376.0 775.0 441.0 847.0
WheatHead 386.0 611.0 496.0 768.0
WheatHead 778.0 819.0 960.0 885.0
WheatHead 816.0 66.0 883.0 153.0
WheatHead 558.0 2.0 729.0 68.0
WheatHead 924.0 1.0 1023.0 154.0
WheatHead 204.0 2.0 314.0 87.0
WheatHead 518.0 89.0 583.0 249.0
WheatHead 463.0 5.0 566.0 89.0
