WheatHead 568.0 126.0 657.0 230.0
WheatHead 494.0 116.0 579.0 209.0
WheatHead 512.0 250.0 616.0 328.0
WheatHead 514.0 355.0 565.0 408.0
WheatHead 578.0 359.0 630.0 436.0
WheatHead 632.0 417.0 705.0 477.0
WheatHead 235.0 451.0 307.0 507.0
WheatHead 249.0 568.0 343.0 688.0
WheatHead 29.0 355.0 163.0 437.0
WheatHead 165.0 217.0 220.0 291.0
WheatHead 239.0 178.0 290.0 230.0
WheatHead 461.0 1.0 542.0 82.0
WheatHead 418.0 0.0 496.0 48.0
WheatHead 0.0 246.0 48.0 322.0
WheatHead 742.0 305.0 814.0 370.0
WheatHead 851.0 296.0 941.0 358.0
WheatHead 901.0 425.0 968.0 497.0
WheatHead 956.0 710.0 1024.0 792.0
WheatHead 950.0 673.0 1024.0 733.0
WheatHead 852.0 709.0 942.0 772.0
WheatHead 636.0 806.0 725.0 892.0
WheatHead 742.0 815.0 792.0 879.0
WheatHead 565.0 815.0 612.0 878.0
WheatHead 484.0 751.0 553.0 843.0
WheatHead 440.0 832.0 501.0 914.0
WheatHead 149.0 710.0 208.0 759.0
WheatHead 261.0 844.0 324.0 941.0
WheatHead 651.0 964.0 761.0 1019.0
WheatHead 814.0 979.0 885.0 1024.0
WheatHead 813.0 922.0 912.0 993.0
WheatHead 818.0 864.0 893.0 922.0
WheatHead 912.0 823.0 1012.0 894.0
WheatHead 367.0 915.0 434.0 980.0
WheatHead 247.0 793.0 307.0 834.0
WheatHead 309.0 781.0 366.0 830.0
WheatHead 295.0 305.0 373.0 367.0
