WheatHead 0.0 79.0 69.0 145.0
WheatHead 0.0 342.0 33.0 480.0
WheatHead 116.0 139.0 230.0 224.0
WheatHead 258.0 4.0 438.0 93.0
WheatHead 257.0 193.0 304.0 256.0
WheatHead 220.0 208.0 294.0 402.0
WheatHead 59.0 373.0 168.0 456.0
WheatHead 0.0 482.0 72.0 584.0
WheatHead 56.0 524.0 163.0 628.0
WheatHead 122.0 550.0 237.0 617.0
WheatHead 268.0 412.0 337.0 564.0
WheatHead 353.0 452.0 440.0 617.0
WheatHead 438.0 294.0 544.0 408.0
WheatHead 418.0 114.0 502.0 224.0
WheatHead 596.0 39.0 783.0 101.0
WheatHead 608.0 126.0 669.0 214.0
WheatHead 72.0 792.0 140.0 940.0
WheatHead 92.0 855.0 150.0 989.0
WheatHead 171.0 887.0 231.0 1021.0
WheatHead 254.0 702.0 345.0 805.0
WheatHead 424.0 684.0 596.0 792.0
WheatHead 287.0 963.0 344.0 1024.0
WheatHead 324.0 907.0 423.0 1014.0
WheatHead 765.0 863.0 875.0 1010.0
WheatHead 948.0 843.0 1024.0 1010.0
WheatHead 459.0 567.0 617.0 634.0
WheatHead 630.0 327.0 805.0 428.0
WheatHead 719.0 503.0 897.0 598.0
WheatHead 990.0 365.0 1024.0 423.0
WheatHead 973.0 719.0 1024.0 821.0
WheatHead 766.0 163.0 843.0 218.0
WheatHead 832.0 122.0 891.0 275.0
WheatHead 990.0 129.0 1024.0 229.0
WheatHead 1004.0 73.0 1024.0 139.0
WheatHead 830.0 0.0 898.0 77.0
