WheatHead 11.0 867.0 202.0 1000.0
WheatHead 270.0 756.0 387.0 892.0
WheatHead 136.0 698.0 226.0 862.0
WheatHead 345.0 660.0 443.0 780.0
WheatHead 15.0 495.0 101.0 564.0
WheatHead 110.0 510.0 193.0 594.0
WheatHead 180.0 556.0 307.0 648.0
WheatHead 0.0 589.0 79.0 690.0
WheatHead 0.0 641.0 75.0 785.0
WheatHead 0.0 354.0 105.0 425.0
WheatHead 137.0 254.0 247.0 409.0
WheatHead 20.0 236.0 105.0 313.0
WheatHead 0.0 66.0 52.0 179.0
WheatHead 46.0 47.0 207.0 138.0
WheatHead 221.0 429.0 353.0 521.0
WheatHead 387.0 512.0 522.0 595.0
WheatHead 424.0 481.0 620.0 616.0
WheatHead 416.0 605.0 562.0 697.0
WheatHead 534.0 346.0 618.0 525.0
WheatHead 114.0 0.0 223.0 44.0
WheatHead 820.0 0.0 944.0 71.0
WheatHead 950.0 0.0 1024.0 81.0
WheatHead 754.0 136.0 847.0 316.0
WheatHead 613.0 337.0 758.0 458.0
WheatHead 788.0 376.0 959.0 457.0
WheatHead 753.0 335.0 877.0 396.0
WheatHead 707.0 628.0 780.0 712.0
WheatHead 815.0 617.0 944.0 765.0
WheatHead 963.0 489.0 1024.0 554.0
WheatHead 975.0 549.0 1024.0 614.0
WheatHead 163.0 847.0 240.0 904.0
WheatHead 541.0 781.0 738.0 899.0
WheatHead 141.0 239.0 275.0 405.0
