WheatHead 0.0 629.0 43.0 765.0
WheatHead 455.0 468.0 578.0 583.0
WheatHead 0.0 337.0 82.0 612.0
WheatHead 353.0 596.0 467.0 761.0
WheatHead 138.0 343.0 238.0 481.0
WheatHead 693.0 965.0 806.0 1024.0
WheatHead 250.0 860.0 348.0 947.0
WheatHead 286.0 358.0 450.0 555.0
WheatHead 661.0 451.0 751.0 554.0
WheatHead 742.0 2.0 868.0 127.0
WheatHead 872.0 463.0 1024.0 709.0
WheatHead 138.0 606.0 317.0 826.0
WheatHead 104.0 901.0 227.0 1024.0
WheatHead 127.0 5.0 251.0 103.0
WheatHead 880.0 264.0 1024.0 455.0
WheatHead 906.0 2.0 1024.0 183.0
WheatHead 732.0 834.0 893.0 975.0
WheatHead 71.0 240.0 158.0 340.0
WheatHead 869.0 712.0 960.0 808.0
WheatHead 128.0 453.0 192.0 537.0
WheatHead 808.0 870.0 1024.0 995.0
WheatHead 294.0 655.0 378.0 760.0
WheatHead 968.0 571.0 1024.0 654.0
WheatHead 86.0 324.0 159.0 406.0
WheatHead 0.0 950.0 55.0 1018.0
