WheatHead 471.0 492.0 528.0 634.0
WheatHead 135.0 912.0 232.0 1003.0
WheatHead 868.0 243.0 935.0 376.0
WheatHead 333.0 486.0 385.0 569.0
WheatHead 750.0 200.0 847.0 274.0
WheatHead 550.0 705.0 618.0 775.0
WheatHead 675.0 470.0 760.0 582.0
WheatHead 189.0 588.0 255.0 664.0
WheatHead 510.0 106.0 591.0 192.0
WheatHead 468.0 872.0 543.0 937.0
WheatHead 188.0 0.0 233.0 53.0
WheatHead 477.0 185.0 522.0 273.0
WheatHead 185.0 330.0 292.0 390.0
WheatHead 394.0 225.0 438.0 300.0
WheatHead 916.0 780.0 1000.0 839.0
WheatHead 81.0 740.0 191.0 849.0
WheatHead 587.0 296.0 643.0 389.0
WheatHead 277.0 72.0 370.0 182.0
WheatHead 644.0 580.0 714.0 658.0
WheatHead 247.0 535.0 305.0 629.0
WheatHead 10.0 808.0 92.0 935.0
WheatHead 192.0 245.0 293.0 324.0
WheatHead 644.0 274.0 690.0 345.0
WheatHead 420.0 322.0 469.0 385.0
WheatHead 619.0 408.0 709.0 574.0
WheatHead 812.0 729.0 886.0 797.0
WheatHead 468.0 487.0 540.0 584.0
WheatHead 233.0 311.0 368.0 390.0
WheatHead 240.0 128.0 337.0 197.0
WheatHead 875.0 651.0 940.0 693.0
WheatHead 703.0 386.0 780.0 450.0
WheatHead 808.0 684.0 869.0 733.0
WheatHead 443.0 732.0 487.0 797.0
WheatHead 687.0 679.0 747.0 734.0
WheatHead 424.0 947.0 471.0 1010.0
WheatHead 6.0 1.0 54.0 42.0
WheatHead 446.0 662.0 492.0 709.0
WheatHead 563.0 225.0 652.0 345.0
WheatHead 196.0 671.0 299.0 742.0
WheatHead 314.0 1.0 361.0 45.0
WheatHead 0.0 56.79999923706055 94.4000015258789 101.0
WheatHead 789.0 0.0 817.0 38.0
WheatHead 265.0 612.0 389.0 668.0
WheatHead 899.0 729.0 976.0 787.0
WheatHead 634.0 772.0 681.0 821.0
WheatHead 393.0 687.0 458.0 746.0
WheatHead 297.0 658.0 405.0 718.0
WheatHead 0.0 534.0 38.0 594.0
WheatHead 779.0 32.0 838.0 102.0
WheatHead 940.0 598.0 1024.0 671.0
WheatHead 37.0 978.0 120.0 1024.0
WheatHead 198.0 44.0 241.0 117.0
