WheatHead 66.0 83.0 147.0 166.0
WheatHead 851.0 745.0 912.0 838.0
WheatHead 562.0 535.0 632.0 610.0
WheatHead 1008.0 499.0 1024.0 547.0
WheatHead 469.0 461.0 558.0 520.0
WheatHead 618.0 733.0 720.0 801.0
WheatHead 12.0 821.0 84.0 888.0
WheatHead 75.0 354.0 213.0 405.0
WheatHead 73.0 951.0 222.0 998.0
WheatHead 898.0 405.0 987.0 450.0
WheatHead 693.0 124.0 756.0 191.0
WheatHead 49.0 535.0 196.0 608.0
WheatHead 953.0 772.0 1024.0 858.0
WheatHead 637.0 761.0 677.0 836.0
WheatHead 540.0 598.0 593.0 644.0
WheatHead 358.0 808.0 473.0 862.0
WheatHead 932.0 6.0 1019.0 90.0
WheatHead 782.0 181.0 853.0 266.0
WheatHead 103.0 417.0 247.0 464.0
WheatHead 267.0 792.0 334.0 837.0
WheatHead 957.0 167.0 991.0 236.0
WheatHead 308.0 169.0 421.0 271.0
WheatHead 925.0 84.0 1024.0 119.0
WheatHead 787.0 816.0 831.0 884.0
WheatHead 175.0 881.0 285.0 925.0
WheatHead 61.0 251.0 195.0 331.0
WheatHead 857.0 912.0 933.0 953.0
WheatHead 370.0 991.0 451.0 1024.0
WheatHead 0.0 255.0 103.0 302.0
WheatHead 250.0 666.0 354.0 706.0
WheatHead 520.0 337.0 593.0 371.0
WheatHead 682.0 233.0 729.0 286.0
WheatHead 94.0 465.0 192.0 497.0
WheatHead 843.0 505.0 948.0 561.0
WheatHead 445.0 375.0 585.0 402.0
WheatHead 737.0 786.0 823.0 826.0
WheatHead 815.0 659.0 932.0 704.0
WheatHead 0.0 125.0 85.0 177.0
WheatHead 791.0 601.0 824.0 655.0
WheatHead 602.0 430.0 718.0 480.0
WheatHead 327.0 408.0 427.0 441.0
WheatHead 54.0 635.0 189.0 669.0
WheatHead 898.0 693.0 965.0 728.0
WheatHead 346.0 61.0 401.0 98.0
WheatHead 422.0 756.0 578.0 856.0
WheatHead 853.0 180.0 910.0 226.0
WheatHead 519.0 872.0 588.0 913.0
WheatHead 90.0 312.0 159.0 331.0
WheatHead 92.0 851.0 171.0 874.0
WheatHead 202.0 136.0 274.0 174.0
WheatHead 2.0 367.0 102.0 401.0
WheatHead 5.0 408.0 162.0 484.0
WheatHead 348.0 143.0 446.0 229.0
WheatHead 503.0 527.0 602.0 555.0
WheatHead 728.0 649.0 841.0 686.0
WheatHead 353.0 626.0 424.0 663.0
WheatHead 831.0 814.0 937.0 898.0
WheatHead 35.0 814.0 114.0 848.0
WheatHead 457.0 1.0 518.0 29.0
WheatHead 965.0 173.0 1024.0 203.0
WheatHead 985.0 308.0 1024.0 342.0
WheatHead 511.0 892.0 574.0 938.0
WheatHead 138.0 501.0 201.0 521.0
WheatHead 578.0 1002.0 660.0 1024.0
WheatHead 231.0 702.0 359.0 751.0
WheatHead 936.0 909.0 997.0 939.0
WheatHead 159.0 747.0 285.0 785.0
WheatHead 23.0 222.0 105.0 251.0
WheatHead 741.0 761.0 791.0 785.0
WheatHead 21.0 613.0 126.0 682.0
WheatHead 598.0 398.0 675.0 448.0
WheatHead 460.0 539.0 530.0 577.0
WheatHead 696.0 815.0 758.0 853.0
WheatHead 806.0 745.0 856.0 778.0
WheatHead 775.0 707.0 855.0 751.0
WheatHead 307.0 649.0 379.0 676.0
WheatHead 696.0 850.0 748.0 898.0
WheatHead 848.0 296.0 890.0 352.0
