WheatHead 183.0 0.0 246.0 40.0
WheatHead 549.0 0.0 602.0 12.0
WheatHead 154.0 119.0 217.0 182.0
WheatHead 94.0 156.0 150.0 195.0
WheatHead 83.0 200.0 160.0 249.0
WheatHead 276.0 318.0 350.0 385.0
WheatHead 470.0 260.0 565.0 332.0
WheatHead 403.0 254.0 486.0 309.0
WheatHead 519.0 197.0 609.0 264.0
WheatHead 560.0 120.0 630.0 206.0
WheatHead 716.0 98.0 802.0 156.0
WheatHead 841.0 103.0 934.0 176.0
WheatHead 876.0 159.0 982.0 228.0
WheatHead 832.0 975.0 902.0 1024.0
WheatHead 863.0 7.0 927.0 68.0
WheatHead 746.0 0.0 827.0 46.0
WheatHead 171.0 407.0 272.0 463.0
WheatHead 119.0 492.0 200.0 549.0
WheatHead 172.0 546.0 254.0 601.0
WheatHead 176.0 683.0 253.0 818.0
WheatHead 101.0 712.0 168.0 837.0
WheatHead 0.0 591.0 55.0 660.0
WheatHead 85.0 594.0 150.0 651.0
WheatHead 271.0 675.0 326.0 798.0
WheatHead 403.0 548.0 534.0 687.0
WheatHead 503.0 410.0 588.0 479.0
WheatHead 672.0 337.0 728.0 396.0
WheatHead 676.0 395.0 750.0 456.0
WheatHead 676.0 447.0 773.0 556.0
WheatHead 889.0 523.0 1009.0 656.0
WheatHead 901.0 459.0 976.0 537.0
WheatHead 589.0 661.0 665.0 743.0
WheatHead 434.0 795.0 508.0 914.0
WheatHead 436.0 904.0 545.0 979.0
WheatHead 671.0 758.0 720.0 828.0
WheatHead 729.0 755.0 785.0 823.0
WheatHead 818.0 732.0 879.0 804.0
WheatHead 901.0 751.0 974.0 841.0
WheatHead 935.0 675.0 1024.0 759.0
WheatHead 871.0 864.0 937.0 952.0
WheatHead 811.0 854.0 875.0 948.0
WheatHead 982.0 878.0 1024.0 951.0
WheatHead 987.0 796.0 1024.0 871.0
WheatHead 600.0 852.0 660.0 909.0
WheatHead 586.0 807.0 647.0 862.0
WheatHead 631.0 777.0 680.0 838.0
WheatHead 615.0 977.0 683.0 1024.0
WheatHead 318.0 936.0 405.0 1012.0
WheatHead 260.0 927.0 318.0 1024.0
WheatHead 215.0 858.0 298.0 976.0
WheatHead 116.0 858.0 185.0 972.0
WheatHead 29.0 840.0 94.0 938.0
WheatHead 18.0 740.0 77.0 822.0
WheatHead 0.0 1009.0 10.0 1024.0
WheatHead 161.0 961.0 221.0 1024.0
WheatHead 23.0 288.0 70.0 342.0
WheatHead 33.0 953.0 84.0 1017.0
WheatHead 330.0 737.0 373.0 783.0
WheatHead 431.0 681.0 500.0 737.0
WheatHead 459.0 438.0 535.0 499.0
WheatHead 538.0 0.0 616.0 49.0
WheatHead 218.0 11.0 261.0 80.0
WheatHead 696.0 858.0 738.0 913.0
