WheatHead 419.0 66.0 495.0 165.0
WheatHead 699.0 697.0 783.0 771.0
WheatHead 758.0 640.0 827.0 745.0
WheatHead 187.0 352.0 290.0 427.0
WheatHead 255.0 477.0 370.0 522.0
WheatHead 985.0 170.0 1024.0 253.0
WheatHead 731.0 496.0 804.0 563.0
WheatHead 729.0 259.0 820.0 308.0
WheatHead 12.0 387.0 139.0 443.0
WheatHead 88.0 47.0 196.0 117.0
WheatHead 539.0 214.0 651.0 278.0
WheatHead 675.0 0.0 764.0 49.0
WheatHead 567.0 591.0 675.0 644.0
WheatHead 970.0 476.0 1024.0 537.0
WheatHead 481.0 15.0 572.0 56.0
WheatHead 427.0 260.0 533.7000122070312 317.1000061035156
WheatHead 943.0 20.0 1024.0 57.0
WheatHead 674.0 109.0 797.0 200.0
WheatHead 557.0 103.0 634.0 161.0
WheatHead 174.0 234.0 251.0 283.0
WheatHead 260.0 318.0 330.0 380.0
WheatHead 91.0 963.0 241.0 1013.0
WheatHead 682.0 81.0 783.0 131.0
WheatHead 761.0 632.0 848.0 681.0
WheatHead 349.0 602.0 427.0 638.0
WheatHead 276.0 776.0 377.0 855.0
WheatHead 323.0 1.0 372.0 66.0
WheatHead 871.0 167.0 976.0 252.0
WheatHead 2.0 842.0 110.0 886.0
WheatHead 282.0 861.0 385.0 903.0
WheatHead 632.0 84.0 658.0 176.0
WheatHead 180.0 802.0 262.0 830.0
WheatHead 953.0 977.0 1024.0 1022.0
WheatHead 0.0 88.0 65.0 121.0
WheatHead 27.0 318.0 154.0 379.0
WheatHead 942.0 345.0 1006.0 385.0
WheatHead 14.199999809265137 921.2000122070312 129.1999969482422 963.2000122070312
WheatHead 608.0 723.0 695.0 752.0
WheatHead 552.0 338.0 587.0 436.0
WheatHead 147.0 268.0 251.0 321.0
WheatHead 629.0 782.0 704.0 816.0
WheatHead 327.0 924.0 468.0 963.0
WheatHead 703.0 828.0 765.0 866.0
WheatHead 135.0 375.0 225.0 458.0
WheatHead 0.0 585.0 141.0 669.0
WheatHead 506.0 697.0 570.0 737.0
WheatHead 64.0 61.0 154.0 121.0
WheatHead 94.0 285.0 181.0 320.0
WheatHead 64.0 550.0 162.0 595.0
WheatHead 559.0 830.0 607.0 951.0
WheatHead 875.0 916.0 951.0 943.0
WheatHead 12.0 730.0 106.0 827.0
WheatHead 580.0 282.0 623.0 368.0
WheatHead 283.0 184.0 349.0 247.0
WheatHead 319.0 21.0 411.0 166.0
WheatHead 20.0 709.0 177.0 747.0
WheatHead 984.0 716.0 1024.0 746.0
WheatHead 522.0 456.0 581.0 481.0
WheatHead 988.0 576.0 1024.0 648.0
WheatHead 835.0 383.0 987.0 419.0
WheatHead 882.0 449.0 943.0 477.0
WheatHead 140.0 869.0 288.0 913.0
WheatHead 501.0 515.0 572.0 587.0
WheatHead 210.0 714.0 342.0 755.0
WheatHead 626.0 919.0 676.0 950.0
WheatHead 244.0 1007.0 286.0 1024.0
WheatHead 671.0 999.0 759.0 1024.0
WheatHead 918.0 420.0 993.0 464.0
WheatHead 390.0 839.0 470.0 872.0
WheatHead 765.0 1008.0 840.0 1024.0
WheatHead 918.0 578.0 986.0 611.0
WheatHead 681.0 62.0 786.0 140.0
WheatHead 887.0 522.0 944.0 542.0
WheatHead 409.0 225.0 454.0 264.0
WheatHead 760.0 931.0 880.0 984.0
WheatHead 681.0 632.0 749.0 686.0
WheatHead 498.0 95.0 558.0 141.0
WheatHead 0.0 814.0 73.0 852.0
WheatHead 119.0 244.0 193.0 281.0
