WheatHead 201.0 326.0 278.0 482.0
WheatHead 711.0 69.0 797.0 172.0
WheatHead 218.0 615.0 291.0 737.0
WheatHead 347.0 0.0 472.0 155.0
WheatHead 0.0 825.0 48.0 972.0
WheatHead 188.0 131.0 284.0 318.0
WheatHead 728.0 715.0 875.0 797.0
WheatHead 855.0 207.0 949.0 287.0
WheatHead 727.0 916.0 936.0 1024.0
WheatHead 500.0 23.0 623.0 130.0
WheatHead 43.0 967.0 136.0 1024.0
WheatHead 685.0 659.0 797.0 739.0
WheatHead 405.0 62.0 513.0 184.0
WheatHead 287.0 687.0 344.0 802.0
WheatHead 46.0 238.0 158.0 415.0
WheatHead 943.0 720.0 1024.0 832.0
WheatHead 0.0 399.0 146.0 630.0
WheatHead 503.0 393.0 593.0 592.0
WheatHead 417.0 373.0 492.0 544.0
WheatHead 630.0 233.0 703.0 308.0
WheatHead 312.0 225.0 379.0 356.0
WheatHead 619.0 73.0 706.0 251.0
WheatHead 751.0 234.0 837.0 369.0
WheatHead 0.0 575.0 95.0 690.0
WheatHead 737.0 772.0 927.0 893.0
WheatHead 971.0 289.0 1024.0 375.0
WheatHead 22.0 1.0 109.0 114.0
WheatHead 57.0 873.0 183.0 965.0
WheatHead 273.0 777.0 346.0 845.0
WheatHead 295.0 630.0 354.0 702.0
WheatHead 0.0 127.0 70.0 338.0
WheatHead 381.0 267.0 457.0 375.0
WheatHead 298.0 369.0 375.0 448.0
WheatHead 525.0 65.0 581.0 196.0
WheatHead 541.0 152.0 611.0 267.0
