WheatHead 166.0 806.0 381.0 903.0
WheatHead 803.0 906.0 960.0 985.0
WheatHead 179.0 503.0 342.0 566.0
WheatHead 773.0 373.0 911.0 460.0
WheatHead 0.0 168.0 28.0 286.0
WheatHead 4.0 256.0 160.0 361.0
WheatHead 1.0 416.0 84.0 558.0
WheatHead 37.0 710.0 147.0 794.0
WheatHead 102.0 134.0 197.0 216.0
WheatHead 800.0 782.0 966.0 893.0
WheatHead 857.0 496.0 990.0 578.0
WheatHead 926.0 701.0 1023.0 778.0
WheatHead 0.0 913.0 104.0 1013.0
WheatHead 113.0 676.0 243.0 750.0
WheatHead 926.0 356.0 1024.0 467.0
WheatHead 10.0 84.0 111.0 179.0
WheatHead 76.0 576.0 178.0 676.0
WheatHead 0.0 801.0 48.0 888.0
WheatHead 47.0 806.0 149.0 868.0
WheatHead 760.0 1021.0 862.0 1024.0
WheatHead 74.0 191.0 199.0 269.0
WheatHead 911.0 138.0 1024.0 230.0
WheatHead 894.0 0.0 1021.0 83.0
WheatHead 85.0 13.0 189.0 106.0
WheatHead 51.0 975.0 168.0 1024.0
