WheatHead 54.0 681.0 151.0 830.0
WheatHead 232.0 783.0 410.0 918.0
WheatHead 16.0 500.0 190.0 593.0
WheatHead 128.0 453.0 246.0 560.0
WheatHead 0.0 366.0 83.0 461.0
WheatHead 0.0 0.0 110.0 93.0
WheatHead 45.0 131.0 109.0 204.0
WheatHead 0.0 168.0 62.0 271.0
WheatHead 296.0 281.0 401.0 372.0
WheatHead 352.0 423.0 449.0 507.0
WheatHead 459.0 309.0 538.0 406.0
WheatHead 640.0 242.0 743.0 314.0
WheatHead 672.0 330.0 777.0 419.0
WheatHead 809.0 317.0 901.0 407.0
WheatHead 520.0 607.0 622.0 709.0
WheatHead 940.0 209.0 1024.0 321.0
WheatHead 691.0 35.0 783.0 112.0
WheatHead 546.0 0.0 613.0 76.0
WheatHead 480.0 32.0 531.0 119.0
WheatHead 366.0 16.0 432.0 92.0
WheatHead 783.0 933.0 845.0 1015.0
WheatHead 830.0 988.0 897.0 1024.0
WheatHead 0.0 826.0 25.0 901.0
