WheatHead 659.0 0.0 713.0 33.0
WheatHead 328.0 561.0 472.0 638.0
WheatHead 573.0 194.0 778.0 550.0
WheatHead 945.0 554.0 1024.0 641.0
WheatHead 963.0 235.0 1022.0 423.0
WheatHead 498.0 846.0 642.0 943.0
WheatHead 978.0 454.0 1024.0 536.0
WheatHead 47.0 912.0 140.0 1024.0
WheatHead 147.0 189.0 270.0 387.0
WheatHead 420.0 812.0 645.0 898.0
WheatHead 578.0 56.0 684.0 206.0
WheatHead 595.0 705.0 705.0 818.0
WheatHead 647.0 725.0 754.0 815.0
WheatHead 884.0 687.0 954.0 837.0
WheatHead 812.0 622.0 912.0 755.0
WheatHead 637.0 641.0 861.0 774.0
WheatHead 761.0 273.0 862.0 352.0
WheatHead 816.0 245.0 870.0 530.0
WheatHead 652.0 183.0 873.0 569.0
