WheatHead 626.0 331.0 686.0 431.0
WheatHead 64.0 19.0 151.0 133.0
WheatHead 223.0 335.0 305.0 442.0
WheatHead 830.0 873.0 913.0 943.0
WheatHead 944.0 96.0 1024.0 203.0
WheatHead 182.0 966.0 309.0 1018.0
WheatHead 260.0 636.0 316.0 719.0
WheatHead 700.0 674.0 760.0 756.0
WheatHead 637.0 738.0 727.0 823.0
WheatHead 954.0 868.0 1024.0 991.0
WheatHead 567.0 412.0 638.0 477.0
WheatHead 562.0 727.0 678.0 827.0
WheatHead 155.0 208.0 228.0 273.0
WheatHead 163.0 626.0 264.0 707.0
WheatHead 543.0 420.0 602.0 492.0
WheatHead 285.0 75.0 372.0 143.0
WheatHead 345.0 693.0 395.0 809.0
WheatHead 405.0 338.0 491.0 389.0
WheatHead 731.0 622.0 813.0 678.0
WheatHead 9.0 96.0 92.0 146.0
WheatHead 604.0 532.0 681.0 582.0
WheatHead 527.0 824.0 618.0 891.0
WheatHead 477.0 181.0 531.0 252.0
WheatHead 0.0 84.0 13.0 124.0
WheatHead 10.0 144.0 137.0 184.0
WheatHead 927.0 477.0 1002.0 520.0
WheatHead 125.0 648.0 207.0 697.0
WheatHead 922.0 608.0 988.0 666.0
WheatHead 393.0 513.0 495.0 550.0
WheatHead 88.0 238.0 144.0 282.0
WheatHead 492.0 502.0 572.0 542.0
WheatHead 0.0 746.0 144.0 856.0
WheatHead 27.0 204.0 91.0 251.0
WheatHead 109.0 50.0 204.0 88.0
WheatHead 37.0 864.0 118.0 903.0
WheatHead 688.0 458.0 786.0 490.0
WheatHead 406.0 155.0 486.0 221.0
WheatHead 124.0 487.0 185.0 524.0
WheatHead 693.0 533.0 746.0 576.0
WheatHead 966.0 733.0 1014.0 789.0
WheatHead 604.0 592.0 666.0 632.0
WheatHead 969.0 791.0 1011.0 836.0
WheatHead 5.0 567.0 61.0 593.0
WheatHead 765.0 984.0 805.0 1024.0
WheatHead 993.0 346.0 1024.0 421.0
WheatHead 632.0 890.0 701.0 925.0
WheatHead 444.0 727.0 571.0 796.0
WheatHead 951.0 271.0 981.0 338.0
WheatHead 273.0 147.0 364.0 216.0
WheatHead 46.0 779.0 170.0 843.0
WheatHead 383.0 1.0 419.0 31.0
WheatHead 398.0 476.0 470.0 513.0
WheatHead 362.0 28.0 425.0 107.0
WheatHead 831.0 953.0 895.0 987.0
WheatHead 912.0 923.0 977.0 959.0
WheatHead 204.0 760.0 297.0 812.0
WheatHead 323.0 0.0 375.0 61.0
WheatHead 309.0 742.0 356.0 785.0
WheatHead 891.0 547.0 933.0 622.0
WheatHead 404.0 352.0 465.0 420.0
WheatHead 405.0 689.0 454.0 740.0
WheatHead 940.0 766.0 993.0 804.0
WheatHead 222.0 106.0 298.0 178.0
WheatHead 112.0 136.0 172.0 171.0
WheatHead 0.0 855.0 44.0 895.0
WheatHead 596.0 912.0 665.0 939.0
WheatHead 867.0 520.0 897.0 572.0
