WheatHead 108.0 29.0 225.0 295.0
WheatHead 1.0 113.0 116.0 277.0
WheatHead 0.0 295.0 118.0 374.0
WheatHead 130.0 310.0 328.0 378.0
WheatHead 10.0 444.0 154.0 504.0
WheatHead 351.0 432.0 411.0 501.0
WheatHead 309.0 142.0 458.0 335.0
WheatHead 418.0 162.0 504.0 271.0
WheatHead 614.0 165.0 699.0 264.0
WheatHead 781.0 101.0 970.0 181.0
WheatHead 987.0 34.0 1024.0 117.0
WheatHead 886.0 225.0 1004.0 346.0
WheatHead 983.0 126.0 1024.0 232.0
WheatHead 645.0 436.0 729.0 612.0
WheatHead 837.0 369.0 912.0 442.0
WheatHead 693.0 583.0 850.0 683.0
WheatHead 628.0 728.0 716.0 828.0
WheatHead 631.0 826.0 725.0 897.0
WheatHead 357.0 740.0 597.0 886.0
WheatHead 209.0 780.0 339.0 861.0
WheatHead 154.0 818.0 363.0 921.0
WheatHead 241.0 899.0 334.0 1004.0
WheatHead 147.0 894.0 239.0 1023.0
WheatHead 0.0 919.0 123.0 1020.0
WheatHead 417.0 960.0 513.0 1024.0
WheatHead 580.0 962.0 665.0 1024.0
WheatHead 738.0 991.0 845.0 1024.0
WheatHead 933.0 895.0 1023.0 1024.0
WheatHead 769.0 725.0 909.0 959.0
WheatHead 926.0 569.0 1014.0 659.0
WheatHead 0.0 69.0 115.0 192.0
WheatHead 0.0 884.0 52.0 1023.0
WheatHead 945.0 202.0 995.0 248.0
WheatHead 717.0 781.0 776.0 829.0
