WheatHead 898.0 598.0 1024.0 723.0
WheatHead 395.0 352.0 561.0 480.0
WheatHead 226.0 271.0 391.0 397.0
WheatHead 459.0 154.0 561.0 248.0
WheatHead 642.0 77.0 798.0 173.0
WheatHead 243.0 0.0 371.0 141.0
WheatHead 762.0 0.0 920.0 79.0
WheatHead 94.0 470.0 316.0 568.0
WheatHead 276.0 602.0 401.0 699.0
WheatHead 71.0 694.0 239.0 781.0
WheatHead 973.0 350.0 1024.0 453.0
WheatHead 936.0 528.0 1006.0 608.0
WheatHead 136.0 7.0 244.0 179.0
WheatHead 176.0 207.0 242.0 276.0
WheatHead 251.0 181.0 336.0 269.0
WheatHead 20.0 211.0 110.0 301.0
WheatHead 88.0 357.0 180.0 455.0
WheatHead 448.0 501.0 536.0 579.0
WheatHead 671.0 527.0 750.0 596.0
WheatHead 592.0 555.0 652.0 596.0
WheatHead 570.0 585.0 664.0 664.0
WheatHead 290.0 827.0 382.0 903.0
WheatHead 182.0 890.0 282.0 957.0
WheatHead 407.0 808.0 551.0 952.0
WheatHead 0.0 780.0 74.0 845.0
WheatHead 252.0 947.0 338.0 1024.0
WheatHead 670.0 963.0 733.0 1024.0
WheatHead 730.0 949.0 811.0 1012.0
WheatHead 854.0 921.0 1004.0 995.0
WheatHead 849.0 984.0 967.0 1020.0
