WheatHead 0.0 107.0 47.0 196.0
WheatHead 68.0 85.0 136.0 216.0
WheatHead 73.0 248.0 130.0 311.0
WheatHead 49.0 485.0 105.0 541.0
WheatHead 153.0 497.0 227.0 620.0
WheatHead 57.0 725.0 120.0 793.0
WheatHead 129.0 697.0 199.0 767.0
WheatHead 98.0 794.0 214.0 866.0
WheatHead 30.0 793.0 92.0 859.0
WheatHead 0.0 847.0 44.0 899.0
WheatHead 855.0 956.0 975.0 1024.0
WheatHead 547.0 920.0 613.0 1002.0
WheatHead 461.0 991.0 554.0 1024.0
WheatHead 479.0 907.0 539.0 968.0
WheatHead 553.0 853.0 614.0 910.0
WheatHead 323.0 978.0 403.0 1024.0
WheatHead 237.0 1000.0 302.0 1024.0
WheatHead 305.0 901.0 364.0 959.0
WheatHead 340.0 820.0 411.0 887.0
WheatHead 422.0 805.0 494.0 873.0
WheatHead 320.0 759.0 401.0 811.0
WheatHead 410.0 752.0 474.0 809.0
WheatHead 395.0 674.0 466.0 758.0
WheatHead 643.0 768.0 701.0 829.0
WheatHead 949.0 781.0 1022.0 867.0
WheatHead 922.0 679.0 996.0 740.0
WheatHead 802.0 640.0 872.0 759.0
WheatHead 669.0 644.0 758.0 715.0
WheatHead 568.0 622.0 684.0 679.0
WheatHead 930.0 577.0 1017.0 667.0
WheatHead 974.0 391.0 1024.0 472.0
WheatHead 441.0 593.0 530.0 666.0
WheatHead 271.0 585.0 334.0 675.0
WheatHead 416.0 451.0 478.0 507.0
WheatHead 919.0 259.0 1009.0 369.0
WheatHead 883.0 92.0 985.0 195.0
WheatHead 962.0 2.0 1024.0 77.0
WheatHead 638.0 4.0 711.0 106.0
WheatHead 617.0 117.0 687.0 204.0
WheatHead 644.0 292.0 731.0 371.0
WheatHead 500.0 253.0 568.0 321.0
WheatHead 634.0 370.0 683.0 422.0
WheatHead 235.0 245.0 330.0 331.0
WheatHead 994.0 263.0 1024.0 342.0
