WheatHead 350.0 613.0 431.0 693.0
WheatHead 20.0 570.0 98.0 636.0
WheatHead 38.0 787.0 90.0 901.0
WheatHead 215.0 233.0 314.0 345.0
WheatHead 15.0 335.0 94.0 421.0
WheatHead 146.0 645.0 206.0 724.0
WheatHead 413.0 271.0 468.0 350.0
WheatHead 329.0 103.0 401.0 197.0
WheatHead 35.0 918.0 101.0 998.0
WheatHead 216.0 559.0 325.0 674.0
WheatHead 972.0 359.0 1024.0 442.0
WheatHead 334.0 294.0 380.0 379.0
WheatHead 557.0 166.0 623.0 253.0
WheatHead 316.0 905.0 379.0 980.0
WheatHead 441.0 95.0 492.0 162.0
WheatHead 86.0 267.0 158.0 326.0
WheatHead 796.0 498.0 844.0 616.0
WheatHead 632.0 385.0 676.0 471.0
WheatHead 951.0 939.0 1024.0 1019.0
WheatHead 969.0 307.0 1024.0 367.0
WheatHead 686.0 939.0 745.0 1022.0
WheatHead 599.0 353.0 674.0 389.0
WheatHead 454.0 382.0 520.0 443.0
WheatHead 249.0 699.0 324.0 756.0
WheatHead 1006.0 876.0 1024.0 965.0
WheatHead 294.0 685.0 354.0 730.0
WheatHead 87.0 372.0 171.0 462.0
WheatHead 163.0 761.0 218.0 827.0
WheatHead 502.0 693.0 558.0 750.0
WheatHead 98.0 328.0 238.0 446.0
WheatHead 204.0 891.0 263.0 957.0
WheatHead 794.0 1.0 851.0 58.0
WheatHead 282.0 32.0 338.0 99.0
WheatHead 864.0 774.0 935.0 825.0
WheatHead 631.0 748.0 734.0 815.0
WheatHead 953.0 587.0 984.0 689.0
WheatHead 430.0 806.0 475.0 858.0
WheatHead 636.0 988.0 679.0 1024.0
WheatHead 974.0 442.0 1024.0 466.0
WheatHead 824.0 737.0 868.0 789.0
WheatHead 401.0 710.0 447.0 807.0
WheatHead 256.0 950.0 316.0 977.0
WheatHead 132.0 1000.0 192.0 1024.0
WheatHead 229.0 28.0 300.0 80.0
WheatHead 740.0 461.0 785.0 538.0
WheatHead 149.0 965.0 234.0 1019.0
WheatHead 699.0 616.0 785.0 692.0
WheatHead 177.0 1.0 232.0 51.0
WheatHead 794.0 861.0 854.0 897.0
WheatHead 902.0 300.0 948.0 374.0
WheatHead 760.0 534.0 808.0 620.0
WheatHead 842.0 703.0 883.0 775.0
WheatHead 851.0 640.0 897.0 690.0
WheatHead 453.0 430.0 595.0 498.0
WheatHead 114.0 552.0 150.0 622.0
WheatHead 966.0 618.0 1010.0 697.0
WheatHead 126.0 245.0 195.0 296.0
WheatHead 587.0 891.0 638.0 912.0
WheatHead 911.0 816.0 970.0 863.0
WheatHead 776.0 804.0 819.0 860.0
WheatHead 217.0 410.0 295.0 465.0
WheatHead 514.0 483.0 642.0 535.0
WheatHead 589.0 280.0 659.0 343.0
WheatHead 0.0 836.0 53.0 860.0
WheatHead 779.0 853.0 821.0 914.0
WheatHead 509.0 0.0 547.0 31.0
WheatHead 981.0 753.0 1024.0 780.0
WheatHead 607.0 910.0 666.0 958.0
