WheatHead 0.0 863.0 41.0 928.0
WheatHead 35.0 801.0 136.0 887.0
WheatHead 273.0 923.0 336.0 989.0
WheatHead 117.0 677.0 240.0 769.0
WheatHead 104.0 583.0 213.0 654.0
WheatHead 0.0 633.0 43.0 685.0
WheatHead 9.0 400.0 70.0 472.0
WheatHead 77.0 451.0 161.0 515.0
WheatHead 183.0 325.0 262.0 431.0
WheatHead 264.0 435.0 334.0 493.0
WheatHead 0.0 175.0 31.0 244.0
WheatHead 76.0 23.0 139.0 98.0
WheatHead 267.0 0.0 323.0 40.0
WheatHead 361.0 262.0 457.0 344.0
WheatHead 600.0 247.0 683.0 323.0
WheatHead 559.0 332.0 637.0 390.0
WheatHead 421.0 388.0 534.0 475.0
WheatHead 603.0 404.0 715.0 524.0
WheatHead 696.0 379.0 802.0 472.0
WheatHead 779.0 305.0 862.0 382.0
WheatHead 894.0 155.0 1008.0 217.0
WheatHead 673.0 598.0 782.0 676.0
WheatHead 304.0 608.0 387.0 662.0
WheatHead 322.0 705.0 464.0 764.0
WheatHead 330.0 772.0 410.0 837.0
WheatHead 596.0 893.0 690.0 1021.0
WheatHead 816.0 645.0 898.0 771.0
WheatHead 911.0 735.0 1024.0 812.0
WheatHead 975.0 567.0 1024.0 629.0
WheatHead 897.0 419.0 1005.0 499.0
WheatHead 928.0 22.0 1001.0 84.0
