WheatHead 19.0 0.0 97.0 51.0
WheatHead 84.0 46.0 154.0 99.0
WheatHead 144.0 131.0 209.0 216.0
WheatHead 195.0 116.0 290.0 186.0
WheatHead 284.0 149.0 344.0 201.0
WheatHead 316.0 168.0 385.0 224.0
WheatHead 415.0 161.0 477.0 224.0
WheatHead 653.0 75.0 727.0 165.0
WheatHead 751.0 90.0 826.0 142.0
WheatHead 802.0 10.0 882.0 77.0
WheatHead 14.0 944.0 87.0 1024.0
WheatHead 0.0 893.0 66.0 948.0
WheatHead 130.0 976.0 210.0 1024.0
WheatHead 257.0 922.0 328.0 980.0
WheatHead 311.0 949.0 373.0 1002.0
WheatHead 0.0 530.0 53.0 582.0
WheatHead 32.0 565.0 88.0 623.0
WheatHead 33.0 605.0 103.0 688.0
WheatHead 34.0 436.0 124.0 508.0
WheatHead 266.0 608.0 381.0 665.0
WheatHead 400.0 500.0 484.0 586.0
WheatHead 516.0 499.0 600.0 590.0
WheatHead 489.0 590.0 594.0 646.0
WheatHead 545.0 679.0 616.0 739.0
WheatHead 419.0 736.0 492.0 833.0
WheatHead 440.0 702.0 504.0 750.0
WheatHead 555.0 748.0 627.0 828.0
WheatHead 642.0 744.0 706.0 796.0
WheatHead 677.0 550.0 762.0 621.0
WheatHead 662.0 499.0 758.0 572.0
WheatHead 783.0 631.0 884.0 712.0
WheatHead 653.0 610.0 731.0 680.0
WheatHead 879.0 570.0 957.0 647.0
WheatHead 945.0 539.0 1017.0 606.0
WheatHead 907.0 459.0 972.0 548.0
WheatHead 847.0 810.0 965.0 911.0
WheatHead 915.0 917.0 1024.0 980.0
WheatHead 553.0 948.0 653.0 1024.0
WheatHead 578.0 92.0 666.0 161.0
WheatHead 556.0 36.0 631.0 88.0
