WheatHead 266.0 588.0 471.0 716.0
WheatHead 0.0 609.0 346.0 1024.0
WheatHead 689.0 896.0 799.0 1001.0
WheatHead 797.0 437.0 873.0 511.0
WheatHead 686.0 810.0 826.0 916.0
WheatHead 559.0 0.0 669.0 222.0
WheatHead 848.0 90.0 1024.0 215.0
WheatHead 667.0 497.0 820.0 642.0
WheatHead 605.0 642.0 775.0 724.0
WheatHead 871.0 0.0 962.0 85.0
WheatHead 841.0 914.0 929.0 1024.0
WheatHead 38.0 370.0 88.0 443.0
WheatHead 0.0 182.0 47.0 272.0
WheatHead 595.0 898.0 704.0 983.0
WheatHead 648.0 617.0 759.0 677.0
WheatHead 924.0 824.0 964.0 874.0
