WheatHead 753.0 628.0 850.0 737.0
WheatHead 678.0 245.0 780.0 385.0
WheatHead 879.0 218.0 935.0 389.0
WheatHead 940.0 340.0 1024.0 427.0
WheatHead 65.0 211.0 149.0 313.0
WheatHead 616.0 252.0 686.0 378.0
WheatHead 768.0 533.0 829.0 606.0
WheatHead 229.0 937.0 344.0 1024.0
WheatHead 199.0 866.0 332.0 941.0
WheatHead 151.0 15.0 227.0 116.0
WheatHead 828.0 909.0 928.0 1024.0
WheatHead 556.0 515.0 685.0 583.0
WheatHead 357.0 115.0 547.0 302.0
WheatHead 272.0 706.0 343.0 868.0
WheatHead 163.0 842.0 306.0 935.0
WheatHead 697.0 609.0 762.0 712.0
WheatHead 784.0 296.0 879.0 389.0
WheatHead 882.0 103.0 939.0 214.0
WheatHead 685.0 163.0 886.0 243.0
WheatHead 649.0 357.0 758.0 460.0
WheatHead 331.0 484.0 439.0 568.0
WheatHead 570.0 429.0 642.0 498.0
WheatHead 593.0 474.0 649.0 542.0
WheatHead 768.0 441.0 842.0 498.0
WheatHead 779.0 231.0 857.0 316.0
WheatHead 229.0 305.0 297.0 362.0
WheatHead 675.0 803.0 746.0 888.0
WheatHead 705.0 76.0 757.0 119.0
