WheatHead 524.0 173.0 586.0 223.0
WheatHead 546.0 98.0 600.0 156.0
WheatHead 910.0 258.0 1024.0 330.0
WheatHead 592.0 365.0 646.0 402.0
WheatHead 627.0 267.0 679.0 354.0
WheatHead 608.0 111.0 694.0 184.0
WheatHead 975.0 622.0 1024.0 709.0
WheatHead 475.0 204.0 530.0 300.0
WheatHead 382.0 497.0 430.0 549.0
WheatHead 0.0 15.0 39.0 96.0
WheatHead 30.0 23.0 116.0 160.0
WheatHead 124.0 77.0 217.0 180.0
WheatHead 515.0 333.0 588.0 401.0
WheatHead 537.0 225.0 622.0 292.0
WheatHead 361.0 228.0 433.0 305.0
WheatHead 51.0 357.0 181.0 440.0
WheatHead 437.0 93.0 500.0 156.0
WheatHead 232.0 119.0 320.0 207.0
WheatHead 492.0 0.0 557.0 95.0
WheatHead 970.0 310.0 1024.0 399.0
WheatHead 924.0 356.0 967.0 428.0
WheatHead 357.0 655.0 421.0 710.0
WheatHead 405.0 622.0 448.0 659.0
WheatHead 392.0 585.0 473.0 633.0
WheatHead 569.0 401.0 730.0 513.0
WheatHead 617.0 503.0 675.0 617.0
WheatHead 602.0 626.0 672.0 690.0
WheatHead 463.0 655.0 523.0 717.0
WheatHead 467.0 603.0 535.0 659.0
WheatHead 503.0 634.0 591.0 717.0
WheatHead 407.0 833.0 467.0 894.0
WheatHead 451.0 868.0 505.0 939.0
WheatHead 515.0 859.0 644.0 920.0
WheatHead 573.0 925.0 701.0 1000.0
WheatHead 663.0 996.0 764.0 1024.0
WheatHead 712.0 937.0 874.0 1024.0
WheatHead 387.0 965.0 443.0 1004.0
WheatHead 328.0 278.0 383.0 342.0
WheatHead 422.0 412.0 500.0 485.0
WheatHead 482.0 476.0 544.0 548.0
