WheatHead 532.0 292.0 618.0 398.0
WheatHead 842.0 805.0 912.0 903.0
WheatHead 793.0 353.0 880.0 447.0
WheatHead 907.0 0.0 994.0 75.0
WheatHead 779.0 663.0 871.0 718.0
WheatHead 928.0 204.0 1013.0 293.0
WheatHead 681.0 854.0 778.0 928.0
WheatHead 808.0 279.0 899.0 333.0
WheatHead 664.0 630.0 737.0 690.0
WheatHead 451.0 838.0 528.0 908.0
WheatHead 899.0 333.0 968.0 398.0
WheatHead 144.0 839.0 271.0 918.0
WheatHead 734.0 438.0 815.0 524.0
WheatHead 634.0 677.0 719.0 733.0
WheatHead 785.0 569.0 881.0 621.0
WheatHead 250.0 587.0 350.0 665.0
WheatHead 294.0 518.0 364.0 588.0
WheatHead 806.0 516.0 887.0 587.0
WheatHead 248.0 531.0 348.0 595.0
WheatHead 621.0 543.0 743.0 613.0
WheatHead 342.0 539.0 471.0 595.0
WheatHead 472.0 176.0 591.0 258.0
WheatHead 148.0 155.0 299.0 235.0
WheatHead 795.0 133.0 929.0 262.0
WheatHead 984.0 613.0 1024.0 674.0
WheatHead 479.0 551.0 552.0 625.0
WheatHead 1.0 260.0 58.0 322.0
WheatHead 545.0 675.0 612.0 752.0
WheatHead 248.0 0.0 303.0 46.0
WheatHead 26.0 515.0 132.0 609.0
WheatHead 21.0 157.0 106.0 293.0
WheatHead 25.0 859.0 120.0 923.0
WheatHead 592.0 494.0 681.0 558.0
WheatHead 963.0 562.0 1024.0 625.0
WheatHead 944.0 924.0 1024.0 982.0
WheatHead 987.0 502.0 1024.0 556.0
WheatHead 811.0 894.0 873.0 957.0
WheatHead 520.0 2.0 603.0 62.0
WheatHead 7.0 921.0 124.0 972.0
WheatHead 233.0 50.0 317.0 89.0
WheatHead 0.0 633.0 46.0 690.0
WheatHead 478.0 410.0 667.0 465.0
WheatHead 839.0 0.0 890.0 68.0
WheatHead 621.0 958.0 678.0 995.0
WheatHead 969.0 434.0 1024.0 501.0
WheatHead 697.0 951.0 886.0 1024.0
WheatHead 862.0 57.0 924.0 111.0
WheatHead 171.0 119.0 321.0 156.0
WheatHead 364.0 978.0 418.0 1024.0
WheatHead 854.0 973.0 909.0 1008.0
WheatHead 402.0 905.0 503.0 958.0
WheatHead 887.0 124.0 943.0 174.0
WheatHead 372.0 355.0 521.0 420.0
WheatHead 184.0 59.0 303.0 116.0
WheatHead 408.0 981.0 541.0 1024.0
WheatHead 676.0 0.0 758.0 40.0
WheatHead 664.0 726.0 730.0 771.0
WheatHead 678.0 208.0 717.0 280.0
WheatHead 53.0 955.0 124.0 997.0
WheatHead 190.0 146.0 272.0 198.0
WheatHead 241.0 394.0 360.0 480.0
WheatHead 755.0 531.0 817.0 580.0
WheatHead 949.0 0.0 990.0 54.0
WheatHead 375.0 217.0 430.0 320.0
WheatHead 0.0 157.0 36.0 234.0
WheatHead 261.0 705.0 349.0 781.0
WheatHead 0.0 844.0 26.0 901.0
WheatHead 787.0 595.0 848.0 638.0
WheatHead 676.0 803.0 746.0 851.0
WheatHead 281.0 436.0 359.0 487.0
WheatHead 353.0 507.0 410.0 546.0
WheatHead 0.0 424.0 208.0 476.0
WheatHead 109.0 787.0 173.0 813.0
WheatHead 0.0 383.0 72.0 423.0
WheatHead 903.0 752.0 992.0 789.0
WheatHead 219.0 361.0 273.0 408.0
WheatHead 194.0 4.0 276.0 68.0
WheatHead 277.0 77.0 380.0 138.0
WheatHead 0.0 562.0 31.0 624.0
WheatHead 2.0 476.0 137.0 575.0
