WheatHead 338.0 66.0 473.0 157.0
WheatHead 648.0 864.0 774.0 957.0
WheatHead 670.0 176.0 797.0 263.0
WheatHead 529.0 0.0 570.0 102.0
WheatHead 87.0 789.0 231.0 874.0
WheatHead 178.0 8.0 339.0 118.0
WheatHead 947.0 412.0 1024.0 471.0
WheatHead 359.0 21.0 454.0 117.0
WheatHead 535.0 289.0 621.0 364.0
WheatHead 490.0 163.0 619.0 251.0
WheatHead 983.0 79.0 1024.0 118.0
WheatHead 120.0 875.0 226.0 914.0
WheatHead 779.0 475.0 882.0 600.0
WheatHead 95.0 532.0 203.0 576.0
WheatHead 692.0 158.0 812.0 212.0
WheatHead 442.0 937.0 601.0 984.0
WheatHead 395.0 716.0 544.0 876.0
WheatHead 1.0 228.0 69.0 271.0
WheatHead 271.0 419.0 365.0 461.0
WheatHead 937.0 961.0 1024.0 1017.0
WheatHead 512.0 79.0 632.0 148.0
WheatHead 400.0 542.0 527.0 600.0
WheatHead 785.0 374.0 910.0 412.0
WheatHead 697.0 951.0 783.0 995.0
WheatHead 899.0 165.0 978.0 274.0
WheatHead 993.0 549.0 1024.0 590.0
WheatHead 0.0 285.0 187.0 344.0
WheatHead 565.0 236.0 688.0 322.0
WheatHead 729.0 655.0 877.0 732.0
WheatHead 421.0 898.0 538.0 949.0
WheatHead 479.0 780.0 642.0 860.0
WheatHead 939.0 378.0 1017.0 420.0
WheatHead 156.0 599.0 379.0 652.0
WheatHead 0.0 383.0 110.0 442.0
WheatHead 80.0 394.0 200.0 466.0
WheatHead 369.0 294.0 597.0 381.0
WheatHead 574.0 401.0 773.0 502.0
WheatHead 841.0 896.0 1024.0 972.0
WheatHead 906.0 436.0 1024.0 521.0
WheatHead 371.0 494.0 466.0 527.0
WheatHead 181.0 1006.0 253.0 1024.0
WheatHead 742.0 989.0 795.0 1022.0
WheatHead 275.0 683.0 507.0 764.0
WheatHead 0.0 976.0 104.0 1012.0
WheatHead 69.0 1006.0 140.0 1024.0
WheatHead 700.0 481.0 854.0 602.0
WheatHead 17.0 671.0 246.0 719.0
WheatHead 694.0 770.0 934.0 807.0
WheatHead 962.0 991.0 1024.0 1021.0
WheatHead 173.0 256.0 330.0 416.0
WheatHead 778.0 711.0 950.0 888.0
WheatHead 591.0 319.0 726.0 372.0
WheatHead 0.0 594.0 88.0 624.0
WheatHead 0.0 449.0 43.0 490.0
WheatHead 935.0 419.0 1024.0 488.0
WheatHead 799.0 194.0 928.0 236.0
WheatHead 781.0 747.0 976.0 879.0
WheatHead 153.0 523.0 394.0 567.0
WheatHead 32.0 634.0 138.0 668.0
WheatHead 14.0 624.0 122.0 670.0
WheatHead 443.0 465.0 561.0 599.0
WheatHead 550.0 496.0 783.0 560.0
