WheatHead 842.0 751.0 983.0 838.0
WheatHead 553.0 400.0 669.0 513.0
WheatHead 760.0 941.0 875.0 1024.0
WheatHead 547.0 663.0 709.0 798.0
WheatHead 908.0 856.0 1024.0 967.0
WheatHead 805.0 23.0 925.0 84.0
WheatHead 954.0 574.0 1024.0 640.0
WheatHead 852.0 678.0 1006.0 734.0
WheatHead 336.0 921.0 412.0 1016.0
WheatHead 565.0 2.0 660.0 122.0
WheatHead 417.0 509.0 496.0 599.0
WheatHead 860.0 501.0 1000.0 606.0
WheatHead 437.0 739.0 519.0 816.0
WheatHead 715.0 251.0 819.0 332.0
WheatHead 445.0 215.0 591.0 350.0
WheatHead 592.0 276.0 661.0 361.0
WheatHead 494.0 540.0 576.0 645.0
WheatHead 886.0 84.0 982.0 153.0
WheatHead 402.0 84.0 488.0 189.0
WheatHead 540.0 880.0 640.0 924.0
WheatHead 541.0 134.0 610.0 207.0
WheatHead 580.0 647.0 670.0 713.0
WheatHead 807.0 591.0 861.0 643.0
WheatHead 304.0 796.0 381.0 872.0
WheatHead 791.0 256.0 898.0 309.0
WheatHead 501.0 839.0 583.0 893.0
WheatHead 563.0 885.0 660.0 967.0
WheatHead 611.0 808.0 696.0 865.0
WheatHead 340.0 148.0 404.0 234.0
