WheatHead 48.0 0.0 177.0 73.0
WheatHead 0.0 16.0 43.0 87.0
WheatHead 135.0 177.0 193.0 257.0
WheatHead 2.0 194.0 89.0 276.0
WheatHead 0.0 269.0 64.0 342.0
WheatHead 408.0 128.0 512.0 189.0
WheatHead 457.0 43.0 539.0 132.0
WheatHead 368.0 13.0 466.0 89.0
WheatHead 308.0 81.0 375.0 156.0
WheatHead 354.0 159.0 407.0 243.0
WheatHead 429.0 208.0 506.0 285.0
WheatHead 408.0 275.0 518.0 340.0
WheatHead 620.0 222.0 697.0 276.0
WheatHead 721.0 100.0 785.0 164.0
WheatHead 660.0 298.0 725.0 357.0
WheatHead 629.0 421.0 695.0 512.0
WheatHead 719.0 418.0 791.0 517.0
WheatHead 566.0 468.0 624.0 587.0
WheatHead 809.0 238.0 891.0 318.0
WheatHead 318.0 393.0 428.0 527.0
WheatHead 233.0 419.0 318.0 504.0
WheatHead 220.0 496.0 278.0 569.0
WheatHead 67.0 467.0 148.0 578.0
WheatHead 122.0 478.0 207.0 564.0
WheatHead 37.0 552.0 120.0 609.0
WheatHead 162.0 623.0 253.0 681.0
WheatHead 370.0 531.0 461.0 622.0
WheatHead 450.0 556.0 523.0 629.0
WheatHead 382.0 641.0 480.0 720.0
WheatHead 1.0 626.0 56.0 708.0
WheatHead 1.0 706.0 51.0 779.0
WheatHead 139.0 705.0 222.0 784.0
WheatHead 323.0 727.0 402.0 795.0
WheatHead 551.0 669.0 644.0 740.0
WheatHead 701.0 606.0 802.0 692.0
WheatHead 661.0 671.0 721.0 743.0
WheatHead 685.0 752.0 777.0 830.0
WheatHead 887.0 533.0 963.0 624.0
WheatHead 825.0 843.0 899.0 931.0
WheatHead 799.0 950.0 899.0 1024.0
WheatHead 442.0 975.0 532.0 1024.0
WheatHead 367.0 968.0 430.0 1024.0
WheatHead 551.0 968.0 603.0 1024.0
WheatHead 640.0 983.0 704.0 1024.0
WheatHead 966.0 898.0 1024.0 964.0
WheatHead 915.0 190.0 997.0 287.0
WheatHead 973.0 22.0 1024.0 118.0
WheatHead 791.0 110.0 873.0 204.0
WheatHead 124.0 832.0 198.0 902.0
WheatHead 305.0 765.0 379.0 832.0
WheatHead 288.0 686.0 368.0 768.0
WheatHead 387.0 704.0 429.0 753.0
WheatHead 310.0 635.0 346.0 701.0
WheatHead 0.0 104.0 37.0 184.0
WheatHead 235.0 151.0 297.0 204.0
WheatHead 360.0 105.0 417.0 167.0
WheatHead 209.0 1.0 266.0 31.0
WheatHead 301.0 0.0 379.0 72.0
WheatHead 904.0 236.0 1002.0 288.0
