WheatHead 0.0 243.0 37.0 322.0
WheatHead 0.0 683.0 44.0 952.0
WheatHead 92.0 801.0 152.0 969.0
WheatHead 220.0 964.0 289.0 1024.0
WheatHead 154.0 773.0 205.0 899.0
WheatHead 242.0 710.0 283.0 860.0
WheatHead 211.0 684.0 353.0 849.0
WheatHead 376.0 678.0 439.0 832.0
WheatHead 148.0 890.0 200.0 996.0
WheatHead 0.0 72.0 81.0 162.0
WheatHead 49.0 0.0 104.0 52.0
WheatHead 251.0 0.0 399.0 86.0
WheatHead 291.0 137.0 387.0 218.0
WheatHead 404.0 146.0 487.0 238.0
WheatHead 110.0 165.0 270.0 237.0
WheatHead 552.0 717.0 702.0 878.0
WheatHead 694.0 420.0 824.0 594.0
WheatHead 507.0 293.0 582.0 403.0
WheatHead 396.0 398.0 573.0 487.0
WheatHead 479.0 207.0 614.0 293.0
WheatHead 490.0 136.0 590.0 194.0
WheatHead 542.0 3.0 687.0 124.0
WheatHead 688.0 169.0 762.0 293.0
WheatHead 652.0 298.0 719.0 345.0
WheatHead 613.0 243.0 713.0 290.0
WheatHead 862.0 167.0 955.0 314.0
WheatHead 948.0 489.0 1024.0 596.0
WheatHead 929.0 607.0 1024.0 781.0
WheatHead 933.0 846.0 1024.0 993.0
WheatHead 864.0 859.0 972.0 1024.0
WheatHead 606.0 900.0 741.0 961.0
WheatHead 427.0 969.0 539.0 1024.0
WheatHead 902.0 318.0 999.0 448.0
WheatHead 967.0 316.0 1024.0 450.0
WheatHead 856.0 31.0 914.0 152.0
WheatHead 923.0 0.0 1024.0 163.0
