WheatHead 1000.0 33.0 1024.0 97.0
WheatHead 780.0 16.0 885.0 102.0
WheatHead 1.0 182.0 114.0 247.0
WheatHead 213.0 463.0 319.0 543.0
WheatHead 836.0 420.0 936.0 477.0
WheatHead 787.0 498.0 890.0 565.0
WheatHead 125.0 87.0 228.0 155.0
WheatHead 8.0 72.0 92.0 135.0
WheatHead 795.0 200.0 871.0 267.0
WheatHead 416.0 658.0 511.0 715.0
WheatHead 74.0 459.0 183.0 518.0
WheatHead 330.0 719.0 420.0 783.0
WheatHead 1003.0 140.0 1024.0 190.0
WheatHead 912.0 191.0 993.0 248.0
WheatHead 167.0 189.0 245.0 240.0
WheatHead 382.0 175.0 461.0 232.0
WheatHead 17.0 809.0 134.0 857.0
WheatHead 92.0 651.0 197.0 690.0
WheatHead 394.0 344.0 511.0 416.0
WheatHead 298.0 927.0 387.0 978.0
WheatHead 1.0 263.0 96.0 305.0
WheatHead 372.0 613.0 462.0 651.0
WheatHead 906.0 264.0 993.0 323.0
WheatHead 734.0 818.0 813.0 867.0
WheatHead 618.0 7.0 702.0 66.0
WheatHead 465.0 851.0 568.0 900.0
WheatHead 299.0 781.0 394.0 835.0
WheatHead 103.0 902.0 187.0 942.0
WheatHead 623.0 260.0 742.0 312.0
WheatHead 873.0 289.0 941.0 332.0
WheatHead 368.0 914.0 446.0 955.0
WheatHead 699.0 47.0 809.0 123.0
WheatHead 783.0 996.0 864.0 1021.0
WheatHead 372.0 300.0 540.0 350.0
WheatHead 295.0 125.0 400.0 238.0
WheatHead 847.0 869.0 939.0 906.0
WheatHead 416.0 892.0 533.0 946.0
WheatHead 815.0 552.0 886.0 582.0
WheatHead 725.0 104.0 833.0 193.0
WheatHead 215.0 891.0 343.0 935.0
WheatHead 608.0 532.0 690.0 573.0
WheatHead 73.0 849.0 166.0 900.0
WheatHead 765.0 864.0 845.0 914.0
WheatHead 802.0 970.0 894.0 1004.0
WheatHead 225.0 868.0 352.0 908.0
WheatHead 43.0 742.0 161.0 805.0
WheatHead 0.0 419.0 81.0 468.0
WheatHead 62.0 538.0 151.0 573.0
WheatHead 274.0 662.0 438.0 724.0
WheatHead 988.0 344.0 1024.0 379.0
WheatHead 699.0 517.0 793.0 555.0
WheatHead 487.0 570.0 589.0 617.0
WheatHead 519.0 962.0 590.0 1001.0
WheatHead 226.0 971.0 351.0 1015.0
WheatHead 548.0 700.0 692.0 762.0
WheatHead 0.0 894.0 96.0 937.0
WheatHead 477.0 834.0 575.0 887.0
WheatHead 1.0 601.0 117.0 645.0
WheatHead 813.0 885.0 900.0 934.0
WheatHead 0.0 502.0 75.0 551.0
WheatHead 404.0 266.0 464.0 311.0
WheatHead 914.0 301.0 992.0 353.0
WheatHead 722.0 668.0 830.0 707.0
WheatHead 660.0 900.0 762.0 953.0
WheatHead 659.0 851.0 713.0 894.0
WheatHead 1.0 934.0 35.0 963.0
WheatHead 0.0 573.0 46.0 605.0
WheatHead 480.0 525.0 598.0 584.0
WheatHead 515.0 514.0 599.0 579.0
WheatHead 285.0 155.0 355.0 217.0
