WheatHead 454.0 53.0 544.0 139.0
WheatHead 286.0 86.0 485.0 171.0
WheatHead 593.0 172.0 678.0 240.0
WheatHead 365.0 159.0 492.0 236.0
WheatHead 120.0 193.0 268.0 353.0
WheatHead 37.0 462.0 148.0 622.0
WheatHead 184.0 664.0 285.0 873.0
WheatHead 606.0 572.0 727.0 651.0
WheatHead 157.0 952.0 374.0 1024.0
WheatHead 773.0 445.0 849.0 512.0
WheatHead 437.0 458.0 489.0 531.0
WheatHead 987.0 335.0 1024.0 448.0
WheatHead 858.0 509.0 909.0 569.0
WheatHead 822.0 374.0 886.0 442.0
WheatHead 792.0 264.0 850.0 362.0
WheatHead 626.0 308.0 717.0 387.0
WheatHead 672.0 276.0 734.0 337.0
WheatHead 585.0 299.0 644.0 367.0
WheatHead 848.0 209.0 994.0 315.0
WheatHead 960.0 227.0 1024.0 311.0
WheatHead 991.0 135.0 1024.0 269.0
WheatHead 942.0 30.0 1024.0 121.0
WheatHead 855.0 75.0 947.0 157.0
WheatHead 966.0 0.0 1024.0 51.0
WheatHead 755.0 497.0 807.0 568.0
WheatHead 908.0 459.0 1024.0 593.0
WheatHead 814.0 724.0 875.0 788.0
WheatHead 760.0 343.0 835.0 432.0
WheatHead 0.0 438.0 82.0 531.0
WheatHead 482.0 636.0 549.0 676.0
WheatHead 0.0 405.0 31.0 443.0
