WheatHead 456.0 28.0 537.0 107.0
WheatHead 193.0 742.0 260.0 831.0
WheatHead 824.0 270.0 892.0 350.0
WheatHead 24.0 207.0 111.0 273.0
WheatHead 20.0 562.0 103.0 645.0
WheatHead 243.0 106.0 326.0 189.0
WheatHead 31.0 679.0 109.0 752.0
WheatHead 161.0 944.0 290.0 1017.0
WheatHead 484.0 884.0 561.0 965.0
WheatHead 582.0 953.0 649.0 1024.0
WheatHead 597.0 604.0 660.0 689.0
WheatHead 827.0 716.0 921.0 802.0
WheatHead 821.0 357.0 906.0 513.0
WheatHead 232.0 630.0 330.0 690.0
WheatHead 180.0 299.0 292.0 386.0
WheatHead 0.0 200.0 24.0 259.0
WheatHead 271.0 734.0 350.0 805.0
WheatHead 0.0 0.0 46.0 55.0
WheatHead 283.0 699.0 379.0 735.0
WheatHead 96.0 2.0 199.0 77.0
WheatHead 569.0 293.0 681.0 344.0
WheatHead 756.0 376.0 804.0 438.0
WheatHead 0.0 337.0 87.0 389.0
WheatHead 423.0 749.0 540.0 798.0
WheatHead 211.0 237.0 323.0 320.0
WheatHead 199.0 2.0 312.0 60.0
WheatHead 359.0 995.0 421.0 1024.0
WheatHead 352.0 36.0 401.0 117.0
WheatHead 132.0 382.0 199.0 435.0
WheatHead 28.0 0.0 101.0 51.0
WheatHead 0.0 895.0 79.0 1010.0
WheatHead 899.0 300.0 959.0 375.0
WheatHead 767.0 233.0 827.0 290.0
WheatHead 0.0 999.0 62.0 1024.0
WheatHead 709.0 203.0 774.0 292.0
WheatHead 180.0 431.0 237.0 481.0
WheatHead 236.0 282.0 335.0 367.0
WheatHead 0.0 374.0 13.0 421.0
WheatHead 973.0 319.0 1024.0 401.0
WheatHead 138.0 810.0 207.0 849.0
WheatHead 645.0 976.0 681.0 1024.0
WheatHead 663.0 264.0 750.0 329.0
WheatHead 943.0 404.0 991.0 464.0
WheatHead 613.0 248.0 686.0 301.0
WheatHead 602.0 202.0 670.0 260.0
WheatHead 447.0 724.0 537.0 750.0
WheatHead 247.0 45.0 319.0 120.0
WheatHead 0.0 304.0 103.0 392.0
WheatHead 835.0 501.0 954.0 641.0
WheatHead 228.0 599.0 392.0 673.0
WheatHead 382.0 50.0 443.0 90.0
WheatHead 372.0 4.0 432.0 53.0
WheatHead 210.0 349.0 266.0 415.0
WheatHead 688.0 755.0 731.0 793.0
WheatHead 371.0 1.0 423.0 34.0
WheatHead 258.0 1.0 322.0 43.0
WheatHead 569.0 747.0 626.0 811.0
WheatHead 376.0 702.0 551.0 795.0
WheatHead 456.0 363.0 616.0 432.0
WheatHead 443.0 230.0 615.0 350.0
WheatHead 485.0 325.0 632.0 404.0
