WheatHead 918.0 640.0 1024.0 722.0
WheatHead 623.0 429.0 740.0 595.0
WheatHead 905.0 506.0 1016.0 583.0
WheatHead 834.0 605.0 981.0 676.0
WheatHead 602.0 804.0 715.0 922.0
WheatHead 410.0 534.0 531.0 621.0
WheatHead 339.0 184.0 495.0 267.0
WheatHead 243.0 982.0 371.0 1024.0
WheatHead 762.0 918.0 920.0 1024.0
WheatHead 122.0 71.0 325.0 204.0
WheatHead 236.0 33.0 308.0 144.0
WheatHead 324.0 31.0 400.0 126.0
WheatHead 464.0 131.0 560.0 251.0
WheatHead 545.0 13.0 653.0 172.0
WheatHead 719.0 73.0 775.0 175.0
WheatHead 694.0 109.0 752.0 180.0
WheatHead 635.0 34.0 711.0 108.0
WheatHead 738.0 201.0 809.0 282.0
WheatHead 836.0 256.0 913.0 333.0
WheatHead 604.0 284.0 744.0 338.0
WheatHead 559.0 335.0 628.0 397.0
WheatHead 380.0 357.0 464.0 419.0
WheatHead 89.0 225.0 221.0 293.0
WheatHead 5.0 187.0 107.0 253.0
WheatHead 64.0 138.0 159.0 212.0
WheatHead 93.0 118.0 196.0 186.0
WheatHead 0.0 108.0 61.0 173.0
WheatHead 749.0 0.0 813.0 77.0
WheatHead 808.0 16.0 960.0 166.0
WheatHead 866.0 138.0 942.0 222.0
WheatHead 961.0 34.0 1024.0 95.0
WheatHead 0.0 354.0 89.0 464.0
WheatHead 300.0 634.0 376.0 706.0
WheatHead 368.0 704.0 485.0 792.0
WheatHead 538.0 644.0 607.0 699.0
WheatHead 275.0 797.0 413.0 858.0
WheatHead 210.0 724.0 282.0 784.0
WheatHead 31.0 614.0 165.0 687.0
WheatHead 0.0 721.0 97.0 786.0
WheatHead 301.0 886.0 384.0 949.0
WheatHead 424.0 925.0 502.0 988.0
WheatHead 1.0 896.0 39.0 984.0
WheatHead 416.0 279.0 509.0 346.0
WheatHead 337.0 116.0 410.0 181.0
WheatHead 954.0 579.0 1023.0 621.0
WheatHead 34.0 671.0 119.0 759.0
WheatHead 108.0 760.0 201.0 944.0
WheatHead 380.0 964.0 529.0 1024.0
WheatHead 651.0 802.0 786.0 912.0
