WheatHead 187.0 244.0 343.0 357.0
WheatHead 302.0 652.0 442.0 729.0
WheatHead 353.0 118.0 474.0 205.0
WheatHead 350.0 302.0 553.0 395.0
WheatHead 197.0 780.0 283.0 974.0
WheatHead 322.0 0.0 405.0 84.0
WheatHead 431.0 385.0 636.0 472.0
WheatHead 1.0 399.0 56.0 494.0
WheatHead 838.0 398.0 1022.0 482.0
WheatHead 437.0 885.0 604.0 975.0
WheatHead 921.0 869.0 1021.0 1022.0
WheatHead 291.0 714.0 414.0 796.0
WheatHead 633.0 727.0 715.0 819.0
WheatHead 378.0 901.0 457.0 1019.0
WheatHead 128.0 0.0 204.0 69.0
WheatHead 131.0 531.0 213.0 608.0
WheatHead 750.0 0.0 970.0 84.0
WheatHead 272.0 825.0 394.0 991.0
WheatHead 926.0 120.0 1024.0 212.0
WheatHead 744.0 38.0 847.0 166.0
WheatHead 957.0 293.0 1024.0 401.0
WheatHead 924.0 197.0 1024.0 281.0
WheatHead 944.0 355.0 1024.0 409.0
WheatHead 271.0 765.0 394.0 872.0
