WheatHead 273.0 506.0 386.0 599.0
WheatHead 801.0 588.0 990.0 665.0
WheatHead 186.0 381.0 304.0 476.0
WheatHead 168.0 517.0 268.0 604.0
WheatHead 802.0 320.0 930.0 401.0
WheatHead 765.0 678.0 888.0 755.0
WheatHead 885.0 819.0 983.0 921.0
WheatHead 145.0 2.0 281.0 99.0
WheatHead 30.0 721.0 125.0 819.0
WheatHead 647.0 81.0 729.0 151.0
WheatHead 279.0 734.0 389.0 808.0
WheatHead 711.0 0.0 793.0 35.0
WheatHead 273.0 960.0 407.0 1024.0
WheatHead 117.0 601.0 222.0 683.0
WheatHead 40.0 412.0 117.0 504.0
WheatHead 125.0 115.0 225.0 199.0
WheatHead 38.0 332.0 143.0 419.0
WheatHead 212.0 302.0 340.0 389.0
WheatHead 921.0 816.0 1024.0 911.0
WheatHead 306.0 3.0 411.0 24.0
