WheatHead 0.0 0.0 105.0 180.0
WheatHead 162.0 0.0 290.0 105.0
WheatHead 196.0 112.0 322.0 217.0
WheatHead 0.0 337.0 84.0 422.0
WheatHead 75.0 337.0 140.0 456.0
WheatHead 0.0 435.0 126.0 591.0
WheatHead 145.0 438.0 215.0 507.0
WheatHead 161.0 525.0 233.0 688.0
WheatHead 245.0 524.0 367.0 638.0
WheatHead 40.0 630.0 110.0 747.0
WheatHead 0.0 691.0 34.0 777.0
WheatHead 108.0 784.0 249.0 873.0
WheatHead 0.0 909.0 28.0 1003.0
WheatHead 30.0 933.0 114.0 1017.0
WheatHead 145.0 926.0 240.0 1024.0
WheatHead 270.0 933.0 384.0 1024.0
WheatHead 442.0 971.0 562.0 1024.0
WheatHead 465.0 403.0 557.0 543.0
WheatHead 227.0 256.0 350.0 367.0
WheatHead 414.0 260.0 545.0 356.0
WheatHead 548.0 284.0 656.0 382.0
WheatHead 396.0 66.0 486.0 153.0
WheatHead 585.0 588.0 712.0 733.0
WheatHead 598.0 0.0 692.0 89.0
WheatHead 643.0 41.0 729.0 179.0
WheatHead 784.0 90.0 848.0 167.0
WheatHead 774.0 0.0 923.0 68.0
WheatHead 891.0 69.0 1024.0 165.0
WheatHead 733.0 182.0 848.0 253.0
WheatHead 636.0 236.0 740.0 319.0
WheatHead 734.0 302.0 829.0 390.0
WheatHead 710.0 382.0 864.0 548.0
WheatHead 754.0 650.0 885.0 816.0
WheatHead 956.0 486.0 1024.0 617.0
WheatHead 975.0 353.0 1024.0 466.0
WheatHead 790.0 957.0 883.0 1024.0
WheatHead 939.0 228.0 1024.0 325.0
WheatHead 663.0 617.0 767.0 816.0
