WheatHead 597.0 945.0 717.0 1019.0
WheatHead 587.0 854.0 663.0 928.0
WheatHead 256.0 915.0 326.0 1024.0
WheatHead 307.0 917.0 371.0 1024.0
WheatHead 202.0 815.0 257.0 872.0
WheatHead 102.0 837.0 164.0 893.0
WheatHead 374.0 745.0 450.0 822.0
WheatHead 892.0 848.0 958.0 951.0
WheatHead 929.0 770.0 995.0 854.0
WheatHead 863.0 740.0 936.0 832.0
WheatHead 976.0 835.0 1024.0 892.0
WheatHead 908.0 681.0 983.0 752.0
WheatHead 305.0 635.0 387.0 730.0
WheatHead 165.0 593.0 242.0 690.0
WheatHead 0.0 823.0 54.0 899.0
WheatHead 372.0 333.0 451.0 478.0
WheatHead 394.0 266.0 465.0 348.0
WheatHead 503.0 190.0 619.0 321.0
WheatHead 581.0 112.0 635.0 177.0
WheatHead 518.0 109.0 585.0 172.0
WheatHead 395.0 76.0 459.0 143.0
WheatHead 156.0 85.0 295.0 185.0
WheatHead 961.0 240.0 1024.0 310.0
WheatHead 789.0 166.0 1000.0 276.0
WheatHead 982.0 61.0 1024.0 184.0
WheatHead 0.0 74.0 18.0 192.0
WheatHead 450.0 249.0 493.0 303.0
WheatHead 295.0 194.0 339.0 239.0
WheatHead 576.0 775.0 628.0 824.0
