WheatHead 724.0 770.0 935.0 844.0
WheatHead 811.0 947.0 1002.0 1001.0
WheatHead 885.0 657.0 1024.0 778.0
WheatHead 70.0 707.0 392.0 856.0
WheatHead 853.0 500.0 953.0 552.0
WheatHead 936.0 744.0 1024.0 852.0
WheatHead 643.0 657.0 731.0 784.0
WheatHead 82.0 488.0 270.0 576.0
WheatHead 0.0 385.0 184.0 478.0
WheatHead 628.0 0.0 717.0 57.0
WheatHead 241.0 853.0 359.0 939.0
WheatHead 662.0 752.0 886.0 940.0
WheatHead 842.0 80.0 1024.0 242.0
WheatHead 386.0 826.0 487.0 921.0
WheatHead 0.0 303.0 183.0 411.0
WheatHead 212.0 320.0 400.0 437.0
WheatHead 323.0 255.0 409.0 412.0
WheatHead 77.0 176.0 311.0 329.0
WheatHead 355.0 210.0 467.0 341.0
WheatHead 567.0 346.0 627.0 403.0
WheatHead 759.0 35.0 830.0 87.0
WheatHead 831.0 974.0 997.0 1022.0
