WheatHead 0.0 0.0 118.0 71.0
WheatHead 0.0 739.0 96.0 848.0
WheatHead 0.0 305.0 34.0 365.0
WheatHead 41.0 285.0 102.0 345.0
WheatHead 0.0 379.0 136.0 466.0
WheatHead 153.0 307.0 227.0 382.0
WheatHead 160.0 166.0 246.0 247.0
WheatHead 0.0 923.0 67.0 1024.0
WheatHead 92.0 908.0 236.0 975.0
WheatHead 304.0 857.0 387.0 940.0
WheatHead 400.0 787.0 483.0 907.0
WheatHead 486.0 748.0 561.0 896.0
WheatHead 630.0 810.0 722.0 897.0
WheatHead 456.0 636.0 594.0 708.0
WheatHead 274.0 470.0 493.0 570.0
WheatHead 449.0 400.0 574.0 483.0
WheatHead 362.0 338.0 435.0 409.0
WheatHead 239.0 268.0 341.0 412.0
WheatHead 380.0 203.0 460.0 277.0
WheatHead 475.0 196.0 577.0 280.0
WheatHead 689.0 400.0 756.0 512.0
WheatHead 753.0 760.0 826.0 856.0
WheatHead 651.0 915.0 715.0 975.0
WheatHead 873.0 943.0 1007.0 1024.0
WheatHead 920.0 827.0 1024.0 928.0
WheatHead 914.0 726.0 992.0 812.0
WheatHead 780.0 473.0 932.0 709.0
WheatHead 967.0 479.0 1024.0 549.0
WheatHead 738.0 297.0 985.0 375.0
WheatHead 733.0 190.0 819.0 259.0
WheatHead 705.0 47.0 779.0 150.0
WheatHead 784.0 71.0 940.0 143.0
WheatHead 561.0 0.0 793.0 36.0
WheatHead 332.0 0.0 515.0 82.0
WheatHead 213.0 78.0 368.0 203.0
WheatHead 987.0 638.0 1024.0 794.0
WheatHead 977.0 96.0 1024.0 174.0
