WheatHead 440.0 401.0 591.0 478.0
WheatHead 7.0 883.0 171.0 954.0
WheatHead 0.0 501.0 94.0 581.0
WheatHead 217.0 727.0 294.0 847.0
WheatHead 468.0 665.0 645.0 727.0
WheatHead 310.0 41.0 456.0 159.0
WheatHead 706.0 796.0 826.0 896.0
WheatHead 168.0 606.0 263.0 680.0
WheatHead 793.0 1016.0 1000.0 1024.0
WheatHead 163.0 816.0 240.0 924.0
WheatHead 980.0 0.0 1024.0 103.0
WheatHead 220.0 371.0 499.0 448.0
WheatHead 145.0 668.0 215.0 732.0
WheatHead 0.0 547.0 104.0 701.0
WheatHead 762.0 614.0 949.0 791.0
WheatHead 58.0 750.0 158.0 906.0
WheatHead 711.0 56.0 952.0 174.0
WheatHead 535.0 578.0 849.0 670.0
WheatHead 683.0 691.0 768.0 770.0
WheatHead 798.0 816.0 875.0 919.0
WheatHead 798.0 901.0 916.0 1024.0
WheatHead 296.0 640.0 455.0 780.0
WheatHead 122.0 455.0 225.0 645.0
WheatHead 471.0 778.0 650.0 885.0
WheatHead 885.0 440.0 1024.0 586.0
WheatHead 514.0 481.0 783.0 591.0
WheatHead 360.0 494.0 522.0 647.0
WheatHead 151.0 238.0 340.0 332.0
WheatHead 581.0 924.0 785.0 1024.0
WheatHead 314.0 117.0 399.0 284.0
WheatHead 198.0 0.0 290.0 196.0
WheatHead 527.0 97.0 604.0 168.0
WheatHead 742.0 250.0 990.0 353.0
WheatHead 381.0 266.0 512.0 366.0
WheatHead 381.0 778.0 478.0 885.0
WheatHead 0.0 299.0 81.0 366.0
WheatHead 189.0 125.0 294.0 245.0
WheatHead 862.0 327.0 947.0 404.0
WheatHead 125.0 473.0 427.0 550.0
WheatHead 0.0 177.0 220.0 384.0
WheatHead 501.0 194.0 614.0 276.0
WheatHead 491.0 148.0 757.0 381.0
WheatHead 0.0 345.0 156.0 408.0
WheatHead 499.0 729.0 657.0 775.0
WheatHead 417.0 832.0 578.0 972.0
WheatHead 606.0 504.0 855.0 560.0
WheatHead 512.0 762.0 691.0 880.0
WheatHead 66.0 2.0 184.0 66.0
WheatHead 422.0 99.0 481.0 273.0
WheatHead 558.0 161.0 622.0 199.0
WheatHead 980.0 284.0 1024.0 337.0
WheatHead 565.0 947.0 640.0 1024.0
WheatHead 960.0 599.0 1024.0 634.0
WheatHead 949.0 632.0 1024.0 696.0
WheatHead 376.0 568.0 440.0 680.0
WheatHead 62.0 175.0 170.0 254.0
