WheatHead 0.0 51.0 76.0 143.0
WheatHead 69.0 702.0 155.0 783.0
WheatHead 224.0 620.0 303.0 702.0
WheatHead 334.0 399.0 411.0 482.0
WheatHead 419.0 590.0 480.0 649.0
WheatHead 541.0 527.0 624.0 608.0
WheatHead 521.0 90.0 594.0 167.0
WheatHead 348.0 74.0 417.0 151.0
WheatHead 391.0 67.0 470.0 145.0
WheatHead 248.0 43.0 334.0 130.0
WheatHead 434.0 0.0 545.0 60.0
WheatHead 612.0 25.0 716.0 88.0
WheatHead 740.0 145.0 844.0 242.0
WheatHead 825.0 60.0 919.0 155.0
WheatHead 0.0 805.0 80.0 893.0
WheatHead 200.0 819.0 281.0 925.0
WheatHead 29.0 949.0 102.0 1014.0
WheatHead 246.0 994.0 348.0 1024.0
WheatHead 362.0 1010.0 454.0 1024.0
WheatHead 516.0 909.0 653.0 998.0
WheatHead 872.0 748.0 925.0 828.0
WheatHead 919.0 868.0 1021.0 963.0
WheatHead 941.0 683.0 1024.0 761.0
WheatHead 921.0 541.0 1012.0 588.0
WheatHead 893.0 606.0 988.0 661.0
WheatHead 423.0 775.0 490.0 840.0
WheatHead 358.0 901.0 413.0 986.0
WheatHead 250.0 0.0 328.0 36.0
WheatHead 868.0 406.0 943.0 530.0
WheatHead 813.0 805.0 933.0 881.0
