WheatHead 129.0 930.0 198.0 1004.0
WheatHead 309.0 880.0 413.0 948.0
WheatHead 384.0 942.0 454.0 1003.0
WheatHead 316.0 997.0 405.0 1024.0
WheatHead 460.0 975.0 557.0 1024.0
WheatHead 966.0 882.0 1024.0 955.0
WheatHead 825.0 843.0 919.0 948.0
WheatHead 636.0 825.0 694.0 888.0
WheatHead 426.0 829.0 481.0 924.0
WheatHead 483.0 782.0 562.0 850.0
WheatHead 473.0 744.0 551.0 794.0
WheatHead 353.0 667.0 411.0 751.0
WheatHead 439.0 662.0 569.0 729.0
WheatHead 71.0 662.0 159.0 776.0
WheatHead 0.0 526.0 34.0 603.0
WheatHead 34.0 592.0 92.0 671.0
WheatHead 92.0 588.0 166.0 667.0
WheatHead 147.0 619.0 218.0 695.0
WheatHead 265.0 584.0 370.0 669.0
WheatHead 202.0 525.0 261.0 624.0
WheatHead 506.0 589.0 602.0 658.0
WheatHead 694.0 553.0 765.0 624.0
WheatHead 773.0 571.0 858.0 637.0
WheatHead 893.0 562.0 957.0 635.0
WheatHead 862.0 668.0 933.0 732.0
WheatHead 620.0 448.0 687.0 534.0
WheatHead 809.0 430.0 870.0 501.0
WheatHead 327.0 403.0 391.0 466.0
WheatHead 162.0 310.0 250.0 416.0
WheatHead 50.0 394.0 106.0 454.0
WheatHead 242.0 472.0 306.0 517.0
WheatHead 423.0 442.0 527.0 529.0
WheatHead 482.0 499.0 538.0 551.0
WheatHead 546.0 506.0 628.0 573.0
WheatHead 491.0 252.0 595.0 382.0
WheatHead 467.0 211.0 534.0 263.0
WheatHead 200.0 103.0 285.0 216.0
WheatHead 15.0 88.0 73.0 148.0
WheatHead 58.0 136.0 123.0 212.0
WheatHead 212.0 1.0 308.0 55.0
WheatHead 351.0 4.0 420.0 66.0
WheatHead 464.0 30.0 521.0 124.0
WheatHead 515.0 40.0 562.0 97.0
WheatHead 605.0 163.0 666.0 220.0
WheatHead 697.0 146.0 745.0 260.0
WheatHead 644.0 19.0 747.0 108.0
WheatHead 854.0 91.0 932.0 148.0
WheatHead 825.0 196.0 890.0 251.0
WheatHead 959.0 26.0 1023.0 140.0
WheatHead 880.0 499.0 974.0 579.0
WheatHead 919.0 12.0 1006.0 70.0
WheatHead 673.0 0.0 713.0 28.0
WheatHead 516.0 12.0 569.0 46.0
WheatHead 51.0 0.0 109.0 23.0
WheatHead 783.0 542.0 837.0 584.0
WheatHead 648.0 737.0 693.0 787.0
WheatHead 394.0 1004.0 490.0 1024.0
