WheatHead 922.0 11.0 1024.0 203.0
WheatHead 965.0 299.0 1024.0 431.0
WheatHead 983.0 699.0 1024.0 822.0
WheatHead 787.0 758.0 879.0 888.0
WheatHead 226.0 310.0 427.0 489.0
WheatHead 422.0 43.0 595.0 162.0
WheatHead 384.0 741.0 613.0 864.0
WheatHead 577.0 0.0 677.0 35.0
WheatHead 493.0 0.0 572.0 25.0
WheatHead 267.0 0.0 434.0 95.0
WheatHead 123.0 82.0 230.0 154.0
WheatHead 148.0 45.0 225.0 87.0
WheatHead 0.0 0.0 120.0 59.0
WheatHead 130.0 186.0 212.0 278.0
WheatHead 0.0 143.0 104.0 264.0
WheatHead 11.0 451.0 148.0 516.0
WheatHead 0.0 513.0 146.0 566.0
WheatHead 229.0 512.0 365.0 594.0
WheatHead 34.0 620.0 181.0 709.0
WheatHead 99.0 696.0 223.0 762.0
WheatHead 295.0 630.0 424.0 762.0
WheatHead 151.0 755.0 323.0 976.0
WheatHead 46.0 920.0 172.0 1024.0
WheatHead 556.0 839.0 671.0 930.0
WheatHead 439.0 930.0 534.0 1024.0
WheatHead 701.0 579.0 780.0 664.0
WheatHead 946.0 444.0 1024.0 540.0
WheatHead 783.0 652.0 903.0 746.0
WheatHead 120.0 802.0 188.0 884.0
WheatHead 880.0 735.0 963.0 806.0
WheatHead 869.0 887.0 994.0 968.0
WheatHead 816.0 973.0 929.0 1024.0
WheatHead 255.0 761.0 503.0 960.0
WheatHead 877.0 49.0 990.0 166.0
