WheatHead 517.0 371.0 619.0 448.0
WheatHead 736.0 0.0 860.0 70.0
WheatHead 642.0 130.0 752.0 230.0
WheatHead 550.0 494.0 714.0 581.0
WheatHead 800.0 516.0 902.0 646.0
WheatHead 835.0 80.0 991.0 167.0
WheatHead 602.0 629.0 726.0 723.0
WheatHead 811.0 655.0 909.0 834.0
WheatHead 723.0 711.0 775.0 766.0
WheatHead 519.0 688.0 593.0 798.0
WheatHead 789.0 260.0 903.0 371.0
WheatHead 705.0 593.0 774.0 711.0
WheatHead 546.0 799.0 665.0 878.0
WheatHead 911.0 776.0 1000.0 876.0
WheatHead 925.0 627.0 1024.0 755.0
WheatHead 404.0 119.0 478.0 206.0
WheatHead 956.0 281.0 1024.0 340.0
WheatHead 602.0 678.0 666.0 796.0
