WheatHead 248.0 258.0 391.0 350.0
WheatHead 158.0 102.0 279.0 176.0
WheatHead 143.0 483.0 355.0 560.0
WheatHead 607.0 936.0 702.0 1024.0
WheatHead 550.0 348.0 819.0 442.0
WheatHead 467.0 765.0 649.0 854.0
WheatHead 39.0 25.0 152.0 89.0
WheatHead 419.0 645.0 565.0 747.0
WheatHead 1.0 818.0 51.0 974.0
WheatHead 3.0 85.0 77.0 167.0
WheatHead 442.0 197.0 558.0 284.0
WheatHead 545.0 163.0 678.0 220.0
WheatHead 0.0 212.0 152.0 278.0
WheatHead 483.0 593.0 591.0 678.0
WheatHead 0.0 250.0 71.0 325.0
WheatHead 273.0 97.0 394.0 163.0
WheatHead 220.0 653.0 314.0 776.0
WheatHead 629.0 527.0 775.0 604.0
WheatHead 704.0 696.0 867.0 770.0
WheatHead 473.0 893.0 606.0 983.0
WheatHead 737.0 752.0 870.0 816.0
WheatHead 276.0 145.0 389.0 207.0
WheatHead 0.0 890.0 103.0 1023.0
WheatHead 135.0 860.0 238.0 1024.0
WheatHead 209.0 743.0 366.0 806.0
WheatHead 659.0 923.0 803.0 1023.0
WheatHead 842.0 944.0 983.0 1024.0
WheatHead 925.0 596.0 1024.0 684.0
WheatHead 486.0 238.0 588.0 320.0
