WheatHead 155.0 936.0 248.0 1024.0
WheatHead 0.0 676.0 38.0 791.0
WheatHead 25.0 799.0 120.0 886.0
WheatHead 149.0 756.0 240.0 838.0
WheatHead 70.0 508.0 164.0 591.0
WheatHead 204.0 409.0 302.0 504.0
WheatHead 238.0 241.0 366.0 370.0
WheatHead 464.0 300.0 505.0 414.0
WheatHead 573.0 367.0 660.0 463.0
WheatHead 407.0 486.0 498.0 598.0
WheatHead 314.0 566.0 427.0 667.0
WheatHead 253.0 575.0 348.0 651.0
WheatHead 273.0 643.0 355.0 711.0
WheatHead 379.0 681.0 441.0 749.0
WheatHead 428.0 642.0 530.0 714.0
WheatHead 607.0 638.0 678.0 724.0
WheatHead 242.0 727.0 307.0 802.0
WheatHead 299.0 769.0 365.0 833.0
WheatHead 275.0 816.0 426.0 881.0
WheatHead 611.0 856.0 715.0 977.0
WheatHead 980.0 763.0 1024.0 827.0
WheatHead 913.0 781.0 985.0 849.0
WheatHead 808.0 703.0 882.0 773.0
WheatHead 876.0 690.0 934.0 752.0
WheatHead 823.0 642.0 890.0 703.0
WheatHead 951.0 560.0 1024.0 679.0
WheatHead 673.0 453.0 739.0 529.0
WheatHead 737.0 431.0 848.0 546.0
WheatHead 925.0 404.0 1024.0 534.0
WheatHead 515.0 393.0 597.0 494.0
WheatHead 601.0 614.0 685.0 669.0
WheatHead 747.0 631.0 819.0 702.0
WheatHead 558.0 642.0 621.0 712.0
WheatHead 997.0 855.0 1024.0 911.0
WheatHead 0.0 959.0 29.0 1022.0
WheatHead 344.0 977.0 405.0 1024.0
WheatHead 378.0 1006.0 467.0 1024.0
WheatHead 672.0 1003.0 711.0 1024.0
