WheatHead 114.0 61.0 156.0 144.0
WheatHead 139.0 111.0 215.0 179.0
WheatHead 202.0 150.0 294.0 212.0
WheatHead 10.0 160.0 124.0 218.0
WheatHead 0.0 141.0 64.0 186.0
WheatHead 0.0 195.0 80.0 248.0
WheatHead 70.0 224.0 143.0 296.0
WheatHead 112.0 274.0 188.0 303.0
WheatHead 0.0 252.0 62.0 309.0
WheatHead 109.0 326.0 196.0 369.0
WheatHead 109.0 316.0 178.0 357.0
WheatHead 271.0 329.0 350.0 374.0
WheatHead 370.0 374.0 455.0 410.0
WheatHead 280.0 279.0 345.0 325.0
WheatHead 290.0 71.0 360.0 160.0
WheatHead 333.0 194.0 396.0 240.0
WheatHead 335.0 225.0 396.0 299.0
WheatHead 410.0 133.0 497.0 218.0
WheatHead 496.0 244.0 563.0 301.0
WheatHead 616.0 124.0 712.0 186.0
WheatHead 602.0 278.0 678.0 319.0
WheatHead 651.0 370.0 722.0 401.0
WheatHead 559.0 411.0 677.0 464.0
WheatHead 769.0 393.0 857.0 457.0
WheatHead 765.0 262.0 850.0 338.0
WheatHead 825.0 135.0 870.0 201.0
WheatHead 885.0 121.0 953.0 185.0
WheatHead 137.0 435.0 181.0 455.0
WheatHead 982.0 890.0 1024.0 923.0
WheatHead 829.0 937.0 866.0 977.0
WheatHead 845.0 860.0 950.0 911.0
WheatHead 892.0 812.0 958.0 847.0
WheatHead 882.0 610.0 930.0 648.0
WheatHead 829.0 733.0 898.0 778.0
WheatHead 764.0 777.0 858.0 810.0
WheatHead 775.0 806.0 847.0 838.0
WheatHead 592.0 679.0 646.0 727.0
WheatHead 355.0 855.0 459.0 898.0
WheatHead 354.0 706.0 437.0 785.0
WheatHead 275.0 736.0 330.0 780.0
WheatHead 253.0 918.0 373.0 975.0
WheatHead 102.0 896.0 218.0 963.0
WheatHead 13.0 676.0 73.0 733.0
WheatHead 0.0 889.0 67.0 928.0
