WheatHead 775.0 880.0 883.0 970.0
WheatHead 762.0 409.0 957.0 483.0
WheatHead 307.0 194.0 384.0 261.0
WheatHead 335.0 30.0 471.0 235.0
WheatHead 230.0 363.0 314.0 565.0
WheatHead 381.0 261.0 560.0 358.0
WheatHead 1.0 92.0 34.0 144.0
WheatHead 0.0 517.0 74.0 611.0
WheatHead 230.0 250.0 289.0 332.0
WheatHead 0.0 766.0 147.0 909.0
WheatHead 291.0 783.0 488.0 880.0
WheatHead 273.0 865.0 350.0 934.0
WheatHead 734.0 476.0 867.0 545.0
WheatHead 803.0 56.0 911.0 163.0
WheatHead 616.0 970.0 819.0 1024.0
WheatHead 53.0 99.0 189.0 161.0
WheatHead 880.0 40.0 998.0 110.0
WheatHead 343.0 448.0 476.0 816.0
WheatHead 432.0 647.0 732.0 826.0
WheatHead 839.0 308.0 1024.0 421.0
WheatHead 755.0 675.0 826.0 734.0
WheatHead 524.0 430.0 660.0 517.0
WheatHead 783.0 775.0 998.0 880.0
WheatHead 801.0 545.0 1008.0 691.0
WheatHead 148.0 819.0 230.0 975.0
WheatHead 138.0 942.0 317.0 1024.0
WheatHead 0.0 232.0 40.0 373.0
WheatHead 450.0 189.0 670.0 271.0
WheatHead 688.0 69.0 752.0 163.0
WheatHead 166.0 192.0 222.0 284.0
WheatHead 89.0 153.0 186.0 358.0
WheatHead 739.0 248.0 896.0 312.0
WheatHead 640.0 240.0 765.0 419.0
WheatHead 130.0 2.0 204.0 71.0
WheatHead 955.0 946.0 1024.0 999.0
WheatHead 788.0 2.0 919.0 61.0
WheatHead 432.0 309.0 660.0 517.0
WheatHead 734.0 189.0 913.0 396.0
WheatHead 829.0 821.0 1016.0 893.0
WheatHead 266.0 952.0 317.0 1016.0
WheatHead 826.0 240.0 977.0 309.0
WheatHead 56.0 145.0 115.0 238.0
WheatHead 114.0 805.0 155.0 897.0
WheatHead 583.0 148.0 762.0 355.0
WheatHead 23.0 5.0 135.0 135.0
WheatHead 48.0 268.0 156.0 358.0
WheatHead 483.0 939.0 791.0 1024.0
WheatHead 514.0 998.0 675.0 1024.0
WheatHead 949.0 609.0 1024.0 721.0
WheatHead 348.0 588.0 432.0 783.0
WheatHead 826.0 161.0 944.0 235.0
WheatHead 870.0 2.0 988.0 48.0
WheatHead 975.0 2.0 1024.0 51.0
