WheatHead 23.0 418.0 64.0 487.0
WheatHead 0.0 815.0 100.0 898.0
WheatHead 346.0 628.0 441.0 735.0
WheatHead 185.0 879.0 270.0 942.0
WheatHead 175.0 0.0 271.0 2.0
WheatHead 66.0 884.0 183.0 967.0
WheatHead 175.0 94.0 274.0 202.0
WheatHead 752.0 756.0 879.0 864.0
WheatHead 114.0 105.0 200.0 264.0
WheatHead 353.0 357.0 474.0 546.0
WheatHead 30.0 663.0 190.0 823.0
WheatHead 339.0 479.0 449.0 624.0
WheatHead 367.0 158.0 454.0 300.0
WheatHead 818.0 0.0 925.0 104.0
WheatHead 193.0 614.0 260.0 716.0
WheatHead 432.0 259.0 584.0 352.0
WheatHead 367.0 929.0 470.0 1024.0
WheatHead 0.0 164.0 93.0 370.0
WheatHead 504.0 41.0 667.0 256.0
WheatHead 553.0 171.0 729.0 271.0
WheatHead 62.0 842.0 136.0 917.0
WheatHead 289.0 830.0 373.0 1024.0
WheatHead 0.0 943.0 99.0 1022.0
WheatHead 630.0 0.0 734.0 115.0
WheatHead 939.0 325.0 1022.0 469.0
WheatHead 748.0 316.0 854.0 500.0
WheatHead 758.0 154.0 873.0 230.0
WheatHead 960.0 0.0 1024.0 2.0
WheatHead 861.0 826.0 912.0 910.0
WheatHead 870.0 893.0 931.0 946.0
WheatHead 820.0 925.0 892.0 972.0
WheatHead 253.0 621.0 314.0 700.0
WheatHead 22.0 519.0 104.0 577.0
WheatHead 293.0 502.0 377.0 558.0
WheatHead 376.0 482.0 453.0 551.0
WheatHead 0.0 422.0 29.0 489.0
WheatHead 940.0 281.0 1021.0 335.0
WheatHead 727.0 66.0 829.0 161.0
WheatHead 519.0 11.0 659.0 115.0
WheatHead 583.0 0.0 645.0 65.0
WheatHead 71.0 0.0 179.0 152.0
