WheatHead 143.0 675.0 250.0 757.0
WheatHead 624.0 952.0 757.0 1024.0
WheatHead 89.0 204.0 158.0 337.0
WheatHead 944.0 842.0 1024.0 911.0
WheatHead 279.0 657.0 378.0 732.0
WheatHead 670.0 637.0 780.0 709.0
WheatHead 547.0 419.0 629.0 609.0
WheatHead 519.0 691.0 591.0 811.0
WheatHead 468.0 811.0 555.0 911.0
WheatHead 611.0 174.0 701.0 273.0
WheatHead 189.0 599.0 261.0 675.0
WheatHead 486.0 148.0 599.0 258.0
WheatHead 197.0 796.0 276.0 883.0
WheatHead 780.0 327.0 870.0 396.0
WheatHead 693.0 2.0 796.0 232.0
WheatHead 248.0 314.0 320.0 376.0
WheatHead 158.0 944.0 220.0 995.0
WheatHead 128.0 360.0 227.0 481.0
WheatHead 258.0 225.0 327.0 312.0
WheatHead 847.0 2.0 962.0 148.0
WheatHead 314.0 391.0 391.0 460.0
WheatHead 698.0 844.0 832.0 926.0
WheatHead 757.0 220.0 824.0 309.0
WheatHead 883.0 596.0 967.0 668.0
WheatHead 5.0 716.0 133.0 926.0
WheatHead 727.0 424.0 878.0 537.0
WheatHead 629.0 33.0 691.0 102.0
WheatHead 898.0 898.0 954.0 952.0
WheatHead 48.0 458.0 168.0 522.0
WheatHead 381.0 491.0 473.0 586.0
WheatHead 358.0 2.0 463.0 117.0
WheatHead 852.0 312.0 942.0 432.0
WheatHead 25.0 289.0 84.0 353.0
WheatHead 826.0 445.0 960.0 552.0
WheatHead 811.0 202.0 921.0 337.0
WheatHead 2.0 2.0 99.0 140.0
WheatHead 181.0 2.0 271.0 61.0
WheatHead 734.0 916.0 855.0 965.0
WheatHead 668.0 890.0 796.0 965.0
WheatHead 343.0 632.0 404.0 678.0
WheatHead 650.0 2.0 721.0 48.0
WheatHead 442.0 161.0 517.0 245.0
WheatHead 174.0 396.0 248.0 517.0
WheatHead 404.0 535.0 570.0 609.0
WheatHead 494.0 455.0 581.0 619.0
WheatHead 469.0 958.0 558.0 1001.0
WheatHead 501.0 747.0 601.0 847.0
WheatHead 2.0 839.0 76.0 919.0
WheatHead 811.0 463.0 916.0 532.0
WheatHead 404.0 30.0 512.0 204.0
