WheatHead 888.0 0.0 966.0 116.0
WheatHead 636.0 25.0 872.0 196.0
WheatHead 495.0 0.0 657.0 111.0
WheatHead 990.0 0.0 1024.0 121.0
WheatHead 0.0 13.0 69.0 155.0
WheatHead 145.0 161.0 289.0 325.0
WheatHead 369.0 187.0 535.0 299.0
WheatHead 175.0 316.0 423.0 477.0
WheatHead 702.0 234.0 781.0 307.0
WheatHead 724.0 299.0 801.0 379.0
WheatHead 675.0 358.0 872.0 527.0
WheatHead 919.0 334.0 1014.0 441.0
WheatHead 893.0 563.0 970.0 646.0
WheatHead 791.0 647.0 886.0 744.0
WheatHead 758.0 740.0 868.0 825.0
WheatHead 750.0 813.0 911.0 903.0
WheatHead 444.0 545.0 610.0 867.0
WheatHead 260.0 626.0 352.0 709.0
WheatHead 100.0 856.0 206.0 923.0
WheatHead 74.0 746.0 269.0 860.0
WheatHead 0.0 448.0 82.0 539.0
WheatHead 659.0 891.0 736.0 954.0
WheatHead 180.0 96.0 353.0 195.0
WheatHead 308.0 966.0 430.0 1024.0
WheatHead 311.0 309.0 495.0 385.0
WheatHead 56.0 49.0 181.0 120.0
WheatHead 0.0 616.0 123.0 698.0
WheatHead 819.0 433.0 1003.0 567.0
