WheatHead 0.0 181.0 78.0 397.0
WheatHead 82.0 137.0 171.0 218.0
WheatHead 128.0 224.0 206.0 293.0
WheatHead 214.0 200.0 295.0 311.0
WheatHead 440.0 0.0 525.0 121.0
WheatHead 377.0 37.0 439.0 120.0
WheatHead 116.0 358.0 289.0 553.0
WheatHead 332.0 504.0 466.0 637.0
WheatHead 7.0 596.0 125.0 689.0
WheatHead 299.0 671.0 411.0 748.0
WheatHead 143.0 777.0 228.0 846.0
WheatHead 441.0 963.0 616.0 1024.0
WheatHead 244.0 902.0 332.0 978.0
WheatHead 468.0 837.0 610.0 937.0
WheatHead 505.0 551.0 620.0 732.0
WheatHead 640.0 496.0 740.0 667.0
WheatHead 817.0 458.0 937.0 574.0
WheatHead 828.0 334.0 939.0 453.0
WheatHead 592.0 206.0 695.0 393.0
WheatHead 525.0 301.0 602.0 454.0
WheatHead 797.0 80.0 903.0 186.0
WheatHead 970.0 39.0 1024.0 171.0
WheatHead 998.0 216.0 1024.0 307.0
WheatHead 974.0 702.0 1024.0 797.0
WheatHead 817.0 726.0 896.0 807.0
WheatHead 651.0 781.0 724.0 876.0
WheatHead 799.0 900.0 878.0 974.0
WheatHead 874.0 966.0 947.0 1024.0
WheatHead 683.0 0.0 793.0 58.0
WheatHead 403.0 210.0 508.0 358.0
