WheatHead 708.0 229.0 765.0 334.0
WheatHead 809.0 182.0 879.0 281.0
WheatHead 804.0 582.0 882.0 697.0
WheatHead 314.0 0.0 408.0 76.0
WheatHead 723.0 846.0 772.0 931.0
WheatHead 230.0 931.0 296.0 1024.0
WheatHead 5.0 31.0 118.0 94.0
WheatHead 875.0 724.0 920.0 826.0
WheatHead 819.0 15.0 892.0 116.0
WheatHead 327.0 626.0 394.0 709.0
WheatHead 577.0 544.0 647.0 629.0
WheatHead 9.0 451.0 103.0 531.0
WheatHead 458.0 375.0 529.0 443.0
WheatHead 514.0 181.0 573.0 308.0
WheatHead 326.0 274.0 413.0 367.0
WheatHead 980.0 940.0 1024.0 1021.0
WheatHead 649.0 506.0 692.0 602.0
WheatHead 522.0 610.0 613.0 722.0
WheatHead 809.0 933.0 886.0 1021.0
WheatHead 219.0 488.0 271.0 606.0
WheatHead 36.0 159.0 137.0 264.0
WheatHead 136.0 847.0 228.0 915.0
WheatHead 942.0 621.0 1013.0 715.0
WheatHead 981.0 252.0 1024.0 349.0
WheatHead 245.0 70.0 319.0 140.0
WheatHead 481.0 860.0 542.0 958.0
WheatHead 830.0 522.0 884.0 591.0
WheatHead 361.0 379.0 421.0 481.0
WheatHead 131.0 322.0 230.0 398.0
WheatHead 114.0 176.0 230.0 294.0
WheatHead 105.0 849.0 177.0 918.0
WheatHead 866.0 966.0 946.0 1018.0
WheatHead 546.0 475.0 602.0 570.0
WheatHead 950.0 325.0 1004.0 396.0
WheatHead 312.0 877.0 413.0 963.0
WheatHead 412.0 954.0 484.0 1011.0
WheatHead 947.0 589.0 1024.0 633.0
WheatHead 576.0 365.0 658.0 436.0
WheatHead 113.0 694.0 169.0 764.0
WheatHead 886.0 222.0 993.0 346.0
WheatHead 946.0 734.0 979.0 774.0
WheatHead 361.0 495.0 410.0 608.0
WheatHead 107.0 628.0 226.0 744.0
WheatHead 0.0 409.0 69.0 460.0
WheatHead 236.0 641.0 305.0 686.0
WheatHead 656.0 656.0 723.0 707.0
WheatHead 174.0 647.0 288.0 713.0
WheatHead 90.0 241.0 163.0 335.0
WheatHead 656.0 989.0 714.0 1024.0
WheatHead 319.0 838.0 410.0 874.0
WheatHead 626.0 32.0 674.0 103.0
WheatHead 569.0 0.0 608.0 36.0
WheatHead 834.0 711.0 887.0 779.0
WheatHead 420.0 391.0 492.0 439.0
WheatHead 148.0 361.0 233.0 438.0
WheatHead 694.0 643.0 738.0 705.0
WheatHead 438.0 715.0 505.0 752.0
WheatHead 57.0 1.0 197.0 90.0
WheatHead 219.0 729.0 272.0 787.0
WheatHead 929.0 0.0 974.0 57.0
WheatHead 469.0 700.0 540.0 734.0
WheatHead 430.0 0.0 486.0 35.0
WheatHead 319.0 963.0 407.0 1024.0
WheatHead 684.0 0.0 786.0 117.0
WheatHead 193.0 986.0 258.0 1024.0
WheatHead 253.0 290.0 330.0 392.0
WheatHead 794.0 0.0 839.0 73.0
WheatHead 718.0 38.0 795.0 109.0
WheatHead 186.0 926.0 241.0 981.0
WheatHead 958.0 703.0 1001.0 764.0
