WheatHead 384.0 15.0 478.0 87.0
WheatHead 64.0 645.0 189.0 775.0
WheatHead 622.0 632.0 714.0 744.0
WheatHead 458.0 778.0 552.0 875.0
WheatHead 826.0 317.0 901.0 373.0
WheatHead 99.0 281.0 215.0 376.0
WheatHead 540.0 496.0 650.0 578.0
WheatHead 780.0 657.0 883.0 734.0
WheatHead 258.0 869.0 345.0 961.0
WheatHead 399.0 929.0 488.0 1024.0
WheatHead 762.0 163.0 829.0 225.0
WheatHead 445.0 691.0 540.0 773.0
WheatHead 261.0 163.0 360.0 250.0
WheatHead 798.0 386.0 893.0 458.0
WheatHead 570.0 261.0 640.0 327.0
WheatHead 842.0 739.0 997.0 868.0
WheatHead 115.0 448.0 194.0 522.0
WheatHead 716.0 770.0 826.0 890.0
WheatHead 240.0 28.0 332.0 117.0
WheatHead 271.0 663.0 396.0 760.0
WheatHead 634.0 744.0 762.0 862.0
WheatHead 408.0 497.0 496.0 576.0
WheatHead 360.0 87.0 419.0 156.0
WheatHead 453.0 202.0 578.0 273.0
WheatHead 0.0 939.0 74.0 1024.0
WheatHead 757.0 66.0 860.0 135.0
WheatHead 0.0 798.0 46.0 890.0
WheatHead 673.0 978.0 861.0 1024.0
WheatHead 381.0 273.0 445.0 337.0
WheatHead 616.0 394.0 714.0 453.0
