WheatHead 811.0 107.0 879.0 171.0
WheatHead 772.0 165.0 885.0 295.0
WheatHead 761.0 253.0 823.0 326.0
WheatHead 709.0 458.0 766.0 537.0
WheatHead 664.0 567.0 727.0 624.0
WheatHead 768.0 575.0 864.0 627.0
WheatHead 833.0 630.0 914.0 737.0
WheatHead 900.0 594.0 964.0 650.0
WheatHead 893.0 523.0 944.0 571.0
WheatHead 881.0 769.0 1009.0 851.0
WheatHead 832.0 860.0 900.0 923.0
WheatHead 580.0 785.0 681.0 860.0
WheatHead 647.0 849.0 710.0 903.0
WheatHead 621.0 724.0 699.0 806.0
WheatHead 550.0 578.0 624.0 661.0
WheatHead 702.0 647.0 766.0 705.0
WheatHead 260.0 692.0 354.0 757.0
WheatHead 355.0 802.0 413.0 884.0
WheatHead 716.0 958.0 803.0 1024.0
WheatHead 154.0 919.0 206.0 975.0
WheatHead 0.0 867.0 52.0 972.0
WheatHead 60.0 646.0 142.0 701.0
WheatHead 0.0 614.0 53.0 676.0
WheatHead 14.0 489.0 129.0 553.0
WheatHead 156.0 533.0 271.0 586.0
WheatHead 256.0 552.0 343.0 601.0
WheatHead 189.0 313.0 287.0 370.0
WheatHead 348.0 339.0 449.0 399.0
WheatHead 448.0 273.0 505.0 348.0
WheatHead 393.0 317.0 515.0 369.0
WheatHead 601.0 200.0 666.0 311.0
WheatHead 613.0 191.0 698.0 324.0
WheatHead 403.0 178.0 526.0 253.0
WheatHead 453.0 126.0 571.0 209.0
WheatHead 485.0 0.0 560.0 97.0
WheatHead 533.0 0.0 612.0 63.0
WheatHead 626.0 0.0 698.0 63.0
WheatHead 343.0 19.0 449.0 82.0
WheatHead 310.0 96.0 418.0 153.0
WheatHead 238.0 48.0 311.0 101.0
WheatHead 220.0 0.0 365.0 70.0
WheatHead 119.0 88.0 179.0 144.0
WheatHead 0.0 186.0 85.0 249.0
WheatHead 238.0 220.0 336.0 269.0
WheatHead 21.0 281.0 104.0 329.0
WheatHead 533.0 733.0 594.0 783.0
WheatHead 623.0 614.0 700.0 680.0
WheatHead 647.0 145.0 713.0 232.0
WheatHead 601.0 549.0 672.0 606.0
WheatHead 497.0 327.0 565.0 362.0
