WheatHead 4.0 0.0 96.0 52.0
WheatHead 142.0 58.0 234.0 153.0
WheatHead 204.0 94.0 273.0 187.0
WheatHead 410.0 61.0 472.0 120.0
WheatHead 437.0 121.0 500.0 188.0
WheatHead 125.0 190.0 193.0 265.0
WheatHead 1.0 183.0 59.0 256.0
WheatHead 7.0 269.0 90.0 346.0
WheatHead 0.0 472.0 57.0 531.0
WheatHead 84.0 401.0 159.0 464.0
WheatHead 185.0 439.0 258.0 523.0
WheatHead 277.0 478.0 372.0 555.0
WheatHead 216.0 576.0 325.0 670.0
WheatHead 282.0 351.0 357.0 428.0
WheatHead 350.0 244.0 421.0 323.0
WheatHead 444.0 391.0 533.0 482.0
WheatHead 519.0 206.0 581.0 277.0
WheatHead 612.0 111.0 683.0 198.0
WheatHead 724.0 126.0 803.0 196.0
WheatHead 808.0 0.0 906.0 38.0
WheatHead 54.0 915.0 131.0 976.0
WheatHead 388.0 639.0 463.0 699.0
WheatHead 440.0 735.0 518.0 802.0
WheatHead 344.0 854.0 420.0 916.0
WheatHead 533.0 783.0 610.0 864.0
WheatHead 549.0 718.0 633.0 795.0
WheatHead 580.0 854.0 649.0 940.0
WheatHead 521.0 928.0 579.0 985.0
WheatHead 702.0 823.0 774.0 888.0
WheatHead 701.0 955.0 764.0 1024.0
WheatHead 824.0 883.0 924.0 950.0
WheatHead 791.0 725.0 925.0 822.0
WheatHead 565.0 518.0 668.0 593.0
WheatHead 606.0 413.0 691.0 507.0
WheatHead 669.0 326.0 738.0 397.0
WheatHead 744.0 364.0 828.0 442.0
WheatHead 728.0 427.0 815.0 509.0
WheatHead 800.0 183.0 879.0 251.0
WheatHead 984.0 413.0 1024.0 496.0
WheatHead 912.0 196.0 995.0 269.0
WheatHead 915.0 115.0 1024.0 192.0
WheatHead 992.0 675.0 1024.0 740.0
WheatHead 976.0 825.0 1024.0 902.0
WheatHead 61.0 339.0 116.0 398.0
WheatHead 148.0 268.0 249.0 368.0
WheatHead 885.0 261.0 924.0 310.0
WheatHead 210.0 185.0 281.0 245.0
WheatHead 966.0 309.0 1011.0 380.0
WheatHead 906.0 845.0 978.0 890.0
WheatHead 373.0 582.0 434.0 637.0
