WheatHead 9.0 224.0 132.0 348.0
WheatHead 0.0 270.0 55.0 372.0
WheatHead 190.0 37.0 323.0 110.0
WheatHead 0.0 4.0 159.0 62.0
WheatHead 549.0 11.0 700.0 70.0
WheatHead 518.0 84.0 614.0 147.0
WheatHead 671.0 125.0 783.0 208.0
WheatHead 425.0 188.0 496.0 265.0
WheatHead 555.0 291.0 707.0 362.0
WheatHead 628.0 368.0 714.0 449.0
WheatHead 297.0 391.0 417.0 535.0
WheatHead 116.0 303.0 234.0 425.0
WheatHead 173.0 327.0 405.0 478.0
WheatHead 2.0 466.0 86.0 624.0
WheatHead 484.0 454.0 608.0 519.0
WheatHead 490.0 496.0 661.0 572.0
WheatHead 374.0 572.0 446.0 653.0
WheatHead 195.0 579.0 275.0 702.0
WheatHead 468.0 637.0 618.0 702.0
WheatHead 565.0 693.0 697.0 770.0
WheatHead 505.0 775.0 586.0 838.0
WheatHead 620.0 830.0 811.0 893.0
WheatHead 653.0 596.0 819.0 669.0
WheatHead 840.0 480.0 903.0 567.0
WheatHead 866.0 263.0 968.0 427.0
WheatHead 929.0 695.0 1024.0 777.0
WheatHead 979.0 877.0 1024.0 992.0
WheatHead 888.0 958.0 966.0 1024.0
WheatHead 764.0 928.0 851.0 1024.0
WheatHead 990.0 1002.0 1024.0 1024.0
WheatHead 4.0 900.0 171.0 958.0
WheatHead 325.0 782.0 408.0 852.0
WheatHead 0.0 811.0 49.0 891.0
WheatHead 82.0 91.0 232.0 205.0
WheatHead 674.0 31.0 779.0 123.0
WheatHead 470.0 69.0 624.0 136.0
WheatHead 915.0 90.0 998.0 156.0
WheatHead 350.0 695.0 474.0 752.0
WheatHead 102.0 481.0 342.0 603.0
WheatHead 562.0 718.0 712.0 822.0
WheatHead 504.0 816.0 612.0 885.0
WheatHead 378.0 773.0 446.0 827.0
WheatHead 47.0 15.0 174.0 148.0
