WheatHead 307.0 412.0 365.0 507.0
WheatHead 592.0 390.0 673.0 456.0
WheatHead 543.0 174.0 643.0 228.0
WheatHead 741.0 324.0 808.0 408.0
WheatHead 159.0 24.0 248.0 79.0
WheatHead 54.0 379.0 141.0 424.0
WheatHead 513.0 65.0 589.0 111.0
WheatHead 300.0 330.0 419.0 408.0
WheatHead 671.0 397.0 741.0 446.0
WheatHead 81.0 203.0 172.0 248.0
WheatHead 537.0 627.0 649.0 684.0
WheatHead 968.0 462.0 1022.0 521.0
WheatHead 924.0 161.0 1000.0 222.0
WheatHead 443.0 386.0 506.0 453.0
WheatHead 907.0 613.0 968.0 669.0
WheatHead 962.0 539.0 1022.0 591.0
WheatHead 849.0 740.0 929.0 787.0
WheatHead 711.0 521.0 797.0 567.0
WheatHead 32.0 111.0 128.0 163.0
WheatHead 131.0 532.0 222.0 584.0
WheatHead 608.0 989.0 685.0 1022.0
WheatHead 656.0 871.0 756.0 913.0
WheatHead 159.0 868.0 267.0 907.0
WheatHead 0.0 729.0 35.0 765.0
WheatHead 0.0 566.0 45.0 591.0
WheatHead 14.0 746.0 114.0 830.0
WheatHead 559.0 805.0 655.0 845.0
WheatHead 450.0 266.0 536.0 307.0
WheatHead 0.0 914.0 20.0 954.0
WheatHead 1.0 473.0 57.0 514.0
WheatHead 301.0 961.0 401.0 1019.0
WheatHead 935.0 674.0 998.0 724.0
WheatHead 208.0 525.0 312.0 550.0
WheatHead 540.0 845.0 607.0 883.0
WheatHead 516.0 410.0 584.0 484.0
WheatHead 249.0 572.0 333.0 610.0
WheatHead 329.0 876.0 443.0 905.0
WheatHead 316.0 715.0 402.0 746.0
WheatHead 150.0 475.0 225.0 520.0
WheatHead 619.0 517.0 718.0 555.0
WheatHead 59.0 532.0 172.0 593.0
WheatHead 0.0 492.0 20.0 514.0
WheatHead 674.0 121.0 752.0 148.0
WheatHead 28.0 432.0 106.0 462.0
WheatHead 390.0 469.0 443.0 503.0
WheatHead 514.0 738.0 629.0 785.0
WheatHead 379.0 966.0 461.0 996.0
WheatHead 309.0 913.0 390.0 935.0
WheatHead 622.0 1.0 714.0 24.0
WheatHead 679.0 550.0 707.0 632.0
WheatHead 540.0 894.0 623.0 929.0
WheatHead 229.0 801.0 300.0 839.0
WheatHead 819.5999755859375 442.5 914.9000244140625 490.5
WheatHead 434.0 537.0 496.0 573.0
WheatHead 897.0 834.0 939.0 887.0
WheatHead 909.0 948.0 993.0 974.0
WheatHead 663.0 957.0 723.0 977.0
WheatHead 825.0 859.0 916.0 899.0
WheatHead 761.0 805.0 830.0 844.0
WheatHead 681.0 309.0 738.0 353.0
WheatHead 598.0 476.0 689.0 505.0
WheatHead 287.0 140.0 385.0 241.0
