WheatHead 57.0 317.0 160.0 384.0
WheatHead 16.0 12.0 99.0 97.0
WheatHead 177.0 0.0 254.0 14.0
WheatHead 242.0 0.0 304.0 48.0
WheatHead 311.0 19.0 379.0 128.0
WheatHead 352.0 88.0 449.0 179.0
WheatHead 437.0 91.0 525.0 176.0
WheatHead 623.0 191.0 703.0 273.0
WheatHead 641.0 273.0 729.0 373.0
WheatHead 906.0 283.0 1024.0 364.0
WheatHead 748.0 4.0 828.0 94.0
WheatHead 825.0 55.0 899.0 120.0
WheatHead 237.0 531.0 319.0 613.0
WheatHead 354.0 487.0 445.0 599.0
WheatHead 573.0 540.0 632.0 633.0
WheatHead 623.0 534.0 677.0 605.0
WheatHead 748.0 444.0 865.0 510.0
WheatHead 683.0 501.0 764.0 563.0
WheatHead 677.0 543.0 740.0 632.0
WheatHead 755.0 596.0 834.0 668.0
WheatHead 769.0 659.0 844.0 730.0
WheatHead 695.0 761.0 758.0 834.0
WheatHead 873.0 850.0 944.0 939.0
WheatHead 429.0 565.0 559.0 646.0
WheatHead 581.0 636.0 664.0 710.0
WheatHead 413.0 628.0 494.0 720.0
WheatHead 956.0 390.0 1024.0 480.0
WheatHead 578.0 854.0 657.0 947.0
WheatHead 632.0 920.0 701.0 980.0
WheatHead 782.0 906.0 840.0 989.0
WheatHead 272.0 941.0 341.0 1024.0
WheatHead 795.0 987.0 850.0 1024.0
WheatHead 0.0 605.0 43.0 673.0
WheatHead 0.0 670.0 164.0 747.0
WheatHead 985.0 255.0 1024.0 299.0
WheatHead 829.0 951.0 950.0 1014.0
