WheatHead 959.0 443.0 1018.0 539.0
WheatHead 24.0 352.0 122.0 406.0
WheatHead 150.0 1.0 238.0 66.0
WheatHead 6.0 176.0 103.0 252.0
WheatHead 21.0 461.0 132.0 524.0
WheatHead 720.0 236.0 836.0 292.0
WheatHead 1.0 514.0 110.0 565.0
WheatHead 88.0 812.0 182.0 858.0
WheatHead 1.0 774.0 103.0 817.0
WheatHead 128.0 24.0 220.0 91.0
WheatHead 528.0 649.0 619.0 722.0
WheatHead 942.0 228.0 1022.0 294.0
WheatHead 4.0 92.0 83.0 137.0
WheatHead 544.0 520.0 632.0 588.0
WheatHead 167.0 668.0 259.0 727.0
WheatHead 494.0 260.0 632.0 304.0
WheatHead 1.0 278.0 69.0 324.0
WheatHead 447.0 443.0 558.0 518.0
WheatHead 832.0 49.0 907.0 84.0
WheatHead 438.0 212.0 516.0 256.0
WheatHead 267.0 933.0 346.0 987.0
WheatHead 939.0 292.0 1024.0 334.0
WheatHead 658.0 542.0 750.0 589.0
WheatHead 94.0 260.0 244.0 304.0
WheatHead 75.0 68.0 166.0 111.0
WheatHead 233.0 529.0 338.0 605.0
WheatHead 805.0 353.0 847.0 413.0
WheatHead 977.0 350.0 1024.0 374.0
WheatHead 499.0 49.0 565.0 83.0
WheatHead 378.0 824.0 451.0 869.0
WheatHead 4.0 918.0 109.0 959.0
WheatHead 55.0 842.0 129.0 909.0
WheatHead 438.0 237.0 496.0 339.0
WheatHead 368.0 237.0 431.0 297.0
WheatHead 719.0 911.0 796.0 954.0
WheatHead 434.0 664.0 515.0 696.0
WheatHead 790.0 898.0 873.0 937.0
WheatHead 591.0 671.0 644.0 708.0
WheatHead 1.0 869.0 111.0 909.0
WheatHead 441.0 606.0 487.0 647.0
WheatHead 520.0 703.0 573.0 752.0
WheatHead 0.0 599.0 92.0 633.0
WheatHead 763.0 562.0 835.0 596.0
WheatHead 273.0 737.0 364.0 765.0
WheatHead 417.0 707.0 481.0 727.0
WheatHead 263.0 337.0 349.0 376.0
WheatHead 80.0 983.0 201.0 1016.0
WheatHead 165.0 289.0 275.0 347.0
WheatHead 0.0 1000.0 36.0 1024.0
WheatHead 275.0 371.0 386.0 410.0
WheatHead 821.0 689.0 872.0 733.0
WheatHead 1.0 9.0 75.0 43.0
WheatHead 691.0 0.0 775.0 32.0
WheatHead 443.0 81.0 524.0 137.0
WheatHead 410.0 1006.0 509.0 1022.0
WheatHead 861.0 6.0 932.0 57.0
WheatHead 785.0 0.0 821.0 34.0
WheatHead 873.0 1.0 949.0 50.0
WheatHead 646.0 989.0 784.0 1023.0
WheatHead 477.0 731.0 565.0 764.0
WheatHead 24.0 152.0 128.0 190.0
WheatHead 921.0 742.0 999.0 783.0
WheatHead 0.0 410.0 35.0 449.0
WheatHead 809.0 490.0 866.0 516.0
WheatHead 155.0 135.0 253.0 162.0
WheatHead 719.0 353.0 817.0 400.0
WheatHead 372.0 935.0 473.0 976.0
WheatHead 178.0 755.0 258.0 787.0
WheatHead 484.0 11.0 607.0 52.0
WheatHead 335.0 34.0 401.0 76.0
WheatHead 207.0 730.0 341.0 758.0
WheatHead 662.0 332.0 803.0 377.0
WheatHead 681.0 288.0 739.0 321.0
WheatHead 365.0 65.0 440.0 101.0
WheatHead 891.0 548.0 962.0 593.0
WheatHead 872.0 725.0 959.0 772.0
WheatHead 328.0 591.0 376.0 628.0
