WheatHead 968.0 496.0 1024.0 595.0
WheatHead 377.0 547.0 478.0 679.0
WheatHead 808.0 701.0 968.0 829.0
WheatHead 799.0 888.0 922.0 990.0
WheatHead 688.0 227.0 808.0 362.0
WheatHead 74.0 509.0 171.0 645.0
WheatHead 359.0 116.0 434.0 249.0
WheatHead 292.0 837.0 396.0 940.0
WheatHead 257.0 537.0 351.0 621.0
WheatHead 765.0 26.0 939.0 220.0
WheatHead 926.0 30.0 1013.0 156.0
WheatHead 219.0 686.0 317.0 771.0
WheatHead 668.0 353.0 760.0 490.0
WheatHead 283.0 629.0 361.0 739.0
WheatHead 757.0 962.0 819.0 1024.0
WheatHead 284.0 773.0 376.0 844.0
WheatHead 162.0 847.0 259.0 936.0
WheatHead 28.0 190.0 125.0 267.0
WheatHead 11.0 262.0 129.0 377.0
WheatHead 798.0 294.0 875.0 389.0
WheatHead 701.0 2.0 793.0 71.0
WheatHead 1.0 650.0 99.0 772.0
WheatHead 1.0 804.0 72.0 949.0
WheatHead 829.0 2.0 936.0 46.0
WheatHead 0.0 1.0 75.0 96.0
WheatHead 720.0 564.0 793.0 645.0
