WheatHead 121.0 233.0 187.0 323.0
WheatHead 0.0 390.0 45.0 506.0
WheatHead 976.0 656.0 1024.0 748.0
WheatHead 420.0 262.0 469.0 353.0
WheatHead 927.0 271.0 1011.0 338.0
WheatHead 361.0 36.0 398.0 124.0
WheatHead 169.0 2.0 203.0 94.0
WheatHead 498.0 81.0 532.0 189.0
WheatHead 342.0 491.0 367.0 558.0
WheatHead 432.0 148.0 462.0 215.0
WheatHead 393.0 200.0 456.0 251.0
WheatHead 391.0 389.0 431.0 471.0
WheatHead 502.0 349.0 539.0 426.0
WheatHead 249.0 70.0 297.0 154.0
WheatHead 15.0 72.0 43.0 146.0
WheatHead 700.0 653.0 745.0 746.0
WheatHead 172.0 353.0 204.0 419.0
WheatHead 613.0 150.0 664.0 232.0
WheatHead 453.0 23.0 480.0 124.0
WheatHead 128.0 581.0 176.0 660.0
WheatHead 125.0 376.0 176.0 446.0
WheatHead 823.0 417.0 856.0 502.0
WheatHead 943.0 731.0 973.0 809.0
WheatHead 649.0 980.0 681.0 1024.0
WheatHead 338.0 10.0 364.0 106.0
WheatHead 890.0 148.0 940.0 232.0
WheatHead 824.0 344.0 871.0 419.0
WheatHead 653.0 103.0 679.0 191.0
WheatHead 65.0 0.0 106.0 42.0
WheatHead 266.0 431.0 301.0 484.0
WheatHead 0.0 502.0 16.0 543.0
WheatHead 993.0 21.0 1024.0 84.0
WheatHead 133.0 607.0 163.0 703.0
WheatHead 0.0 185.0 31.0 214.0
WheatHead 903.0 122.0 1008.0 180.0
WheatHead 363.0 663.0 398.0 733.0
WheatHead 871.0 578.0 901.0 638.0
WheatHead 182.0 607.0 234.0 655.0
WheatHead 484.0 740.0 513.0 798.0
WheatHead 562.0 988.0 606.0 1024.0
WheatHead 211.0 765.0 279.0 826.0
WheatHead 143.0 139.0 173.0 196.0
WheatHead 17.0 734.0 61.0 798.0
WheatHead 190.0 705.0 257.0 759.0
WheatHead 954.0 303.0 996.0 402.0
WheatHead 285.0 764.0 341.0 816.0
WheatHead 430.0 786.0 484.0 812.0
WheatHead 109.0 454.0 172.0 488.0
WheatHead 987.0 520.0 1021.0 570.0
WheatHead 521.0 438.0 573.0 484.0
WheatHead 570.0 849.0 602.0 903.0
WheatHead 420.0 737.0 469.0 793.0
WheatHead 972.0 481.0 999.0 536.0
WheatHead 0.0 804.0 36.0 851.0
WheatHead 374.0 846.0 420.0 894.0
WheatHead 16.0 886.0 62.0 927.0
WheatHead 674.0 16.0 709.0 61.0
WheatHead 473.0 58.0 509.0 128.0
WheatHead 196.0 584.0 249.0 628.0
WheatHead 758.0 785.0 809.0 841.0
WheatHead 793.0 829.0 835.0 891.0
WheatHead 675.0 821.0 733.0 857.0
WheatHead 384.0 157.0 430.0 201.0
