WheatHead 269.0 43.0 342.0 146.0
WheatHead 208.0 152.0 272.0 208.0
WheatHead 144.0 174.0 210.0 247.0
WheatHead 152.0 235.0 217.0 290.0
WheatHead 295.0 183.0 359.0 239.0
WheatHead 291.0 221.0 378.0 278.0
WheatHead 249.0 236.0 311.0 294.0
WheatHead 246.0 195.0 310.0 245.0
WheatHead 169.0 396.0 250.0 453.0
WheatHead 681.0 389.0 755.0 484.0
WheatHead 768.0 320.0 817.0 378.0
WheatHead 765.0 167.0 823.0 239.0
WheatHead 728.0 164.0 815.0 246.0
WheatHead 822.0 193.0 892.0 249.0
WheatHead 849.0 139.0 931.0 208.0
WheatHead 975.0 119.0 1024.0 186.0
WheatHead 881.0 232.0 948.0 295.0
WheatHead 858.0 260.0 920.0 324.0
WheatHead 938.0 372.0 1019.0 422.0
WheatHead 901.0 391.0 965.0 448.0
WheatHead 212.0 659.0 361.0 733.0
WheatHead 373.0 657.0 437.0 716.0
WheatHead 176.0 746.0 256.0 806.0
WheatHead 114.0 709.0 171.0 793.0
WheatHead 3.0 766.0 216.0 818.0
WheatHead 0.0 714.0 89.0 769.0
WheatHead 0.0 619.0 56.0 717.0
WheatHead 290.0 808.0 367.0 871.0
WheatHead 260.0 870.0 367.0 920.0
WheatHead 194.0 869.0 250.0 912.0
WheatHead 250.0 828.0 305.0 878.0
WheatHead 152.0 806.0 227.0 856.0
WheatHead 101.0 876.0 183.0 960.0
WheatHead 414.0 799.0 466.0 878.0
WheatHead 474.0 818.0 516.0 884.0
WheatHead 556.0 762.0 613.0 808.0
WheatHead 602.0 784.0 660.0 849.0
WheatHead 661.0 567.0 754.0 657.0
WheatHead 709.0 463.0 787.0 524.0
WheatHead 837.0 598.0 906.0 663.0
WheatHead 803.0 680.0 871.0 742.0
WheatHead 724.0 616.0 830.0 725.0
WheatHead 963.0 582.0 1024.0 668.0
WheatHead 843.0 877.0 929.0 967.0
WheatHead 732.0 806.0 817.0 874.0
WheatHead 447.0 737.0 516.0 787.0
WheatHead 410.0 864.0 478.0 914.0
WheatHead 326.0 733.0 384.0 795.0
WheatHead 153.0 293.0 218.0 350.0
WheatHead 293.0 679.0 376.0 717.0
