WheatHead 0.0 1009.0 38.0 1024.0
WheatHead 0.0 822.0 121.0 888.0
WheatHead 0.0 730.0 66.0 815.0
WheatHead 0.0 40.0 80.0 132.0
WheatHead 75.0 0.0 150.0 151.0
WheatHead 166.0 160.0 211.0 218.0
WheatHead 128.0 218.0 184.0 288.0
WheatHead 283.0 191.0 366.0 281.0
WheatHead 319.0 58.0 376.0 141.0
WheatHead 373.0 0.0 431.0 72.0
WheatHead 407.0 252.0 478.0 328.0
WheatHead 335.0 442.0 416.0 516.0
WheatHead 398.0 358.0 527.0 542.0
WheatHead 218.0 458.0 309.0 580.0
WheatHead 54.0 338.0 168.0 489.0
WheatHead 69.0 464.0 240.0 636.0
WheatHead 58.0 698.0 143.0 768.0
WheatHead 87.0 868.0 180.0 973.0
WheatHead 266.0 935.0 442.0 1024.0
WheatHead 475.0 881.0 565.0 1020.0
WheatHead 348.0 808.0 457.0 860.0
WheatHead 606.0 1000.0 687.0 1024.0
WheatHead 654.0 940.0 727.0 1015.0
WheatHead 557.0 791.0 645.0 910.0
WheatHead 656.0 783.0 744.0 848.0
WheatHead 932.0 906.0 990.0 998.0
WheatHead 950.0 819.0 1024.0 961.0
WheatHead 945.0 693.0 1022.0 769.0
WheatHead 495.0 418.0 558.0 556.0
WheatHead 769.0 499.0 820.0 691.0
WheatHead 780.0 696.0 839.0 860.0
WheatHead 797.0 326.0 948.0 466.0
WheatHead 477.0 223.0 584.0 314.0
WheatHead 537.0 346.0 612.0 419.0
WheatHead 407.0 49.0 563.0 124.0
WheatHead 674.0 73.0 783.0 201.0
WheatHead 809.0 49.0 890.0 218.0
WheatHead 909.0 41.0 979.0 154.0
WheatHead 769.0 0.0 894.0 31.0
WheatHead 975.0 163.0 1024.0 215.0
WheatHead 978.0 535.0 1024.0 581.0
WheatHead 292.0 0.0 354.0 48.0
