WheatHead 948.0 330.0 1007.0 432.0
WheatHead 286.0 849.0 345.0 942.0
WheatHead 727.0 266.0 788.0 357.0
WheatHead 402.0 760.0 469.0 839.0
WheatHead 387.0 913.0 461.0 1024.0
WheatHead 528.0 445.0 588.0 522.0
WheatHead 718.0 0.0 783.0 64.0
WheatHead 163.0 345.0 249.0 428.0
WheatHead 527.0 10.0 603.0 131.0
WheatHead 300.0 53.0 380.0 135.0
WheatHead 573.0 689.0 615.0 764.0
WheatHead 581.0 496.0 626.0 595.0
WheatHead 901.0 249.0 948.0 357.0
WheatHead 626.0 386.0 670.0 477.0
WheatHead 692.0 337.0 738.0 441.0
WheatHead 719.0 5.0 755.0 87.0
WheatHead 607.0 27.0 652.0 136.0
WheatHead 565.0 312.0 617.0 454.0
WheatHead 256.0 951.0 301.0 1024.0
WheatHead 428.0 50.0 460.0 141.0
WheatHead 791.0 767.0 828.0 841.0
WheatHead 546.0 673.0 578.0 759.0
WheatHead 69.0 615.0 117.0 715.0
WheatHead 299.0 647.0 336.0 769.0
WheatHead 861.0 199.0 899.0 326.0
WheatHead 932.0 453.0 989.0 517.0
WheatHead 950.0 951.0 1021.0 1018.0
WheatHead 916.0 550.0 972.0 666.0
WheatHead 297.0 334.0 338.0 449.0
WheatHead 223.0 38.0 259.0 140.0
WheatHead 637.0 421.0 707.0 543.0
WheatHead 662.0 495.0 697.0 581.0
WheatHead 406.0 92.0 438.0 166.0
WheatHead 613.0 774.0 647.0 865.0
WheatHead 255.0 146.0 312.0 208.0
WheatHead 443.0 165.0 472.0 255.0
WheatHead 545.0 933.0 587.0 1019.0
WheatHead 733.0 977.0 765.0 1024.0
WheatHead 232.0 476.0 297.0 539.0
WheatHead 15.0 223.0 122.0 269.0
WheatHead 924.0 906.0 955.0 1024.0
WheatHead 162.0 228.0 202.0 292.0
WheatHead 326.0 756.0 379.0 821.0
WheatHead 679.0 133.0 762.0 170.0
WheatHead 864.0 849.0 942.0 936.0
WheatHead 808.0 349.0 864.0 398.0
WheatHead 992.0 244.0 1024.0 305.0
WheatHead 503.0 864.0 557.0 910.0
WheatHead 4.0 480.0 46.0 543.0
WheatHead 255.0 659.0 320.0 775.0
WheatHead 283.0 251.0 350.0 386.0
WheatHead 661.0 127.0 716.0 195.0
WheatHead 907.0 486.0 959.0 579.0
WheatHead 737.0 441.0 775.0 488.0
WheatHead 141.0 610.0 195.0 772.0
WheatHead 816.0 826.0 864.0 854.0
WheatHead 693.0 722.0 744.0 791.0
WheatHead 793.0 422.0 836.0 552.0
WheatHead 158.0 839.0 218.0 875.0
WheatHead 441.0 512.0 469.0 561.0
WheatHead 214.0 0.0 247.0 30.0
WheatHead 101.0 606.0 158.0 709.0
WheatHead 532.0 809.0 581.0 862.0
WheatHead 47.0 849.0 105.0 873.0
WheatHead 187.0 49.0 229.0 117.0
WheatHead 230.0 525.0 274.0 591.0
WheatHead 47.0 1.0 84.0 28.0
WheatHead 322.0 263.0 383.0 322.0
WheatHead 334.0 380.0 453.0 462.0
WheatHead 45.0 457.0 126.0 495.0
WheatHead 199.0 1006.0 249.0 1024.0
WheatHead 745.0 846.0 795.0 890.0
WheatHead 988.0 507.0 1024.0 557.0
WheatHead 155.0 0.0 204.0 17.0
WheatHead 771.0 0.0 800.0 40.0
WheatHead 281.0 476.0 347.0 532.0
WheatHead 647.0 723.0 700.0 768.0
WheatHead 120.0 298.0 200.0 420.0
WheatHead 756.0 253.0 792.0 284.0
WheatHead 453.0 430.0 494.0 483.0
WheatHead 803.0 506.0 867.0 562.0
WheatHead 486.0 24.0 544.0 73.0
WheatHead 379.0 151.0 430.0 205.0
WheatHead 613.0 846.0 696.0 894.0
WheatHead 16.0 738.0 135.0 818.0
