WheatHead 522.0 0.0 572.0 50.0
WheatHead 733.0 2.0 811.0 51.0
WheatHead 317.0 0.0 399.0 44.0
WheatHead 875.0 10.0 955.0 75.0
WheatHead 806.0 45.0 938.0 148.0
WheatHead 75.0 351.0 137.0 411.0
WheatHead 0.0 399.0 38.0 443.0
WheatHead 86.0 406.0 155.0 465.0
WheatHead 367.0 346.0 429.0 444.0
WheatHead 419.0 321.0 488.0 402.0
WheatHead 572.0 201.0 684.0 331.0
WheatHead 541.0 346.0 616.0 414.0
WheatHead 516.0 415.0 583.0 477.0
WheatHead 418.0 447.0 503.0 497.0
WheatHead 320.0 444.0 399.0 515.0
WheatHead 223.0 497.0 310.0 576.0
WheatHead 430.0 504.0 534.0 583.0
WheatHead 716.0 326.0 836.0 384.0
WheatHead 662.0 357.0 736.0 429.0
WheatHead 606.0 392.0 683.0 449.0
WheatHead 683.0 489.0 804.0 572.0
WheatHead 808.0 535.0 919.0 615.0
WheatHead 900.0 466.0 970.0 534.0
WheatHead 953.0 436.0 994.0 499.0
WheatHead 859.0 250.0 931.0 352.0
WheatHead 877.0 322.0 959.0 432.0
WheatHead 946.0 367.0 1024.0 480.0
WheatHead 0.0 834.0 78.0 884.0
WheatHead 62.0 735.0 124.0 799.0
WheatHead 205.0 680.0 303.0 752.0
WheatHead 426.0 707.0 503.0 765.0
WheatHead 325.0 743.0 380.0 802.0
WheatHead 314.0 657.0 363.0 732.0
WheatHead 261.0 766.0 324.0 807.0
WheatHead 225.0 784.0 273.0 838.0
WheatHead 103.0 804.0 191.0 874.0
WheatHead 100.0 863.0 186.0 925.0
WheatHead 83.0 925.0 152.0 1015.0
WheatHead 167.0 884.0 230.0 956.0
WheatHead 381.0 886.0 449.0 956.0
WheatHead 332.0 826.0 441.0 889.0
WheatHead 526.0 834.0 613.0 899.0
WheatHead 519.0 950.0 604.0 1021.0
WheatHead 451.0 907.0 505.0 996.0
WheatHead 606.0 882.0 690.0 938.0
WheatHead 657.0 813.0 729.0 877.0
WheatHead 679.0 737.0 761.0 813.0
WheatHead 576.0 664.0 642.0 725.0
WheatHead 909.0 798.0 970.0 860.0
WheatHead 806.0 791.0 885.0 878.0
WheatHead 897.0 933.0 975.0 1002.0
WheatHead 807.0 889.0 869.0 949.0
WheatHead 744.0 873.0 807.0 945.0
WheatHead 965.0 856.0 1020.0 935.0
WheatHead 957.0 945.0 1024.0 1021.0
WheatHead 115.0 38.0 159.0 94.0
WheatHead 875.0 862.0 961.0 926.0
WheatHead 834.0 957.0 893.0 1019.0
WheatHead 352.0 956.0 407.0 1013.0
