WheatHead 0.0 738.0 31.0 821.0
WheatHead 0.0 535.0 69.0 695.0
WheatHead 74.0 486.0 190.0 665.0
WheatHead 206.0 683.0 283.0 756.0
WheatHead 230.0 846.0 289.0 933.0
WheatHead 92.0 927.0 161.0 1021.0
WheatHead 31.0 956.0 81.0 1024.0
WheatHead 419.0 803.0 539.0 905.0
WheatHead 509.0 736.0 598.0 815.0
WheatHead 547.0 618.0 622.0 687.0
WheatHead 675.0 681.0 765.0 756.0
WheatHead 679.0 896.0 809.0 980.0
WheatHead 659.0 838.0 734.0 902.0
WheatHead 805.0 842.0 900.0 919.0
WheatHead 793.0 681.0 884.0 750.0
WheatHead 799.0 738.0 862.0 809.0
WheatHead 697.0 492.0 774.0 565.0
WheatHead 761.0 384.0 844.0 478.0
WheatHead 876.0 425.0 992.0 516.0
WheatHead 500.0 303.0 669.0 409.0
WheatHead 966.0 779.0 1021.0 850.0
WheatHead 253.0 275.0 374.0 358.0
WheatHead 70.0 224.0 145.0 323.0
WheatHead 130.0 323.0 190.0 413.0
WheatHead 220.0 183.0 346.0 253.0
WheatHead 368.0 195.0 518.0 265.0
WheatHead 612.0 228.0 746.0 295.0
WheatHead 777.0 177.0 891.0 253.0
WheatHead 811.0 72.0 951.0 147.0
WheatHead 903.0 0.0 990.0 78.0
WheatHead 681.0 0.0 787.0 25.0
WheatHead 175.0 0.0 269.0 49.0
WheatHead 13.0 0.0 82.0 15.0
WheatHead 305.0 21.0 409.0 114.0
WheatHead 577.0 961.0 669.0 1024.0
WheatHead 742.0 939.0 816.0 1024.0
WheatHead 272.0 878.0 366.0 989.0
WheatHead 844.0 315.0 1007.0 381.0
