WheatHead 0.0 283.0 31.0 364.0
WheatHead 93.0 713.0 195.0 846.0
WheatHead 0.0 390.0 36.0 480.0
WheatHead 183.0 957.0 242.0 1017.0
WheatHead 249.0 908.0 317.0 1011.0
WheatHead 0.0 459.0 73.0 630.0
WheatHead 61.0 447.0 132.0 565.0
WheatHead 118.0 367.0 192.0 445.0
WheatHead 124.0 439.0 209.0 525.0
WheatHead 144.0 115.0 228.0 200.0
WheatHead 225.0 129.0 284.0 217.0
WheatHead 358.0 695.0 430.0 774.0
WheatHead 376.0 777.0 435.0 873.0
WheatHead 296.0 846.0 373.0 921.0
WheatHead 311.0 892.0 439.0 985.0
WheatHead 335.0 974.0 398.0 1024.0
WheatHead 280.0 422.0 428.0 499.0
WheatHead 246.0 338.0 332.0 427.0
WheatHead 304.0 505.0 364.0 569.0
WheatHead 433.0 421.0 578.0 495.0
WheatHead 432.0 473.0 518.0 522.0
WheatHead 545.0 484.0 638.0 578.0
WheatHead 676.0 489.0 785.0 567.0
WheatHead 871.0 726.0 945.0 826.0
WheatHead 873.0 855.0 1004.0 947.0
WheatHead 790.0 920.0 889.0 1024.0
WheatHead 920.0 466.0 1024.0 542.0
WheatHead 323.0 153.0 454.0 209.0
WheatHead 319.0 203.0 418.0 260.0
WheatHead 429.0 254.0 531.0 335.0
WheatHead 566.0 304.0 644.0 384.0
WheatHead 645.0 245.0 737.0 367.0
WheatHead 687.0 274.0 778.0 431.0
WheatHead 846.0 358.0 953.0 428.0
WheatHead 775.0 273.0 834.0 345.0
WheatHead 819.0 259.0 913.0 334.0
WheatHead 867.0 183.0 1024.0 287.0
WheatHead 960.0 317.0 1024.0 397.0
WheatHead 723.0 113.0 929.0 194.0
WheatHead 519.0 128.0 615.0 203.0
WheatHead 902.0 129.0 962.0 198.0
WheatHead 0.0 255.0 21.0 299.0
WheatHead 225.0 418.0 296.0 596.0
