WheatHead 755.0 670.0 843.0 751.0
WheatHead 536.0 977.0 649.0 1024.0
WheatHead 404.0 737.0 488.0 860.0
WheatHead 84.0 284.0 166.0 435.0
WheatHead 989.0 577.0 1024.0 682.0
WheatHead 10.0 601.0 156.0 673.0
WheatHead 315.0 893.0 453.0 961.0
WheatHead 724.0 541.0 837.0 650.0
WheatHead 267.0 396.0 330.0 549.0
WheatHead 248.0 716.0 353.0 852.0
WheatHead 815.0 310.0 929.0 401.0
WheatHead 692.0 173.0 769.0 336.0
WheatHead 890.0 687.0 956.0 776.0
WheatHead 957.0 513.0 1024.0 637.0
WheatHead 145.0 48.0 217.0 138.0
WheatHead 166.0 785.0 238.0 865.0
WheatHead 812.0 857.0 858.0 912.0
WheatHead 70.0 663.0 139.0 773.0
WheatHead 56.0 69.0 202.0 217.0
WheatHead 724.0 455.0 811.0 535.0
WheatHead 51.0 304.0 138.0 435.0
WheatHead 752.0 494.0 839.0 573.0
