WheatHead 811.0 834.0 890.0 914.0
WheatHead 575.0 888.0 636.0 953.0
WheatHead 695.0 782.0 763.0 852.0
WheatHead 678.0 560.0 756.0 649.0
WheatHead 978.0 73.0 1024.0 191.0
WheatHead 946.0 148.0 1002.0 212.0
WheatHead 677.0 319.0 788.0 386.0
WheatHead 654.0 269.0 739.0 329.0
WheatHead 741.0 30.0 809.0 115.0
WheatHead 747.0 112.0 859.0 192.0
WheatHead 721.0 172.0 804.0 240.0
WheatHead 647.0 174.0 730.0 256.0
WheatHead 513.0 114.0 572.0 183.0
WheatHead 404.0 131.0 462.0 217.0
WheatHead 356.0 187.0 462.0 269.0
WheatHead 239.0 153.0 343.0 240.0
WheatHead 89.0 167.0 197.0 301.0
WheatHead 218.0 440.0 270.0 501.0
WheatHead 44.0 273.0 108.0 352.0
WheatHead 0.0 239.0 50.0 375.0
WheatHead 43.0 73.0 128.0 161.0
WheatHead 43.0 12.0 128.0 83.0
WheatHead 135.0 1.0 195.0 74.0
WheatHead 0.0 677.0 47.0 735.0
WheatHead 0.0 712.0 169.0 794.0
WheatHead 17.0 807.0 127.0 884.0
WheatHead 128.0 804.0 201.0 921.0
WheatHead 306.0 845.0 406.0 917.0
WheatHead 379.0 796.0 475.0 878.0
WheatHead 229.0 0.0 295.0 28.0
WheatHead 965.0 1.0 1015.0 31.0
WheatHead 829.0 0.0 896.0 50.0
WheatHead 710.0 732.0 761.0 790.0
WheatHead 0.0 808.0 16.0 875.0
WheatHead 100.0 793.0 153.0 833.0
WheatHead 1001.0 837.0 1024.0 909.0
