WheatHead 0.0 1.0 69.0 42.0
WheatHead 71.0 44.0 155.0 95.0
WheatHead 102.0 14.0 181.0 65.0
WheatHead 239.0 19.0 311.0 66.0
WheatHead 187.0 0.0 242.0 22.0
WheatHead 301.0 125.0 357.0 168.0
WheatHead 174.0 115.0 279.0 187.0
WheatHead 417.0 115.0 527.0 206.0
WheatHead 338.0 0.0 402.0 65.0
WheatHead 498.0 42.0 599.0 130.0
WheatHead 497.0 26.0 678.0 121.0
WheatHead 589.0 114.0 664.0 171.0
WheatHead 565.0 167.0 693.0 237.0
WheatHead 516.0 270.0 581.0 320.0
WheatHead 420.0 220.0 477.0 268.0
WheatHead 159.0 188.0 232.0 246.0
WheatHead 44.0 105.0 117.0 247.0
WheatHead 122.0 267.0 171.0 322.0
WheatHead 0.0 276.0 46.0 328.0
WheatHead 288.0 283.0 346.0 346.0
WheatHead 203.0 321.0 265.0 381.0
WheatHead 76.0 351.0 153.0 401.0
WheatHead 330.0 339.0 401.0 391.0
WheatHead 404.0 418.0 493.0 524.0
WheatHead 317.0 424.0 384.0 536.0
WheatHead 163.0 655.0 248.0 701.0
WheatHead 0.0 637.0 87.0 708.0
WheatHead 0.0 599.0 39.0 628.0
WheatHead 230.0 722.0 296.0 794.0
WheatHead 419.0 696.0 497.0 750.0
WheatHead 550.0 673.0 650.0 755.0
WheatHead 545.0 606.0 653.0 660.0
WheatHead 522.0 778.0 578.0 848.0
WheatHead 374.0 813.0 448.0 891.0
WheatHead 185.0 812.0 274.0 867.0
WheatHead 8.0 748.0 83.0 811.0
WheatHead 45.0 872.0 107.0 940.0
WheatHead 317.0 890.0 375.0 971.0
WheatHead 320.0 989.0 381.0 1024.0
WheatHead 556.0 897.0 604.0 957.0
WheatHead 599.0 860.0 650.0 953.0
WheatHead 653.0 838.0 714.0 904.0
WheatHead 715.0 744.0 786.0 828.0
WheatHead 723.0 839.0 815.0 915.0
WheatHead 741.0 940.0 806.0 1010.0
WheatHead 970.0 1001.0 1024.0 1024.0
WheatHead 892.0 949.0 1010.0 1024.0
WheatHead 876.0 885.0 988.0 943.0
WheatHead 912.0 840.0 1010.0 891.0
WheatHead 846.0 736.0 901.0 790.0
WheatHead 931.0 758.0 1021.0 818.0
WheatHead 791.0 659.0 890.0 711.0
WheatHead 791.0 549.0 900.0 632.0
WheatHead 947.0 556.0 1024.0 609.0
WheatHead 649.0 419.0 727.0 503.0
WheatHead 753.0 428.0 837.0 489.0
WheatHead 699.0 312.0 758.0 381.0
WheatHead 644.0 288.0 705.0 347.0
WheatHead 770.0 266.0 834.0 324.0
WheatHead 937.0 322.0 1000.0 376.0
WheatHead 988.0 226.0 1024.0 288.0
WheatHead 868.0 179.0 934.0 240.0
WheatHead 786.0 167.0 871.0 241.0
WheatHead 962.0 134.0 1024.0 211.0
WheatHead 932.0 0.0 1003.0 40.0
WheatHead 740.0 54.0 821.0 108.0
