WheatHead 34.0 112.0 109.0 195.0
WheatHead 163.0 146.0 210.0 203.0
WheatHead 0.0 385.0 47.0 472.0
WheatHead 112.0 515.0 214.0 595.0
WheatHead 22.0 738.0 116.0 790.0
WheatHead 0.0 944.0 14.0 1001.0
WheatHead 153.0 911.0 244.0 1011.0
WheatHead 193.0 290.0 283.0 455.0
WheatHead 358.0 271.0 416.0 368.0
WheatHead 408.0 399.0 539.0 472.0
WheatHead 416.0 614.0 487.0 692.0
WheatHead 399.0 736.0 483.0 828.0
WheatHead 389.0 888.0 464.0 981.0
WheatHead 647.0 716.0 738.0 826.0
WheatHead 826.0 544.0 903.0 647.0
WheatHead 732.0 443.0 806.0 541.0
WheatHead 854.0 344.0 981.0 460.0
WheatHead 884.0 261.0 989.0 342.0
WheatHead 927.0 592.0 1001.0 678.0
WheatHead 839.0 685.0 943.0 753.0
WheatHead 772.0 892.0 850.0 1024.0
WheatHead 554.0 0.0 635.0 68.0
WheatHead 374.0 73.0 423.0 113.0
WheatHead 937.0 0.0 1018.0 79.0
WheatHead 477.0 931.0 537.0 996.0
