WheatHead 56.0 86.0 141.0 214.0
WheatHead 201.0 0.0 300.0 23.0
WheatHead 401.0 0.0 497.0 86.0
WheatHead 396.0 256.0 507.0 393.0
WheatHead 610.0 342.0 755.0 502.0
WheatHead 773.0 211.0 837.0 346.0
WheatHead 760.0 346.0 860.0 480.0
WheatHead 583.0 0.0 645.0 141.0
WheatHead 947.0 67.0 1024.0 160.0
WheatHead 970.0 130.0 1024.0 315.0
WheatHead 766.0 478.0 868.0 655.0
WheatHead 576.0 531.0 715.0 678.0
WheatHead 589.0 711.0 674.0 828.0
WheatHead 510.0 760.0 581.0 830.0
WheatHead 463.0 826.0 546.0 930.0
WheatHead 664.0 832.0 783.0 939.0
WheatHead 762.0 924.0 856.0 998.0
WheatHead 171.0 762.0 346.0 914.0
WheatHead 165.0 614.0 332.0 762.0
WheatHead 0.0 657.0 22.0 766.0
WheatHead 98.0 967.0 227.0 1024.0
WheatHead 308.0 635.0 419.0 750.0
WheatHead 887.0 180.0 977.0 249.0
