WheatHead 118.0 80.0 196.0 160.0
WheatHead 263.0 102.0 359.0 172.0
WheatHead 378.0 88.0 443.0 149.0
WheatHead 415.0 21.0 513.0 89.0
WheatHead 533.0 78.0 624.0 155.0
WheatHead 497.0 137.0 547.0 188.0
WheatHead 280.0 188.0 367.0 284.0
WheatHead 206.0 221.0 307.0 320.0
WheatHead 7.0 379.0 96.0 466.0
WheatHead 0.0 255.0 68.0 304.0
WheatHead 440.0 280.0 524.0 457.0
WheatHead 531.0 348.0 625.0 476.0
WheatHead 591.0 211.0 760.0 280.0
WheatHead 759.0 301.0 830.0 451.0
WheatHead 833.0 347.0 887.0 460.0
WheatHead 819.0 231.0 876.0 311.0
WheatHead 911.0 211.0 1024.0 387.0
WheatHead 905.0 106.0 972.0 166.0
WheatHead 968.0 103.0 1024.0 175.0
WheatHead 886.0 54.0 944.0 109.0
WheatHead 641.0 34.0 771.0 175.0
WheatHead 775.0 0.0 864.0 41.0
WheatHead 1009.0 8.0 1024.0 98.0
WheatHead 958.0 411.0 1024.0 480.0
WheatHead 736.0 492.0 792.0 601.0
WheatHead 748.0 563.0 832.0 656.0
WheatHead 443.0 577.0 504.0 661.0
WheatHead 163.0 548.0 275.0 669.0
WheatHead 0.0 468.0 56.0 517.0
WheatHead 65.0 708.0 143.0 830.0
WheatHead 207.0 745.0 288.0 837.0
WheatHead 277.0 856.0 356.0 930.0
WheatHead 113.0 930.0 201.0 1024.0
WheatHead 1.0 887.0 108.0 971.0
WheatHead 422.0 802.0 492.0 871.0
WheatHead 455.0 836.0 534.0 960.0
WheatHead 516.0 722.0 574.0 783.0
WheatHead 604.0 689.0 689.0 756.0
WheatHead 684.0 769.0 753.0 930.0
WheatHead 866.0 718.0 945.0 832.0
WheatHead 907.0 877.0 976.0 943.0
WheatHead 880.0 996.0 988.0 1024.0
WheatHead 691.0 954.0 777.0 1018.0
WheatHead 387.0 409.0 420.0 455.0
