WheatHead 404.0 266.0 486.0 382.0
WheatHead 812.0 202.0 897.0 286.0
WheatHead 600.0 125.0 718.0 229.0
WheatHead 50.0 6.0 143.0 87.0
WheatHead 496.0 371.0 567.0 453.0
WheatHead 506.3999938964844 450.5 635.5999755859375 552.7999877929688
WheatHead 610.0 611.0 715.0 688.0
WheatHead 866.0 811.0 961.0 868.0
WheatHead 166.0 312.0 315.0 394.0
WheatHead 309.0 367.0 431.0 419.0
WheatHead 379.0 173.0 446.0 238.0
WheatHead 348.0 409.0 439.0 461.0
WheatHead 125.0 901.0 222.0 946.0
WheatHead 873.0 898.0 965.0 933.0
WheatHead 2.0 228.0 86.0 293.0
WheatHead 262.0 711.0 450.0 809.0
WheatHead 330.0 943.0 432.0 1004.0
WheatHead 737.0 486.0 849.0 666.0
WheatHead 800.0 456.0 887.0 502.0
WheatHead 576.0 2.0 632.0 57.0
WheatHead 1.0 180.0 206.0 250.0
WheatHead 173.0 1.0 253.0 60.0
WheatHead 820.0 23.0 868.0 90.0
WheatHead 341.0 999.0 436.0 1022.0
WheatHead 441.0 2.0 539.0 45.0
WheatHead 711.0 749.0 779.0 798.0
WheatHead 596.0 1.0 645.0 55.0
WheatHead 0.0 524.0 46.0 606.0
WheatHead 832.0 309.0 936.0 402.0
WheatHead 854.0 728.0 937.0 776.0
WheatHead 832.0 333.0 897.0 408.0
WheatHead 768.0 382.0 828.0 481.0
WheatHead 62.0 895.0 137.0 944.0
WheatHead 935.0 193.0 988.0 270.0
WheatHead 521.0 850.0 559.0 950.0
WheatHead 757.0 1004.0 820.0 1024.0
WheatHead 953.0 185.0 1024.0 242.0
WheatHead 804.0 476.0 890.0 516.0
WheatHead 627.0 251.0 685.0 421.0
WheatHead 155.0 681.0 265.0 776.0
WheatHead 698.0 285.0 825.0 323.0
WheatHead 278.0 445.0 466.0 595.0
WheatHead 595.0 88.0 652.0 133.0
WheatHead 5.0 861.0 81.0 894.0
WheatHead 126.0 954.0 191.0 1017.0
WheatHead 558.0 984.0 705.0 1022.0
WheatHead 544.0 857.0 574.0 948.0
WheatHead 591.0 846.0 644.0 891.0
WheatHead 666.0 301.0 800.0 354.0
WheatHead 470.0 748.0 619.0 887.0
WheatHead 772.0 946.0 846.0 984.0
WheatHead 169.0 520.0 228.0 582.0
WheatHead 240.0 1.0 275.0 32.0
WheatHead 104.0 699.0 275.0 759.0
WheatHead 356.0 1.0 412.0 79.0
WheatHead 95.0 394.0 129.0 446.0
WheatHead 5.0 107.0 185.0 187.0
WheatHead 196.0 802.0 245.0 849.0
WheatHead 447.0 814.0 575.0 857.0
WheatHead 290.0 847.0 406.0 892.0
WheatHead 341.0 694.0 481.0 761.0
WheatHead 308.0 683.0 406.0 726.0
WheatHead 248.0 488.0 323.0 531.0
WheatHead 969.0 605.0 1024.0 651.0
WheatHead 803.0 773.0 881.0 834.0
WheatHead 401.0 926.0 545.0 1024.0
