WheatHead 409.0 855.0 545.0 924.0
WheatHead 199.0 893.0 312.0 972.0
WheatHead 570.0 545.0 775.0 688.0
WheatHead 814.0 849.0 954.0 919.0
WheatHead 601.0 837.0 668.0 936.0
WheatHead 128.0 0.0 322.0 56.0
WheatHead 0.0 675.0 99.0 774.0
WheatHead 417.0 491.0 586.0 568.0
WheatHead 834.0 296.0 913.0 404.0
WheatHead 419.0 691.0 570.0 816.0
WheatHead 793.0 0.0 1000.0 92.0
WheatHead 320.0 706.0 409.0 944.0
WheatHead 0.0 3.0 75.0 50.0
WheatHead 243.0 655.0 363.0 734.0
WheatHead 771.0 941.0 868.0 1024.0
WheatHead 250.0 593.0 355.0 673.0
WheatHead 558.0 427.0 634.0 529.0
WheatHead 491.0 565.0 573.0 632.0
WheatHead 352.0 30.0 516.0 117.0
WheatHead 650.0 15.0 760.0 140.0
WheatHead 583.0 174.0 660.0 256.0
WheatHead 624.0 135.0 683.0 215.0
WheatHead 686.0 391.0 834.0 576.0
WheatHead 744.0 102.0 865.0 202.0
WheatHead 291.0 227.0 422.0 335.0
WheatHead 581.0 0.0 785.0 89.0
WheatHead 1.0 0.0 95.0 287.0
WheatHead 0.0 204.0 87.0 394.0
WheatHead 860.0 926.0 972.0 988.0
WheatHead 312.0 299.0 471.0 401.0
WheatHead 58.0 360.0 194.0 465.0
WheatHead 0.0 289.0 174.0 412.0
WheatHead 186.0 719.0 294.0 814.0
WheatHead 908.0 72.0 1024.0 174.0
WheatHead 583.0 225.0 862.0 420.0
WheatHead 135.0 412.0 199.0 465.0
WheatHead 0.0 874.0 91.0 1022.0
WheatHead 333.0 148.0 641.0 416.0
WheatHead 811.0 665.0 878.0 847.0
WheatHead 0.0 865.0 137.0 952.0
WheatHead 765.0 332.0 931.0 555.0
WheatHead 901.0 221.0 1024.0 385.0
WheatHead 903.0 742.0 1024.0 816.0
WheatHead 0.0 834.0 149.0 1024.0
WheatHead 872.0 683.0 934.0 847.0
WheatHead 958.0 412.0 1024.0 622.0
WheatHead 302.0 204.0 437.0 325.0
WheatHead 31.0 759.0 180.0 1024.0
WheatHead 91.0 286.0 145.0 348.0
WheatHead 266.0 0.0 337.0 131.0
WheatHead 317.0 637.0 373.0 706.0
WheatHead 248.0 890.0 307.0 926.0
WheatHead 960.0 906.0 1024.0 962.0
WheatHead 798.0 616.0 883.0 663.0
WheatHead 560.0 468.0 821.0 517.0
WheatHead 665.0 401.0 860.0 537.0
WheatHead 683.0 606.0 757.0 734.0
WheatHead 476.0 445.0 675.0 491.0
WheatHead 604.0 404.0 673.0 453.0
WheatHead 442.0 0.0 688.0 115.0
WheatHead 711.0 58.0 775.0 101.0
WheatHead 808.0 144.0 927.0 216.0
WheatHead 287.0 99.0 399.0 198.0
