WheatHead 194.0 343.0 302.0 455.0
WheatHead 673.0 540.0 768.0 634.0
WheatHead 194.0 437.0 353.0 545.0
WheatHead 69.0 355.0 151.0 504.0
WheatHead 281.0 599.0 501.0 765.0
WheatHead 317.0 0.0 494.0 69.0
WheatHead 455.0 407.0 527.0 514.0
WheatHead 416.0 81.0 475.0 163.0
WheatHead 43.0 64.0 130.0 172.0
WheatHead 742.0 0.0 816.0 143.0
WheatHead 148.0 606.0 312.0 775.0
WheatHead 0.0 557.0 91.0 649.0
WheatHead 670.0 739.0 793.0 880.0
WheatHead 780.0 867.0 965.0 949.0
WheatHead 468.0 747.0 542.0 842.0
WheatHead 499.0 71.0 567.0 154.0
WheatHead 680.0 0.0 778.0 15.0
WheatHead 553.0 4.0 750.0 75.0
WheatHead 279.0 327.0 435.0 424.0
WheatHead 581.0 885.0 680.0 954.0
WheatHead 291.0 512.0 473.0 581.0
WheatHead 828.0 573.0 1024.0 658.0
WheatHead 496.0 291.0 583.0 391.0
WheatHead 367.0 927.0 584.0 1024.0
WheatHead 829.0 709.0 898.0 919.0
WheatHead 7.0 691.0 135.0 808.0
WheatHead 711.0 115.0 883.0 273.0
WheatHead 120.0 832.0 233.0 998.0
WheatHead 855.0 133.0 967.0 263.0
WheatHead 724.0 291.0 896.0 431.0
WheatHead 875.0 655.0 1021.0 737.0
WheatHead 596.0 655.0 691.0 855.0
WheatHead 860.0 317.0 1000.0 381.0
WheatHead 839.0 23.0 901.0 94.0
WheatHead 394.0 368.0 468.0 442.0
WheatHead 678.0 125.0 867.0 197.0
WheatHead 660.0 414.0 760.0 488.0
WheatHead 916.0 273.0 1024.0 368.0
WheatHead 0.0 0.0 102.0 43.0
WheatHead 581.0 719.0 678.0 860.0
WheatHead 793.0 970.0 872.0 1024.0
WheatHead 957.0 43.0 1024.0 99.0
WheatHead 970.0 71.0 1013.0 189.0
WheatHead 573.0 330.0 663.0 384.0
WheatHead 89.0 678.0 140.0 729.0
WheatHead 317.0 706.0 432.0 765.0
WheatHead 266.0 622.0 322.0 811.0
WheatHead 875.0 719.0 942.0 870.0
WheatHead 739.0 977.0 791.0 1024.0
WheatHead 184.0 611.0 248.0 747.0
WheatHead 505.0 0.0 575.0 49.0
WheatHead 718.0 366.0 896.0 449.0
