WheatHead 773.0 366.0 896.0 465.0
WheatHead 642.0 744.0 791.0 829.0
WheatHead 870.0 168.0 988.0 284.0
WheatHead 834.0 775.0 954.0 913.0
WheatHead 89.0 286.0 234.0 366.0
WheatHead 890.0 435.0 965.0 517.0
WheatHead 775.0 468.0 867.0 542.0
WheatHead 196.0 356.0 357.0 441.0
WheatHead 624.0 828.0 737.0 946.0
WheatHead 99.0 107.0 181.0 225.0
WheatHead 957.0 724.0 1024.0 814.0
WheatHead 206.0 462.0 288.0 539.0
WheatHead 448.0 35.0 542.0 117.0
WheatHead 499.0 120.0 611.0 199.0
WheatHead 960.0 76.0 1024.0 163.0
WheatHead 261.0 0.0 355.0 28.0
WheatHead 819.0 591.0 906.0 688.0
WheatHead 893.0 586.0 970.0 665.0
WheatHead 806.0 23.0 880.0 81.0
WheatHead 143.0 15.0 212.0 89.0
WheatHead 683.0 384.0 747.0 463.0
WheatHead 465.0 606.0 531.0 702.0
WheatHead 407.0 0.0 483.0 35.0
WheatHead 970.0 834.0 1024.0 903.0
WheatHead 491.0 266.0 565.0 355.0
WheatHead 294.0 46.0 384.0 120.0
WheatHead 578.0 558.0 673.0 634.0
WheatHead 43.0 568.0 112.0 627.0
WheatHead 375.0 587.0 455.0 648.0
WheatHead 35.0 0.0 107.0 79.0
WheatHead 627.0 471.0 752.0 624.0
WheatHead 322.0 253.0 435.0 335.0
WheatHead 599.0 924.0 706.0 988.0
WheatHead 1021.0 409.0 1024.0 473.0
WheatHead 665.0 634.0 739.0 704.0
WheatHead 2.0 693.0 110.0 778.0
WheatHead 279.0 207.0 345.0 263.0
WheatHead 870.0 709.0 936.0 768.0
WheatHead 576.0 422.0 645.0 560.0
WheatHead 97.0 675.0 166.0 742.0
WheatHead 35.0 0.0 115.0 2.0
WheatHead 83.0 927.0 214.0 1001.0
WheatHead 87.0 381.0 158.0 430.0
WheatHead 972.0 276.0 1024.0 337.0
WheatHead 2.0 373.0 84.0 468.0
WheatHead 48.0 865.0 135.0 960.0
WheatHead 340.0 934.0 501.0 998.0
WheatHead 2.0 74.0 48.0 135.0
WheatHead 84.0 842.0 181.0 911.0
WheatHead 463.0 220.0 606.0 284.0
WheatHead 48.0 99.0 99.0 148.0
WheatHead 309.0 990.0 444.0 1024.0
WheatHead 360.0 849.0 465.0 990.0
WheatHead 814.0 645.0 872.0 698.0
WheatHead 99.0 998.0 181.0 1024.0
WheatHead 128.0 568.0 184.0 634.0
WheatHead 256.0 286.0 343.0 363.0
WheatHead 967.0 340.0 1024.0 450.0
WheatHead 437.0 977.0 506.0 1024.0
WheatHead 737.0 901.0 801.0 985.0
