WheatHead 235.0 0.0 304.0 63.0
WheatHead 65.0 46.0 136.0 107.0
WheatHead 100.0 96.0 165.0 167.0
WheatHead 290.0 75.0 378.0 181.0
WheatHead 299.0 0.0 357.0 78.0
WheatHead 425.0 155.0 505.0 249.0
WheatHead 521.0 57.0 607.0 151.0
WheatHead 525.0 144.0 593.0 206.0
WheatHead 13.0 345.0 93.0 427.0
WheatHead 185.0 278.0 298.0 357.0
WheatHead 401.0 284.0 484.0 399.0
WheatHead 305.0 266.0 409.0 379.0
WheatHead 301.0 328.0 349.0 417.0
WheatHead 437.0 423.0 513.0 538.0
WheatHead 521.0 396.0 596.0 483.0
WheatHead 523.0 311.0 570.0 400.0
WheatHead 184.0 589.0 266.0 669.0
WheatHead 26.0 637.0 104.0 719.0
WheatHead 181.0 658.0 278.0 789.0
WheatHead 11.0 849.0 81.0 943.0
WheatHead 197.0 879.0 290.0 964.0
WheatHead 676.0 872.0 788.0 978.0
WheatHead 461.0 915.0 561.0 1010.0
WheatHead 357.0 957.0 453.0 1024.0
WheatHead 359.0 854.0 454.0 956.0
WheatHead 613.0 791.0 720.0 862.0
WheatHead 682.0 711.0 753.0 785.0
WheatHead 908.0 708.0 981.0 786.0
WheatHead 842.0 844.0 917.0 915.0
WheatHead 885.0 809.0 984.0 864.0
WheatHead 900.0 909.0 966.0 982.0
WheatHead 917.0 865.0 993.0 915.0
WheatHead 696.0 545.0 745.0 618.0
WheatHead 813.0 456.0 940.0 509.0
WheatHead 694.0 440.0 792.0 504.0
WheatHead 658.0 368.0 808.0 453.0
WheatHead 811.0 341.0 892.0 447.0
WheatHead 642.0 0.0 722.0 134.0
WheatHead 828.0 0.0 891.0 37.0
WheatHead 944.0 220.0 1024.0 325.0
WheatHead 361.0 684.0 437.0 757.0
WheatHead 10.0 682.0 89.0 771.0
WheatHead 755.0 556.0 811.0 613.0
WheatHead 625.0 751.0 691.0 837.0
WheatHead 79.0 842.0 145.0 906.0
WheatHead 0.0 970.0 59.0 1024.0
WheatHead 740.0 340.0 808.0 394.0
WheatHead 482.0 0.0 538.0 49.0
