WheatHead 494.0 852.0 752.0 968.0
WheatHead 67.0 720.0 232.0 815.0
WheatHead 0.0 772.0 60.0 838.0
WheatHead 0.0 637.0 39.0 754.0
WheatHead 149.0 531.0 283.0 726.0
WheatHead 262.0 1001.0 375.0 1024.0
WheatHead 226.0 927.0 285.0 1024.0
WheatHead 314.0 939.0 411.0 1021.0
WheatHead 342.0 823.0 416.0 947.0
WheatHead 684.0 966.0 988.0 1024.0
WheatHead 903.0 886.0 1024.0 962.0
WheatHead 701.0 651.0 824.0 738.0
WheatHead 828.0 630.0 1024.0 726.0
WheatHead 484.0 549.0 783.0 612.0
WheatHead 446.0 702.0 653.0 791.0
WheatHead 579.0 479.0 796.0 567.0
WheatHead 65.0 525.0 188.0 624.0
WheatHead 0.0 246.0 51.0 395.0
WheatHead 0.0 86.0 21.0 174.0
WheatHead 92.0 188.0 223.0 440.0
WheatHead 123.0 49.0 222.0 220.0
WheatHead 195.0 206.0 269.0 307.0
WheatHead 281.0 145.0 381.0 344.0
WheatHead 551.0 180.0 776.0 313.0
WheatHead 896.0 201.0 1024.0 339.0
WheatHead 518.0 0.0 642.0 139.0
WheatHead 247.0 0.0 362.0 98.0
WheatHead 537.0 825.0 638.0 985.0
WheatHead 692.0 761.0 784.0 835.0
