WheatHead 273.0 696.0 331.0 798.0
WheatHead 928.0 196.0 985.0 292.0
WheatHead 200.0 591.0 278.0 653.0
WheatHead 552.0 443.0 615.0 520.0
WheatHead 454.0 292.0 539.0 370.0
WheatHead 572.0 368.0 644.0 466.0
WheatHead 393.0 690.0 475.0 834.0
WheatHead 658.0 786.0 707.0 899.0
WheatHead 251.0 408.0 346.0 533.0
WheatHead 731.0 391.0 790.0 462.0
WheatHead 128.0 380.0 199.0 447.0
WheatHead 529.0 529.0 632.0 617.0
WheatHead 708.0 214.0 770.0 279.0
WheatHead 673.0 558.0 744.0 623.0
WheatHead 379.0 124.0 461.0 193.0
WheatHead 658.0 447.0 742.0 562.0
WheatHead 450.0 441.0 533.0 521.0
WheatHead 666.0 753.0 720.0 838.0
WheatHead 856.0 133.0 980.0 187.0
WheatHead 350.0 128.0 428.0 211.0
WheatHead 0.0 740.0 25.0 809.0
WheatHead 857.0 320.0 917.0 378.0
WheatHead 677.0 99.0 765.0 141.0
WheatHead 802.0 84.0 872.0 187.0
WheatHead 573.0 0.0 629.0 61.0
WheatHead 146.0 449.0 243.0 552.0
WheatHead 798.0 16.0 862.0 60.0
WheatHead 0.0 674.0 19.0 729.0
WheatHead 629.0 901.0 779.0 963.0
WheatHead 535.0 793.0 584.0 917.0
WheatHead 502.0 951.0 665.0 1020.0
WheatHead 0.0 477.0 52.0 528.0
WheatHead 255.0 532.0 333.0 567.0
WheatHead 178.0 320.0 267.0 423.0
WheatHead 221.0 166.0 260.0 204.0
WheatHead 895.0 285.0 937.0 337.0
WheatHead 233.0 563.0 274.0 619.0
WheatHead 442.0 873.0 524.0 931.0
WheatHead 656.0 0.0 697.0 38.0
WheatHead 367.0 943.0 404.0 978.0
WheatHead 531.0 501.0 582.0 535.0
WheatHead 666.0 378.0 703.0 471.0
WheatHead 890.0 836.0 958.0 911.0
WheatHead 30.0 715.0 69.0 748.0
WheatHead 510.0 983.0 589.0 1022.0
WheatHead 517.0 249.0 587.0 288.0
WheatHead 0.0 188.0 36.0 324.0
WheatHead 0.0 147.0 129.0 208.0
WheatHead 0.0 240.0 51.0 342.0
WheatHead 963.0 498.0 989.0 594.0
WheatHead 7.0 1008.0 110.0 1024.0
WheatHead 960.0 690.0 1018.0 760.0
WheatHead 981.0 617.0 1024.0 663.0
WheatHead 927.0 483.0 970.0 585.0
WheatHead 822.0 791.0 906.0 872.0
