WheatHead 994.0 0.0 1024.0 99.0
WheatHead 542.0 0.0 658.0 133.0
WheatHead 724.0 798.0 858.0 918.0
WheatHead 494.0 577.0 580.0 740.0
WheatHead 680.0 0.0 820.0 135.0
WheatHead 354.0 723.0 494.0 857.0
WheatHead 833.0 0.0 998.0 219.0
WheatHead 226.0 667.0 348.0 876.0
WheatHead 352.0 114.0 451.0 311.0
WheatHead 467.0 797.0 562.0 868.0
WheatHead 497.0 299.0 594.0 537.0
WheatHead 172.0 875.0 301.0 925.0
WheatHead 569.0 564.0 809.0 675.0
WheatHead 431.0 766.0 517.0 909.0
WheatHead 410.0 550.0 507.0 787.0
