WheatHead 516.0 96.0 623.0 162.0
WheatHead 346.0 101.0 403.0 171.0
WheatHead 228.0 262.0 322.0 339.0
WheatHead 223.0 388.0 316.0 486.0
WheatHead 467.0 397.0 550.0 484.0
WheatHead 617.0 307.0 703.0 381.0
WheatHead 443.0 243.0 575.0 313.0
WheatHead 574.0 221.0 631.0 273.0
WheatHead 743.0 225.0 813.0 271.0
WheatHead 672.0 210.0 736.0 271.0
WheatHead 837.0 68.0 896.0 127.0
WheatHead 73.0 0.0 164.0 78.0
WheatHead 0.0 128.0 93.0 195.0
WheatHead 0.0 240.0 71.0 284.0
WheatHead 49.0 572.0 127.0 668.0
WheatHead 126.0 535.0 239.0 600.0
WheatHead 296.0 570.0 433.0 643.0
WheatHead 437.0 549.0 509.0 610.0
WheatHead 529.0 537.0 612.0 646.0
WheatHead 692.0 541.0 768.0 623.0
WheatHead 697.0 426.0 785.0 489.0
WheatHead 851.0 342.0 970.0 421.0
WheatHead 834.0 485.0 903.0 576.0
WheatHead 950.0 423.0 1021.0 473.0
WheatHead 163.0 759.0 273.0 829.0
WheatHead 372.0 729.0 459.0 793.0
WheatHead 721.0 758.0 823.0 840.0
WheatHead 869.0 720.0 948.0 804.0
WheatHead 748.0 653.0 832.0 739.0
WheatHead 841.0 886.0 923.0 985.0
WheatHead 41.0 848.0 169.0 927.0
WheatHead 276.0 834.0 362.0 886.0
WheatHead 467.0 897.0 553.0 991.0
WheatHead 139.0 946.0 242.0 1024.0
WheatHead 743.0 863.0 821.0 952.0
