WheatHead 186.0 86.0 262.0 172.0
WheatHead 816.0 673.0 931.0 772.0
WheatHead 92.0 143.0 163.0 238.0
WheatHead 220.0 686.0 368.0 793.0
WheatHead 49.0 460.0 158.0 535.0
WheatHead 686.0 199.0 757.0 273.0
WheatHead 229.0 443.0 351.0 526.0
WheatHead 79.0 555.0 171.0 642.0
WheatHead 25.0 696.0 92.0 770.0
WheatHead 231.0 834.0 367.0 924.0
WheatHead 845.0 964.0 958.0 1024.0
WheatHead 15.0 880.0 115.0 967.0
WheatHead 192.0 627.0 276.0 714.0
WheatHead 711.0 28.0 796.0 102.0
WheatHead 798.0 132.0 887.0 220.0
WheatHead 772.0 0.0 839.0 32.0
WheatHead 683.0 0.0 760.0 5.0
WheatHead 696.0 506.0 780.0 614.0
WheatHead 801.0 599.0 888.0 665.0
