WheatHead 83.0 63.0 158.0 196.0
WheatHead 117.0 303.0 173.0 370.0
WheatHead 193.0 328.0 283.0 406.0
WheatHead 242.0 454.0 311.0 524.0
WheatHead 318.0 438.0 383.0 527.0
WheatHead 266.0 552.0 337.0 622.0
WheatHead 0.0 699.0 62.0 811.0
WheatHead 31.0 681.0 95.0 747.0
WheatHead 276.0 760.0 354.0 832.0
WheatHead 276.0 846.0 361.0 898.0
WheatHead 179.0 900.0 318.0 957.0
WheatHead 298.0 935.0 365.0 1002.0
WheatHead 436.0 915.0 507.0 996.0
WheatHead 437.0 802.0 513.0 891.0
WheatHead 561.0 802.0 631.0 878.0
WheatHead 646.0 933.0 709.0 987.0
WheatHead 377.0 634.0 459.0 737.0
WheatHead 435.0 579.0 507.0 648.0
WheatHead 538.0 664.0 612.0 749.0
WheatHead 596.0 609.0 686.0 701.0
WheatHead 566.0 450.0 648.0 557.0
WheatHead 729.0 565.0 796.0 637.0
WheatHead 677.0 743.0 753.0 839.0
WheatHead 715.0 816.0 786.0 884.0
WheatHead 789.0 708.0 878.0 808.0
WheatHead 852.0 616.0 943.0 674.0
WheatHead 907.0 754.0 998.0 833.0
WheatHead 912.0 959.0 967.0 1024.0
WheatHead 958.0 979.0 1023.0 1024.0
WheatHead 426.0 212.0 511.0 295.0
WheatHead 549.0 159.0 617.0 238.0
WheatHead 306.0 25.0 391.0 104.0
WheatHead 72.0 2.0 143.0 59.0
WheatHead 149.0 0.0 266.0 49.0
WheatHead 492.0 304.0 565.0 376.0
WheatHead 698.0 309.0 786.0 432.0
WheatHead 817.0 326.0 954.0 395.0
WheatHead 802.0 244.0 869.0 316.0
WheatHead 715.0 139.0 794.0 221.0
WheatHead 842.0 128.0 945.0 186.0
WheatHead 865.0 232.0 967.0 297.0
WheatHead 968.0 97.0 1024.0 195.0
WheatHead 952.0 41.0 1024.0 96.0
WheatHead 938.0 645.0 993.0 708.0
WheatHead 547.0 548.0 613.0 613.0
WheatHead 816.0 0.0 872.0 33.0
WheatHead 459.0 176.0 492.0 208.0
WheatHead 964.0 212.0 1003.0 258.0
WheatHead 852.0 388.0 894.0 430.0
WheatHead 886.0 457.0 930.0 513.0
WheatHead 993.0 466.0 1023.0 506.0
WheatHead 828.0 302.0 884.0 340.0
WheatHead 419.0 263.0 469.0 311.0
WheatHead 34.0 751.0 83.0 805.0
WheatHead 0.0 1001.0 44.0 1024.0
WheatHead 271.0 2.0 337.0 48.0
WheatHead 52.0 0.0 97.0 19.0
WheatHead 740.0 409.0 816.0 434.0
WheatHead 978.0 576.0 1008.0 610.0
