WheatHead 995.0 409.0 1024.0 488.0
WheatHead 816.0 450.0 954.0 514.0
WheatHead 750.0 33.0 844.0 107.0
WheatHead 762.0 575.0 839.0 685.0
WheatHead 928.0 38.0 1024.0 124.0
WheatHead 990.0 267.0 1024.0 324.0
WheatHead 939.0 0.0 1024.0 40.0
WheatHead 857.0 650.0 934.0 757.0
WheatHead 814.0 166.0 919.0 250.0
WheatHead 860.0 563.0 929.0 645.0
WheatHead 793.0 913.0 880.0 1000.0
WheatHead 852.0 384.0 972.0 453.0
WheatHead 867.0 314.0 954.0 399.0
WheatHead 916.0 235.0 998.0 307.0
WheatHead 786.0 347.0 858.0 422.0
WheatHead 847.0 235.0 929.0 296.0
WheatHead 977.0 314.0 1024.0 366.0
WheatHead 771.0 997.0 841.0 1024.0
