WheatHead 0.0 130.0 40.0 209.0
WheatHead 51.0 353.0 155.0 461.0
WheatHead 0.0 372.0 51.0 455.0
WheatHead 130.0 527.0 247.0 616.0
WheatHead 162.0 638.0 247.0 716.0
WheatHead 308.0 669.0 427.0 741.0
WheatHead 189.0 732.0 273.0 797.0
WheatHead 116.0 863.0 212.0 965.0
WheatHead 0.0 843.0 30.0 915.0
WheatHead 261.0 990.0 339.0 1024.0
WheatHead 296.0 889.0 396.0 1014.0
WheatHead 421.0 754.0 499.0 818.0
WheatHead 585.0 614.0 664.0 705.0
WheatHead 648.0 681.0 757.0 775.0
WheatHead 583.0 439.0 658.0 525.0
WheatHead 520.0 373.0 621.0 431.0
WheatHead 501.0 323.0 577.0 373.0
WheatHead 387.0 225.0 476.0 304.0
WheatHead 551.0 168.0 623.0 242.0
WheatHead 631.0 176.0 726.0 276.0
WheatHead 610.0 251.0 662.0 302.0
WheatHead 716.0 294.0 780.0 364.0
WheatHead 583.0 59.0 680.0 135.0
WheatHead 410.0 46.0 501.0 144.0
WheatHead 370.0 154.0 444.0 221.0
WheatHead 243.0 0.0 349.0 77.0
WheatHead 519.0 0.0 629.0 53.0
WheatHead 979.0 895.0 1024.0 1011.0
WheatHead 878.0 888.0 949.0 1005.0
WheatHead 830.0 835.0 918.0 1007.0
WheatHead 856.0 729.0 988.0 837.0
WheatHead 823.0 721.0 896.0 770.0
WheatHead 772.0 715.0 830.0 772.0
WheatHead 1001.0 673.0 1024.0 741.0
WheatHead 937.0 464.0 1024.0 543.0
WheatHead 807.0 351.0 927.0 458.0
WheatHead 995.0 89.0 1024.0 147.0
WheatHead 926.0 65.0 986.0 132.0
WheatHead 963.0 178.0 1024.0 238.0
WheatHead 691.0 183.0 766.0 244.0
WheatHead 438.0 981.0 537.0 1024.0
