WheatHead 333.0 379.0 426.0 443.0
WheatHead 950.0 180.0 999.0 266.0
WheatHead 932.0 118.0 993.0 197.0
WheatHead 405.0 217.0 462.0 334.0
WheatHead 869.0 592.0 937.0 653.0
WheatHead 63.0 595.0 191.0 676.0
WheatHead 771.0 487.0 921.0 557.0
WheatHead 531.0 322.0 618.0 391.0
WheatHead 529.0 383.0 613.0 457.0
WheatHead 535.0 981.0 608.0 1024.0
WheatHead 492.0 548.0 592.0 678.0
WheatHead 215.0 957.0 296.0 1017.0
WheatHead 566.0 856.0 604.0 950.0
WheatHead 969.0 775.0 1019.0 836.0
WheatHead 0.0 793.0 49.0 839.0
WheatHead 477.0 439.0 590.0 517.0
WheatHead 162.0 688.0 236.0 729.0
WheatHead 438.0 140.0 466.0 241.0
WheatHead 146.0 969.0 177.0 1018.0
WheatHead 289.0 578.0 374.0 701.0
WheatHead 17.0 5.0 73.0 77.0
WheatHead 0.0 974.0 12.0 1021.0
WheatHead 868.0 678.0 921.0 712.0
WheatHead 253.0 105.0 299.0 278.0
WheatHead 47.0 857.0 205.0 921.0
WheatHead 103.0 316.0 159.0 376.0
WheatHead 914.0 944.0 984.0 983.0
WheatHead 211.0 0.0 259.0 23.0
WheatHead 618.0 905.0 681.0 959.0
WheatHead 162.0 544.0 273.0 606.0
WheatHead 0.0 344.0 47.0 391.0
WheatHead 393.0 776.0 476.0 808.0
WheatHead 909.0 333.0 946.0 380.0
WheatHead 927.0 421.0 977.0 516.0
WheatHead 191.0 860.0 323.0 957.0
WheatHead 256.0 916.0 342.0 1022.0
WheatHead 296.0 0.0 372.0 17.0
WheatHead 450.0 170.0 514.0 244.0
WheatHead 196.0 60.0 262.0 95.0
WheatHead 254.0 453.0 387.0 503.0
WheatHead 855.2000122070312 437.5 922.9000244140625 481.6000061035156
WheatHead 535.0 780.0 633.0 827.0
WheatHead 243.0 623.0 316.0 670.0
WheatHead 622.0 244.0 673.0 314.0
WheatHead 0.0 965.0 32.0 983.0
WheatHead 410.0 310.0 479.0 417.0
WheatHead 118.0 731.0 197.0 752.0
WheatHead 10.0 749.0 60.0 775.0
WheatHead 15.0 260.0 131.0 320.0
WheatHead 326.0 769.0 404.0 820.0
WheatHead 322.0 708.0 385.0 729.0
WheatHead 512.0 334.0 543.0 397.0
WheatHead 782.0 764.0 827.0 787.0
WheatHead 573.0 310.0 699.0 363.0
WheatHead 483.0 598.0 543.0 708.0
WheatHead 682.0 35.0 729.0 95.0
WheatHead 883.0 408.0 945.0 448.0
WheatHead 232.0 525.0 300.0 581.0
WheatHead 774.0 897.0 820.0 937.0
WheatHead 378.0 352.0 409.0 419.0
WheatHead 472.0 281.0 521.0 337.0
WheatHead 768.0 685.0 805.0 734.0
WheatHead 993.0 61.0 1022.0 125.0
WheatHead 628.0 589.0 749.0 663.0
WheatHead 265.0 714.0 434.0 780.0
WheatHead 269.0 770.0 341.0 810.0
WheatHead 323.0 22.0 374.0 59.0
WheatHead 997.0 271.0 1024.0 342.0
WheatHead 674.0 262.0 741.0 333.0
WheatHead 3.0 458.0 44.0 526.0
WheatHead 519.0 901.0 577.0 978.0
WheatHead 524.0 250.0 646.0 327.0
WheatHead 519.0 217.0 579.0 267.0
WheatHead 69.0 251.0 184.0 301.0
