WheatHead 788.0 591.0 878.0 673.0
WheatHead 778.0 156.0 867.0 296.0
WheatHead 773.0 683.0 901.0 819.0
WheatHead 984.0 146.0 1024.0 302.0
WheatHead 698.0 107.0 773.0 215.0
WheatHead 701.0 437.0 819.0 581.0
WheatHead 883.0 35.0 962.0 181.0
WheatHead 860.0 973.0 988.0 1024.0
WheatHead 486.0 693.0 601.0 757.0
WheatHead 778.0 35.0 850.0 104.0
WheatHead 711.0 524.0 801.0 622.0
WheatHead 875.0 509.0 957.0 593.0
WheatHead 673.0 430.0 762.0 555.0
WheatHead 757.0 488.0 862.0 560.0
WheatHead 0.0 35.0 55.0 217.0
WheatHead 0.0 982.0 85.0 1024.0
WheatHead 0.0 968.0 74.0 1007.0
WheatHead 525.0 760.0 604.0 845.0
