WheatHead 821.0 892.0 880.0 996.0
WheatHead 499.0 679.0 591.0 745.0
WheatHead 692.0 685.0 785.0 748.0
WheatHead 931.0 196.0 985.0 282.0
WheatHead 963.0 438.0 1024.0 529.0
WheatHead 959.0 1.0 1022.0 77.0
WheatHead 1011.0 196.0 1024.0 278.0
WheatHead 327.0 148.0 376.0 230.0
WheatHead 783.0 297.0 842.0 379.0
WheatHead 45.0 69.0 124.0 128.0
WheatHead 80.0 498.0 185.0 565.0
WheatHead 86.0 783.0 215.0 842.0
WheatHead 483.0 425.0 591.0 507.0
WheatHead 284.0 445.0 416.0 536.0
WheatHead 861.0 851.0 933.0 917.0
WheatHead 350.0 90.0 387.0 193.0
WheatHead 638.0 877.0 694.0 966.0
WheatHead 816.0 72.0 908.0 164.0
WheatHead 365.0 360.0 436.0 427.0
WheatHead 5.0 712.0 116.0 768.0
WheatHead 248.0 329.0 330.0 395.0
WheatHead 423.0 765.0 510.0 834.0
WheatHead 808.0 490.0 873.0 552.0
WheatHead 207.0 64.0 282.0 139.0
WheatHead 749.0 181.0 827.0 290.0
WheatHead 230.0 932.0 329.0 998.0
WheatHead 79.0 290.0 155.0 363.0
WheatHead 20.0 294.0 118.0 368.0
WheatHead 54.0 450.0 182.0 532.0
WheatHead 595.0 128.0 709.0 242.0
WheatHead 506.0 542.0 565.0 618.0
WheatHead 329.0 897.0 409.0 936.0
WheatHead 928.0 289.0 999.0 375.0
WheatHead 763.0 1.0 821.0 75.0
WheatHead 473.0 210.0 555.0 262.0
WheatHead 184.0 105.0 332.0 219.0
WheatHead 245.0 851.0 322.0 939.0
WheatHead 942.0 636.0 1024.0 704.0
WheatHead 9.0 180.0 157.0 293.0
WheatHead 477.0 170.0 573.0 251.0
WheatHead 0.0 354.0 69.0 419.0
WheatHead 804.0 615.0 869.0 648.0
WheatHead 277.0 779.0 386.0 821.0
WheatHead 379.0 25.0 456.0 113.0
WheatHead 460.0 753.0 584.0 823.0
WheatHead 279.0 776.0 322.0 868.0
WheatHead 481.0 58.0 572.0 118.0
WheatHead 632.0 0.0 687.0 63.0
WheatHead 929.0 755.0 1024.0 802.0
WheatHead 249.0 1.0 323.0 57.0
WheatHead 260.0 506.0 322.0 561.0
WheatHead 91.0 977.0 137.0 1021.0
WheatHead 772.0 372.0 848.0 440.0
WheatHead 420.0 6.0 540.0 64.0
WheatHead 324.0 610.0 394.0 649.0
WheatHead 282.0 247.0 400.0 274.0
WheatHead 477.0 83.0 565.0 144.0
WheatHead 658.0 79.0 711.0 141.0
WheatHead 134.0 830.0 226.0 901.0
WheatHead 51.0 870.0 145.0 914.0
WheatHead 843.0 903.0 888.0 989.0
WheatHead 704.0 913.0 767.0 950.0
WheatHead 607.0 770.0 683.0 835.0
WheatHead 182.0 403.0 245.0 527.0
WheatHead 225.0 289.0 268.0 383.0
WheatHead 626.0 882.0 675.0 962.0
WheatHead 856.0 595.0 942.0 643.0
WheatHead 937.0 668.0 1008.0 717.0
WheatHead 588.0 828.0 678.0 880.0
WheatHead 831.0 873.0 895.0 922.0
WheatHead 162.0 342.0 288.0 492.0
WheatHead 4.0 802.0 66.0 842.0
WheatHead 664.0 626.0 744.0 662.0
WheatHead 47.0 251.0 131.0 304.0
WheatHead 342.0 992.0 387.0 1021.0
WheatHead 795.0 0.0 856.0 20.0
WheatHead 1.0 166.0 51.0 188.0
WheatHead 47.0 292.0 139.0 370.0
WheatHead 0.0 831.0 35.0 866.0
WheatHead 798.0 798.0 888.0 852.0
WheatHead 0.0 105.0 49.0 150.0
WheatHead 49.0 0.0 101.0 35.0
WheatHead 916.0 990.0 983.0 1024.0
