WheatHead 127.0 59.0 200.0 183.0
WheatHead 7.0 10.0 99.0 105.0
WheatHead 61.0 0.0 115.0 42.0
WheatHead 320.0 0.0 422.0 58.0
WheatHead 744.0 0.0 840.0 43.0
WheatHead 747.0 101.0 821.0 175.0
WheatHead 539.0 92.0 619.0 153.0
WheatHead 505.0 148.0 575.0 208.0
WheatHead 284.0 142.0 346.0 195.0
WheatHead 321.0 185.0 440.0 262.0
WheatHead 703.0 235.0 814.0 311.0
WheatHead 802.0 266.0 920.0 377.0
WheatHead 961.0 193.0 1024.0 255.0
WheatHead 834.0 197.0 905.0 264.0
WheatHead 935.0 0.0 993.0 63.0
WheatHead 574.0 310.0 630.0 366.0
WheatHead 676.0 307.0 766.0 376.0
WheatHead 755.0 382.0 832.0 428.0
WheatHead 787.0 448.0 858.0 534.0
WheatHead 466.0 518.0 537.0 615.0
WheatHead 664.0 692.0 728.0 806.0
WheatHead 757.0 635.0 878.0 712.0
WheatHead 879.0 600.0 985.0 683.0
WheatHead 804.0 729.0 907.0 803.0
WheatHead 774.0 858.0 915.0 934.0
WheatHead 597.0 899.0 684.0 1001.0
WheatHead 230.0 826.0 399.0 955.0
WheatHead 195.0 832.0 296.0 897.0
WheatHead 120.0 737.0 224.0 817.0
WheatHead 279.0 699.0 406.0 774.0
WheatHead 266.0 744.0 344.0 798.0
WheatHead 393.0 630.0 515.0 716.0
WheatHead 44.0 549.0 154.0 619.0
WheatHead 45.0 436.0 105.0 488.0
WheatHead 6.0 935.0 63.0 989.0
WheatHead 135.0 915.0 213.0 979.0
WheatHead 44.0 205.0 127.0 322.0
WheatHead 37.0 321.0 146.0 406.0
WheatHead 183.0 163.0 276.0 245.0
WheatHead 555.0 200.0 641.0 261.0
WheatHead 677.0 740.0 783.0 779.0
WheatHead 623.0 874.0 687.0 925.0
