WheatHead 1.0 37.0 59.0 137.0
WheatHead 149.0 126.0 202.0 227.0
WheatHead 65.0 144.0 146.0 251.0
WheatHead 270.0 133.0 336.0 236.0
WheatHead 157.0 261.0 217.0 345.0
WheatHead 209.0 229.0 268.0 307.0
WheatHead 267.0 240.0 358.0 324.0
WheatHead 391.0 223.0 486.0 332.0
WheatHead 205.0 318.0 305.0 388.0
WheatHead 287.0 366.0 388.0 432.0
WheatHead 361.0 387.0 433.0 460.0
WheatHead 12.0 247.0 120.0 348.0
WheatHead 0.0 355.0 59.0 430.0
WheatHead 65.0 447.0 144.0 511.0
WheatHead 148.0 453.0 252.0 531.0
WheatHead 260.0 452.0 394.0 530.0
WheatHead 193.0 551.0 320.0 613.0
WheatHead 293.0 572.0 405.0 643.0
WheatHead 291.0 658.0 357.0 730.0
WheatHead 532.0 576.0 702.0 637.0
WheatHead 471.0 521.0 534.0 594.0
WheatHead 469.0 424.0 555.0 488.0
WheatHead 454.0 337.0 518.0 423.0
WheatHead 521.0 391.0 601.0 457.0
WheatHead 649.0 451.0 727.0 527.0
WheatHead 579.0 332.0 646.0 433.0
WheatHead 606.0 292.0 662.0 360.0
WheatHead 658.0 293.0 736.0 394.0
WheatHead 616.0 203.0 688.0 282.0
WheatHead 716.0 196.0 783.0 272.0
WheatHead 493.0 756.0 594.0 823.0
WheatHead 359.0 887.0 458.0 966.0
WheatHead 272.0 895.0 335.0 965.0
WheatHead 118.0 864.0 191.0 937.0
WheatHead 97.0 954.0 159.0 1017.0
WheatHead 0.0 933.0 93.0 995.0
WheatHead 876.0 760.0 943.0 860.0
WheatHead 506.0 975.0 573.0 1024.0
WheatHead 598.0 891.0 690.0 954.0
WheatHead 704.0 930.0 776.0 998.0
WheatHead 745.0 891.0 818.0 949.0
WheatHead 641.0 775.0 750.0 875.0
WheatHead 979.0 116.0 1024.0 236.0
WheatHead 930.0 326.0 1003.0 416.0
WheatHead 974.0 416.0 1024.0 499.0
WheatHead 902.0 445.0 1003.0 512.0
WheatHead 838.0 455.0 959.0 553.0
WheatHead 979.0 532.0 1024.0 602.0
WheatHead 757.0 360.0 834.0 433.0
WheatHead 727.0 591.0 817.0 675.0
WheatHead 938.0 593.0 1021.0 737.0
WheatHead 0.0 868.0 70.0 943.0
WheatHead 876.0 370.0 962.0 465.0
WheatHead 442.0 101.0 508.0 172.0
WheatHead 285.0 324.0 341.0 374.0
WheatHead 0.0 482.0 59.0 565.0
WheatHead 255.0 509.0 312.0 560.0
WheatHead 434.0 504.0 483.0 556.0
WheatHead 878.0 325.0 946.0 397.0
WheatHead 819.0 348.0 887.0 418.0
WheatHead 669.0 228.0 750.0 303.0
WheatHead 785.0 853.0 830.0 901.0
