WheatHead 0.0 754.0 56.0 850.0
WheatHead 0.0 716.0 41.0 769.0
WheatHead 0.0 476.0 88.0 608.0
WheatHead 0.0 625.0 79.0 686.0
WheatHead 183.0 54.0 259.0 142.0
WheatHead 281.0 100.0 339.0 162.0
WheatHead 237.0 191.0 297.0 243.0
WheatHead 142.0 222.0 261.0 306.0
WheatHead 231.0 383.0 300.0 447.0
WheatHead 114.0 426.0 202.0 476.0
WheatHead 185.0 454.0 271.0 542.0
WheatHead 168.0 667.0 237.0 742.0
WheatHead 446.0 578.0 507.0 646.0
WheatHead 519.0 706.0 576.0 794.0
WheatHead 545.0 750.0 591.0 820.0
WheatHead 402.0 788.0 454.0 891.0
WheatHead 342.0 790.0 400.0 851.0
WheatHead 179.0 893.0 249.0 962.0
WheatHead 421.0 963.0 497.0 1024.0
WheatHead 495.0 954.0 572.0 1022.0
WheatHead 543.0 934.0 608.0 1000.0
WheatHead 567.0 831.0 635.0 915.0
WheatHead 678.0 885.0 769.0 1018.0
WheatHead 749.0 805.0 814.0 966.0
WheatHead 708.0 799.0 773.0 873.0
WheatHead 929.0 752.0 1024.0 821.0
WheatHead 896.0 648.0 966.0 708.0
WheatHead 938.0 513.0 1023.0 588.0
WheatHead 793.0 467.0 870.0 535.0
WheatHead 597.0 520.0 720.0 604.0
WheatHead 698.0 483.0 759.0 551.0
WheatHead 482.0 455.0 552.0 535.0
WheatHead 442.0 394.0 504.0 444.0
WheatHead 375.0 312.0 450.0 402.0
WheatHead 444.0 252.0 511.0 328.0
WheatHead 566.0 198.0 628.0 318.0
WheatHead 613.0 173.0 737.0 232.0
WheatHead 634.0 294.0 710.0 374.0
WheatHead 799.0 288.0 868.0 345.0
WheatHead 975.0 324.0 1024.0 401.0
WheatHead 788.0 0.0 881.0 111.0
WheatHead 702.0 80.0 794.0 141.0
WheatHead 927.0 38.0 968.0 108.0
WheatHead 984.0 417.0 1024.0 460.0
WheatHead 962.0 181.0 1020.0 284.0
WheatHead 950.0 71.0 1019.0 153.0
WheatHead 936.0 0.0 985.0 30.0
WheatHead 992.0 603.0 1024.0 648.0
WheatHead 664.0 996.0 744.0 1024.0
WheatHead 762.0 397.0 800.0 446.0
WheatHead 243.0 633.0 301.0 680.0
WheatHead 526.0 178.0 596.0 234.0
