WheatHead 106.0 49.0 198.0 202.0
WheatHead 456.0 2.0 622.0 90.0
WheatHead 695.0 55.0 844.0 135.0
WheatHead 842.0 0.0 900.0 67.0
WheatHead 961.0 338.0 1024.0 425.0
WheatHead 923.0 442.0 992.0 582.0
WheatHead 988.0 667.0 1024.0 772.0
WheatHead 330.0 290.0 521.0 449.0
WheatHead 291.0 419.0 411.0 541.0
WheatHead 102.0 386.0 238.0 509.0
WheatHead 356.0 602.0 462.0 695.0
WheatHead 539.0 679.0 646.0 789.0
WheatHead 608.0 823.0 777.0 968.0
WheatHead 437.0 976.0 553.0 1024.0
WheatHead 197.0 998.0 344.0 1024.0
WheatHead 41.0 943.0 149.0 1024.0
WheatHead 990.0 929.0 1024.0 1024.0
WheatHead 525.0 393.0 616.0 492.0
WheatHead 654.0 734.0 705.0 793.0
WheatHead 788.0 535.0 837.0 602.0
