WheatHead 35.0 541.0 108.0 628.0
WheatHead 0.0 614.0 135.0 742.0
WheatHead 75.0 866.0 146.0 941.0
WheatHead 80.0 924.0 133.0 1024.0
WheatHead 140.0 902.0 237.0 977.0
WheatHead 210.0 884.0 298.0 963.0
WheatHead 211.0 969.0 313.0 1024.0
WheatHead 96.0 315.0 176.0 376.0
WheatHead 5.0 0.0 54.0 15.0
WheatHead 166.0 0.0 216.0 85.0
WheatHead 659.0 0.0 812.0 29.0
WheatHead 267.0 68.0 345.0 192.0
WheatHead 173.0 243.0 334.0 321.0
WheatHead 444.0 131.0 530.0 280.0
WheatHead 559.0 9.0 692.0 186.0
WheatHead 655.0 19.0 812.0 133.0
WheatHead 716.0 119.0 860.0 237.0
WheatHead 716.0 166.0 790.0 283.0
WheatHead 903.0 283.0 948.0 400.0
WheatHead 748.0 260.0 848.0 336.0
WheatHead 841.0 214.0 924.0 310.0
WheatHead 543.0 307.0 665.0 362.0
WheatHead 364.0 316.0 480.0 395.0
WheatHead 544.0 368.0 647.0 446.0
WheatHead 388.0 554.0 455.0 623.0
WheatHead 329.0 700.0 418.0 867.0
WheatHead 495.0 524.0 561.0 612.0
WheatHead 544.0 612.0 621.0 740.0
WheatHead 587.0 733.0 662.0 837.0
WheatHead 684.0 773.0 789.0 914.0
WheatHead 621.0 892.0 684.0 997.0
WheatHead 792.0 861.0 868.0 945.0
WheatHead 880.0 828.0 925.0 969.0
WheatHead 851.0 947.0 976.0 1012.0
WheatHead 600.0 556.0 684.0 699.0
WheatHead 682.0 632.0 777.0 768.0
WheatHead 664.0 527.0 764.0 674.0
WheatHead 572.0 517.0 722.0 602.0
WheatHead 804.0 662.0 912.0 763.0
WheatHead 843.0 719.0 934.0 802.0
WheatHead 863.0 644.0 968.0 726.0
WheatHead 814.0 489.0 951.0 640.0
WheatHead 874.0 412.0 963.0 482.0
WheatHead 758.0 354.0 885.0 427.0
WheatHead 688.0 332.0 803.0 395.0
WheatHead 944.0 398.0 1020.0 469.0
WheatHead 935.0 489.0 1005.0 571.0
WheatHead 976.0 617.0 1024.0 759.0
WheatHead 938.0 759.0 1022.0 870.0
WheatHead 917.0 850.0 969.0 921.0
WheatHead 979.0 907.0 1024.0 971.0
WheatHead 979.0 275.0 1024.0 316.0
