WheatHead 98.0 53.0 124.0 136.0
WheatHead 203.0 1.0 247.0 59.0
WheatHead 378.0 22.0 459.0 59.0
WheatHead 390.0 0.0 439.0 42.0
WheatHead 38.0 456.0 121.0 504.0
WheatHead 9.0 510.0 67.0 587.0
WheatHead 5.0 668.0 43.0 739.0
WheatHead 243.0 314.0 281.0 416.0
WheatHead 339.0 503.0 402.0 544.0
WheatHead 328.0 571.0 389.0 619.0
WheatHead 328.0 644.0 420.0 716.0
WheatHead 254.0 683.0 310.0 746.0
WheatHead 408.0 655.0 471.0 725.0
WheatHead 798.0 0.0 871.0 47.0
WheatHead 783.0 403.0 829.0 499.0
WheatHead 718.0 545.0 826.0 615.0
WheatHead 670.0 613.0 723.0 660.0
WheatHead 612.0 709.0 671.0 753.0
WheatHead 832.0 596.0 865.0 644.0
WheatHead 908.0 557.0 970.0 598.0
WheatHead 975.0 412.0 1024.0 493.0
WheatHead 975.0 651.0 1022.0 713.0
WheatHead 818.0 697.0 909.0 742.0
WheatHead 944.0 725.0 1024.0 773.0
WheatHead 761.0 905.0 825.0 941.0
WheatHead 801.0 937.0 842.0 991.0
WheatHead 782.0 988.0 860.0 1024.0
WheatHead 6.0 960.0 50.0 1009.0
WheatHead 239.0 813.0 284.0 872.0
WheatHead 202.0 792.0 252.0 841.0
WheatHead 868.0 600.0 925.0 660.0
WheatHead 949.0 776.0 1024.0 838.0
