WheatHead 90.0 285.0 186.0 340.0
WheatHead 103.0 317.0 194.0 408.0
WheatHead 199.0 377.0 266.0 444.0
WheatHead 76.0 410.0 174.0 489.0
WheatHead 32.0 402.0 111.0 462.0
WheatHead 92.0 470.0 173.0 543.0
WheatHead 49.0 505.0 111.0 565.0
WheatHead 2.0 463.0 92.0 540.0
WheatHead 253.0 428.0 324.0 488.0
WheatHead 348.0 398.0 443.0 489.0
WheatHead 348.0 257.0 462.0 367.0
WheatHead 92.0 560.0 167.0 637.0
WheatHead 162.0 576.0 307.0 645.0
WheatHead 85.0 762.0 158.0 854.0
WheatHead 196.0 877.0 295.0 942.0
WheatHead 110.0 927.0 218.0 988.0
WheatHead 315.0 986.0 378.0 1024.0
WheatHead 826.0 864.0 914.0 952.0
WheatHead 735.0 825.0 813.0 928.0
WheatHead 953.0 774.0 1023.0 897.0
WheatHead 719.0 664.0 795.0 730.0
WheatHead 792.0 626.0 847.0 698.0
WheatHead 805.0 556.0 890.0 615.0
WheatHead 373.0 748.0 464.0 830.0
WheatHead 452.0 511.0 528.0 578.0
WheatHead 445.0 443.0 521.0 514.0
WheatHead 528.0 466.0 589.0 532.0
WheatHead 554.0 549.0 662.0 614.0
WheatHead 667.0 490.0 743.0 571.0
WheatHead 686.0 449.0 791.0 507.0
WheatHead 843.0 470.0 930.0 540.0
WheatHead 882.0 322.0 958.0 419.0
WheatHead 692.0 259.0 783.0 408.0
WheatHead 541.0 249.0 635.0 343.0
WheatHead 978.0 384.0 1024.0 485.0
WheatHead 655.0 537.0 759.0 623.0
WheatHead 91.0 833.0 162.0 909.0
WheatHead 947.0 370.0 999.0 424.0
WheatHead 769.0 589.0 821.0 636.0
WheatHead 178.0 347.0 237.0 393.0
WheatHead 144.0 388.0 208.0 452.0
WheatHead 154.0 885.0 199.0 919.0
WheatHead 107.0 910.0 155.0 946.0
WheatHead 0.0 948.0 16.0 998.0
WheatHead 246.0 478.0 283.0 511.0
