WheatHead 0.0 570.0 86.0 693.0
WheatHead 4.0 712.0 167.0 809.0
WheatHead 401.0 813.0 507.0 896.0
WheatHead 516.0 570.0 640.0 695.0
WheatHead 104.0 431.0 222.0 531.0
WheatHead 6.0 342.0 90.0 444.0
WheatHead 0.0 173.0 47.0 262.0
WheatHead 57.0 110.0 139.0 197.0
WheatHead 125.0 43.0 220.0 123.0
WheatHead 301.0 311.0 417.0 407.0
WheatHead 399.0 216.0 505.0 318.0
WheatHead 399.0 141.0 492.0 216.0
WheatHead 527.0 90.0 614.0 173.0
WheatHead 724.0 128.0 821.0 220.0
WheatHead 695.0 390.0 811.0 494.0
WheatHead 415.0 386.0 531.0 509.0
WheatHead 616.0 763.0 742.0 874.0
WheatHead 586.0 921.0 687.0 1019.0
WheatHead 433.0 954.0 555.0 1024.0
WheatHead 100.0 974.0 197.0 1024.0
WheatHead 724.0 949.0 806.0 1024.0
WheatHead 795.0 880.0 891.0 966.0
WheatHead 864.0 913.0 986.0 1010.0
WheatHead 961.0 533.0 1024.0 644.0
WheatHead 972.0 273.0 1024.0 353.0
WheatHead 870.0 149.0 925.0 222.0
WheatHead 852.0 0.0 951.0 21.0
WheatHead 286.0 983.0 349.0 1024.0
WheatHead 374.0 493.0 464.0 531.0
WheatHead 349.0 404.0 429.0 481.0
WheatHead 518.0 199.0 614.0 274.0
WheatHead 967.0 153.0 1024.0 223.0
