WheatHead 199.0 547.0 255.0 622.0
WheatHead 0.0 471.0 21.0 559.0
WheatHead 673.0 857.0 749.0 939.0
WheatHead 374.0 288.0 432.0 386.0
WheatHead 699.0 602.0 778.0 756.0
WheatHead 204.0 674.0 240.0 783.0
WheatHead 169.0 770.0 327.0 858.0
WheatHead 531.0 551.0 581.0 632.0
WheatHead 746.0 850.0 894.0 905.0
WheatHead 561.0 760.0 604.0 875.0
WheatHead 903.0 379.0 977.0 468.0
WheatHead 248.0 670.0 385.0 778.0
WheatHead 307.0 431.0 390.0 475.0
WheatHead 839.0 90.0 935.0 162.0
WheatHead 567.0 139.0 626.0 210.0
WheatHead 641.0 887.0 704.0 948.0
WheatHead 266.0 0.0 445.0 124.0
WheatHead 68.0 909.0 151.0 948.0
WheatHead 851.0 767.0 1024.0 850.0
WheatHead 238.0 268.0 319.0 432.0
WheatHead 418.0 883.0 508.0 961.0
WheatHead 233.0 69.0 314.0 167.0
WheatHead 157.0 469.0 400.0 544.0
WheatHead 143.0 98.0 285.0 176.0
WheatHead 800.0 282.0 826.0 410.0
WheatHead 879.0 987.0 929.0 1022.0
WheatHead 761.0 812.0 920.0 842.0
WheatHead 546.0 0.0 572.0 55.0
WheatHead 906.0 23.0 1005.0 75.0
WheatHead 55.0 580.0 109.0 686.0
WheatHead 382.0 342.0 425.0 421.0
WheatHead 565.0 875.0 651.0 917.0
WheatHead 360.0 634.0 421.0 666.0
WheatHead 371.0 0.0 448.0 40.0
WheatHead 307.0 512.0 359.0 582.0
WheatHead 687.0 522.0 732.0 577.0
WheatHead 25.0 658.0 76.0 770.0
WheatHead 136.0 1000.0 185.0 1024.0
WheatHead 724.0 479.0 768.0 531.0
WheatHead 883.9000244140625 161.5 964.0 212.60000610351562
WheatHead 653.0 370.0 805.0 450.0
WheatHead 241.0 181.0 400.0 294.0
WheatHead 866.0 731.0 920.0 759.0
WheatHead 496.0 677.0 536.0 740.0
WheatHead 974.0 673.0 1024.0 701.0
WheatHead 318.0 297.0 413.0 468.0
WheatHead 552.0 983.0 613.0 1019.0
WheatHead 740.0 0.0 771.0 30.0
WheatHead 527.0 659.0 592.0 706.0
WheatHead 812.0 552.0 846.0 746.0
WheatHead 992.0 289.0 1024.0 414.0
WheatHead 711.0 536.0 768.0 602.0
WheatHead 798.0 393.0 844.0 462.0
WheatHead 0.0 422.0 160.0 479.0
WheatHead 3.0 732.0 78.0 906.0
WheatHead 966.0 872.0 1024.0 938.0
WheatHead 878.0 415.0 1024.0 537.0
WheatHead 280.0 231.0 364.0 285.0
