WheatHead 1.0 904.0 88.0 973.0
WheatHead 0.0 715.0 74.0 811.0
WheatHead 68.0 736.0 134.0 815.0
WheatHead 53.0 828.0 119.0 898.0
WheatHead 182.0 866.0 271.0 939.0
WheatHead 299.0 882.0 400.0 994.0
WheatHead 329.0 819.0 414.0 911.0
WheatHead 1.0 384.0 37.0 474.0
WheatHead 36.0 392.0 106.0 459.0
WheatHead 28.0 448.0 91.0 507.0
WheatHead 33.0 303.0 116.0 401.0
WheatHead 73.0 297.0 154.0 379.0
WheatHead 146.0 251.0 227.0 372.0
WheatHead 87.0 432.0 162.0 526.0
WheatHead 63.0 537.0 144.0 620.0
WheatHead 141.0 477.0 225.0 553.0
WheatHead 221.0 587.0 307.0 656.0
WheatHead 279.0 565.0 335.0 634.0
WheatHead 210.0 508.0 281.0 581.0
WheatHead 251.0 652.0 347.0 703.0
WheatHead 223.0 387.0 290.0 466.0
WheatHead 278.0 387.0 344.0 466.0
WheatHead 313.0 445.0 393.0 524.0
WheatHead 357.0 524.0 421.0 584.0
WheatHead 344.0 289.0 421.0 376.0
WheatHead 382.0 230.0 469.0 326.0
WheatHead 438.0 325.0 505.0 400.0
WheatHead 532.0 411.0 586.0 479.0
WheatHead 446.0 444.0 517.0 507.0
WheatHead 452.0 508.0 522.0 591.0
WheatHead 486.0 594.0 553.0 667.0
WheatHead 526.0 511.0 602.0 593.0
WheatHead 513.0 467.0 583.0 534.0
WheatHead 581.0 225.0 648.0 312.0
WheatHead 655.0 133.0 733.0 266.0
WheatHead 637.0 520.0 714.0 600.0
WheatHead 686.0 468.0 763.0 541.0
WheatHead 759.0 508.0 863.0 596.0
WheatHead 768.0 472.0 839.0 535.0
WheatHead 587.0 613.0 669.0 680.0
WheatHead 636.0 663.0 684.0 714.0
WheatHead 430.0 700.0 480.0 752.0
WheatHead 473.0 754.0 565.0 860.0
WheatHead 438.0 746.0 488.0 840.0
WheatHead 643.0 890.0 728.0 948.0
WheatHead 629.0 940.0 687.0 1008.0
WheatHead 687.0 958.0 755.0 1020.0
WheatHead 802.0 950.0 868.0 1024.0
WheatHead 940.0 865.0 1022.0 943.0
WheatHead 953.0 658.0 1024.0 743.0
WheatHead 880.0 508.0 963.0 572.0
WheatHead 843.0 394.0 941.0 486.0
WheatHead 880.0 409.0 1014.0 514.0
WheatHead 91.0 235.0 169.0 302.0
WheatHead 729.0 511.0 781.0 571.0
WheatHead 0.0 819.0 29.0 896.0
WheatHead 140.0 973.0 213.0 1023.0
WheatHead 295.0 998.0 348.0 1024.0
WheatHead 76.0 774.0 162.0 849.0
WheatHead 1009.0 917.0 1024.0 967.0
WheatHead 1008.0 180.0 1024.0 226.0
