WheatHead 38.0 803.0 197.0 909.0
WheatHead 168.0 665.0 288.0 837.0
WheatHead 311.0 202.0 400.0 327.0
WheatHead 0.0 350.0 92.0 471.0
WheatHead 629.0 609.0 714.0 708.0
WheatHead 108.0 169.0 190.0 274.0
WheatHead 703.0 0.0 837.0 92.0
WheatHead 1.0 527.0 70.0 755.0
WheatHead 771.0 216.0 881.0 268.0
WheatHead 755.0 898.0 834.0 983.0
WheatHead 35.0 40.0 170.0 160.0
WheatHead 716.0 678.0 880.0 816.0
WheatHead 621.0 244.0 700.0 332.0
WheatHead 561.0 573.0 628.0 645.0
WheatHead 878.0 239.0 958.0 383.0
WheatHead 235.0 491.0 302.0 560.0
WheatHead 832.0 892.0 917.0 1023.0
WheatHead 726.0 113.0 962.0 197.0
WheatHead 11.0 0.0 73.0 115.0
WheatHead 105.0 399.0 172.0 465.0
WheatHead 1.0 4.0 142.0 113.0
WheatHead 922.0 511.0 1014.0 679.0
WheatHead 900.0 0.0 1010.0 151.0
WheatHead 629.0 952.0 752.0 1024.0
WheatHead 791.0 570.0 947.0 683.0
WheatHead 967.0 269.0 1023.0 350.0
WheatHead 492.0 157.0 602.0 213.0
WheatHead 937.0 370.0 1024.0 455.0
WheatHead 942.0 534.0 1023.0 754.0
WheatHead 910.0 177.0 1020.0 298.0
