WheatHead 674.0 292.0 731.0 401.0
WheatHead 0.0 72.0 20.0 177.0
WheatHead 8.0 292.0 119.9000015258789 367.79998779296875
WheatHead 151.0 76.0 214.0 172.0
WheatHead 636.0 746.0 705.0 836.0
WheatHead 77.0 524.0 151.0 592.0
WheatHead 785.0 159.0 850.0 228.0
WheatHead 902.0 483.0 977.0 563.0
WheatHead 693.0 487.0 794.0 539.0
WheatHead 172.0 464.0 240.0 543.0
WheatHead 943.0 880.0 1024.0 955.0
WheatHead 928.0 4.0 973.0 94.0
WheatHead 772.0 57.0 814.0 159.0
WheatHead 577.0 380.0 630.0 473.0
WheatHead 0.0 878.0 79.0 937.0
WheatHead 0.0 219.0 19.0 292.0
WheatHead 719.0 946.0 783.0 1024.0
WheatHead 210.0 415.0 281.0 480.0
WheatHead 0.0 835.0 90.0 874.0
WheatHead 823.0 393.0 884.0 524.0
WheatHead 0.0 2.0 31.0 60.0
WheatHead 853.0 628.0 921.0 678.0
WheatHead 206.0 835.0 266.0 883.0
WheatHead 832.0 517.0 882.0 574.0
WheatHead 21.0 165.0 53.0 234.0
WheatHead 267.0 238.0 337.0 290.0
WheatHead 177.0 920.0 263.0 983.0
WheatHead 966.0 102.0 1024.0 170.0
WheatHead 880.0 0.0 913.0 38.0
WheatHead 0.0 935.0 70.0 963.0
WheatHead 120.0 483.0 185.0 539.0
WheatHead 163.0 338.0 189.0 435.0
WheatHead 944.0 197.0 987.0 266.0
WheatHead 229.0 0.0 270.0 40.0
WheatHead 184.0 527.0 252.0 570.0
WheatHead 237.0 361.0 264.0 439.0
WheatHead 111.0 374.0 182.0 431.0
WheatHead 233.0 180.0 302.20001220703125 316.5
WheatHead 335.0 427.0 376.0 494.0
WheatHead 0.0 936.0 30.0 1024.0
WheatHead 514.4000244140625 950.5999755859375 671.7000122070312 1024.0
WheatHead 802.0 780.0 854.0 824.0
WheatHead 296.0 984.0 375.0 1022.0
WheatHead 684.0 532.0 764.0 581.0
WheatHead 959.0 625.0 1003.0 671.0
WheatHead 457.0 993.0 495.0 1024.0
WheatHead 408.0 947.0 453.0 980.0
WheatHead 705.0 891.0 870.0 943.0
WheatHead 283.0 204.0 331.0 256.0
WheatHead 290.0 987.0 349.0 1024.0
WheatHead 162.0 428.0 244.0 475.0
WheatHead 192.0 218.0 230.0 275.0
