WheatHead 0.0 752.0 36.0 821.0
WheatHead 11.0 836.0 59.0 901.0
WheatHead 49.0 906.0 127.0 976.0
WheatHead 154.0 885.0 225.0 963.0
WheatHead 62.0 775.0 156.0 849.0
WheatHead 128.0 704.0 199.0 769.0
WheatHead 165.0 991.0 246.0 1024.0
WheatHead 382.0 948.0 485.0 1021.0
WheatHead 516.0 939.0 575.0 1010.0
WheatHead 344.0 779.0 411.0 837.0
WheatHead 358.0 829.0 417.0 886.0
WheatHead 508.0 861.0 599.0 925.0
WheatHead 512.0 816.0 586.0 874.0
WheatHead 605.0 709.0 678.0 779.0
WheatHead 519.0 657.0 596.0 713.0
WheatHead 480.0 606.0 572.0 658.0
WheatHead 0.0 599.0 44.0 652.0
WheatHead 267.0 510.0 347.0 578.0
WheatHead 137.0 434.0 207.0 501.0
WheatHead 200.0 416.0 265.0 471.0
WheatHead 248.0 455.0 307.0 528.0
WheatHead 328.0 465.0 469.0 528.0
WheatHead 288.0 391.0 347.0 459.0
WheatHead 367.0 411.0 414.0 467.0
WheatHead 420.0 398.0 478.0 460.0
WheatHead 512.0 520.0 591.0 602.0
WheatHead 0.0 345.0 17.0 401.0
WheatHead 0.0 306.0 89.0 361.0
WheatHead 0.0 215.0 34.0 288.0
WheatHead 88.0 305.0 144.0 370.0
WheatHead 132.0 306.0 201.0 411.0
WheatHead 165.0 182.0 222.0 265.0
WheatHead 195.0 295.0 293.0 359.0
WheatHead 454.0 293.0 522.0 347.0
WheatHead 415.0 308.0 465.0 366.0
WheatHead 475.0 186.0 609.0 252.0
WheatHead 534.0 233.0 610.0 347.0
WheatHead 603.0 204.0 683.0 272.0
WheatHead 651.0 326.0 720.0 386.0
WheatHead 624.0 360.0 687.0 433.0
WheatHead 669.0 389.0 757.0 434.0
WheatHead 723.0 495.0 851.0 564.0
WheatHead 717.0 674.0 788.0 731.0
WheatHead 703.0 950.0 825.0 1024.0
WheatHead 685.0 1005.0 761.0 1024.0
WheatHead 975.0 745.0 1024.0 798.0
WheatHead 909.0 682.0 1024.0 754.0
WheatHead 937.0 553.0 1016.0 649.0
WheatHead 982.0 509.0 1024.0 572.0
WheatHead 956.0 423.0 1024.0 500.0
WheatHead 876.0 449.0 952.0 504.0
WheatHead 933.0 227.0 982.0 300.0
WheatHead 870.0 289.0 937.0 368.0
WheatHead 755.0 177.0 819.0 256.0
WheatHead 942.0 24.0 995.0 84.0
WheatHead 901.0 93.0 996.0 152.0
WheatHead 780.0 88.0 853.0 141.0
WheatHead 780.0 0.0 842.0 46.0
WheatHead 699.0 0.0 783.0 36.0
WheatHead 469.0 77.0 572.0 144.0
WheatHead 499.0 17.0 568.0 74.0
WheatHead 475.0 0.0 546.0 19.0
WheatHead 157.0 0.0 209.0 22.0
WheatHead 101.0 0.0 152.0 40.0
WheatHead 13.0 0.0 110.0 29.0
WheatHead 67.0 685.0 128.0 744.0
WheatHead 733.0 720.0 767.0 771.0
WheatHead 491.0 34.0 614.0 122.0
WheatHead 483.0 153.0 564.0 249.0
WheatHead 603.0 176.0 663.0 235.0
WheatHead 206.0 222.0 244.0 261.0
WheatHead 771.0 508.0 873.0 590.0
