WheatHead 798.0 171.0 931.0 256.0
WheatHead 225.0 199.0 350.0 279.0
WheatHead 343.0 271.0 422.0 345.0
WheatHead 578.0 642.0 680.0 732.0
WheatHead 596.0 435.0 716.0 514.0
WheatHead 79.0 0.0 181.0 56.0
WheatHead 701.0 380.0 799.0 487.0
WheatHead 793.0 59.0 911.0 159.0
WheatHead 79.0 768.0 197.0 872.0
WheatHead 514.0 261.0 622.0 343.0
WheatHead 647.0 711.0 734.0 803.0
WheatHead 808.0 0.0 975.0 53.0
WheatHead 532.0 483.0 624.0 565.0
WheatHead 107.0 584.0 219.0 665.0
WheatHead 0.0 770.0 48.0 847.0
WheatHead 559.0 768.0 644.0 850.0
WheatHead 0.0 491.0 5.0 573.0
WheatHead 88.0 893.0 167.0 994.0
WheatHead 171.0 464.0 264.0 528.0
WheatHead 627.0 35.0 714.0 102.0
WheatHead 448.0 627.0 542.0 724.0
WheatHead 312.0 53.0 407.0 125.0
WheatHead 335.0 358.0 463.0 491.0
WheatHead 698.0 674.0 820.0 728.0
WheatHead 98.0 481.0 170.0 588.0
WheatHead 494.0 0.0 609.0 56.0
WheatHead 655.0 145.0 729.0 222.0
WheatHead 691.0 565.0 834.0 645.0
WheatHead 200.0 398.0 280.0 463.0
WheatHead 604.0 320.0 709.0 409.0
WheatHead 645.0 517.0 721.0 586.0
WheatHead 430.0 97.0 517.0 153.0
WheatHead 389.0 184.0 486.0 261.0
WheatHead 426.0 812.0 533.0 920.0
WheatHead 813.0 636.0 945.0 746.0
WheatHead 563.0 99.0 645.0 161.0
WheatHead 337.0 537.0 435.0 609.0
WheatHead 504.0 537.0 627.0 619.0
WheatHead 0.0 529.0 73.0 646.0
WheatHead 6.0 943.0 67.0 1024.0
WheatHead 640.0 952.0 721.0 1024.0
WheatHead 865.0 573.0 1016.0 650.0
WheatHead 410.0 968.0 494.0 1024.0
WheatHead 101.0 407.0 197.0 484.0
WheatHead 0.0 374.0 57.0 473.0
