WheatHead 0.0 636.0 59.0 730.0
WheatHead 45.0 808.0 107.0 864.0
WheatHead 108.0 813.0 184.0 880.0
WheatHead 102.0 878.0 159.0 934.0
WheatHead 27.0 879.0 88.0 937.0
WheatHead 184.0 818.0 297.0 893.0
WheatHead 332.0 652.0 411.0 736.0
WheatHead 462.0 823.0 544.0 896.0
WheatHead 0.0 295.0 62.0 374.0
WheatHead 3.0 221.0 90.0 295.0
WheatHead 162.0 327.0 234.0 397.0
WheatHead 102.0 233.0 169.0 357.0
WheatHead 168.0 235.0 245.0 310.0
WheatHead 225.0 172.0 300.0 278.0
WheatHead 281.0 200.0 354.0 278.0
WheatHead 348.0 201.0 430.0 286.0
WheatHead 280.0 97.0 346.0 196.0
WheatHead 270.0 61.0 338.0 128.0
WheatHead 139.0 434.0 217.0 509.0
WheatHead 311.0 437.0 393.0 510.0
WheatHead 524.0 312.0 604.0 378.0
WheatHead 803.0 828.0 878.0 923.0
WheatHead 777.0 933.0 843.0 1006.0
WheatHead 633.0 885.0 721.0 940.0
WheatHead 640.0 951.0 713.0 1011.0
WheatHead 722.0 786.0 797.0 842.0
WheatHead 909.0 779.0 972.0 845.0
WheatHead 614.0 541.0 707.0 618.0
WheatHead 710.0 442.0 798.0 517.0
WheatHead 845.0 380.0 951.0 451.0
WheatHead 975.0 353.0 1024.0 429.0
WheatHead 911.0 331.0 995.0 398.0
WheatHead 943.0 435.0 1011.0 510.0
WheatHead 981.0 228.0 1024.0 301.0
WheatHead 745.0 247.0 822.0 346.0
WheatHead 825.0 229.0 897.0 312.0
WheatHead 819.0 105.0 897.0 194.0
WheatHead 653.0 163.0 715.0 261.0
WheatHead 729.0 175.0 818.0 239.0
WheatHead 903.0 3.0 1003.0 61.0
WheatHead 773.0 133.0 817.0 201.0
WheatHead 101.0 180.0 192.0 262.0
WheatHead 851.0 880.0 926.0 960.0
WheatHead 721.0 835.0 797.0 915.0
WheatHead 45.0 287.0 108.0 365.0
WheatHead 708.0 507.0 783.0 575.0
WheatHead 623.0 154.0 684.0 218.0
WheatHead 768.0 0.0 859.0 37.0
WheatHead 861.0 0.0 920.0 33.0
