WheatHead 211.0 87.0 282.0 158.0
WheatHead 276.0 106.0 346.0 210.0
WheatHead 58.0 352.0 134.0 424.0
WheatHead 6.0 416.0 74.0 513.0
WheatHead 318.0 332.0 417.0 405.0
WheatHead 397.0 218.0 464.0 302.0
WheatHead 445.0 262.0 568.0 324.0
WheatHead 386.0 600.0 499.0 703.0
WheatHead 302.0 751.0 413.0 805.0
WheatHead 433.0 728.0 557.0 804.0
WheatHead 576.0 854.0 636.0 938.0
WheatHead 756.0 987.0 841.0 1024.0
WheatHead 836.0 762.0 920.0 850.0
WheatHead 939.0 782.0 1019.0 854.0
WheatHead 917.0 710.0 1024.0 783.0
WheatHead 693.0 585.0 761.0 656.0
WheatHead 720.0 497.0 764.0 581.0
WheatHead 753.0 477.0 834.0 557.0
WheatHead 673.0 347.0 755.0 464.0
WheatHead 749.0 342.0 820.0 465.0
WheatHead 613.0 285.0 735.0 408.0
WheatHead 843.0 296.0 925.0 375.0
WheatHead 868.0 139.0 934.0 223.0
WheatHead 62.0 628.0 155.0 713.0
WheatHead 0.0 0.0 30.0 46.0
