WheatHead 500.0 0.0 592.0 75.0
WheatHead 244.0 94.0 340.0 194.0
WheatHead 499.0 112.0 581.0 261.0
WheatHead 384.0 259.0 513.0 337.0
WheatHead 301.0 315.0 416.0 437.0
WheatHead 87.0 446.0 196.0 521.0
WheatHead 455.0 536.0 532.0 609.0
WheatHead 239.0 566.0 403.0 657.0
WheatHead 248.0 676.0 403.0 777.0
WheatHead 69.0 709.0 191.0 768.0
WheatHead 580.0 624.0 747.0 721.0
WheatHead 540.0 715.0 682.0 816.0
WheatHead 666.0 758.0 749.0 841.0
WheatHead 831.0 598.0 983.0 691.0
WheatHead 106.0 770.0 176.0 836.0
WheatHead 0.0 742.0 81.0 811.0
WheatHead 424.0 888.0 590.0 993.0
WheatHead 893.0 921.0 950.0 1021.0
WheatHead 676.0 0.0 775.0 121.0
WheatHead 0.0 519.0 61.0 595.0
WheatHead 449.0 192.0 582.0 260.0
WheatHead 0.0 636.0 64.0 738.0
WheatHead 0.0 607.0 167.0 742.0
