WheatHead 159.0 29.0 228.0 79.0
WheatHead 78.0 118.0 137.0 228.0
WheatHead 165.0 153.0 243.0 215.0
WheatHead 167.0 205.0 268.0 291.0
WheatHead 0.0 175.0 64.0 235.0
WheatHead 0.0 497.0 45.0 593.0
WheatHead 22.0 467.0 98.0 518.0
WheatHead 114.0 418.0 202.0 493.0
WheatHead 49.0 325.0 116.0 397.0
WheatHead 388.0 129.0 499.0 197.0
WheatHead 343.0 86.0 419.0 169.0
WheatHead 800.0 0.0 927.0 22.0
WheatHead 570.0 49.0 654.0 175.0
WheatHead 575.0 150.0 671.0 215.0
WheatHead 680.0 144.0 755.0 261.0
WheatHead 658.0 48.0 733.0 100.0
WheatHead 783.0 186.0 848.0 253.0
WheatHead 894.0 253.0 976.0 332.0
WheatHead 428.0 350.0 549.0 419.0
WheatHead 544.0 481.0 636.0 561.0
WheatHead 867.0 580.0 968.0 645.0
WheatHead 672.0 647.0 777.0 716.0
WheatHead 307.0 624.0 423.0 720.0
WheatHead 194.0 539.0 288.0 610.0
WheatHead 159.0 843.0 228.0 931.0
WheatHead 337.0 716.0 426.0 762.0
WheatHead 664.0 716.0 777.0 773.0
WheatHead 722.0 748.0 843.0 815.0
WheatHead 639.0 854.0 761.0 926.0
WheatHead 791.0 804.0 904.0 866.0
WheatHead 847.0 866.0 929.0 920.0
WheatHead 800.0 938.0 892.0 1009.0
WheatHead 759.0 983.0 836.0 1024.0
WheatHead 556.0 972.0 624.0 1024.0
WheatHead 481.0 747.0 544.0 814.0
WheatHead 404.0 802.0 463.0 854.0
WheatHead 423.0 852.0 497.0 940.0
WheatHead 289.0 21.0 365.0 77.0
WheatHead 524.0 258.0 574.0 311.0
WheatHead 917.0 348.0 977.0 397.0
WheatHead 856.0 115.0 946.0 198.0
WheatHead 115.0 703.0 190.0 795.0
WheatHead 939.0 0.0 992.0 49.0
