WheatHead 0.0 8.0 54.0 92.0
WheatHead 363.0 292.0 475.0 362.0
WheatHead 835.0 58.0 890.0 140.0
WheatHead 615.0 113.0 670.0 189.0
WheatHead 675.0 907.0 727.0 996.0
WheatHead 546.0 421.0 607.0 501.0
WheatHead 832.0 371.0 887.0 461.0
WheatHead 602.0 750.0 643.0 821.0
WheatHead 488.0 729.0 529.0 804.0
WheatHead 300.0 640.0 411.0 727.0
WheatHead 742.0 288.0 794.0 350.0
WheatHead 28.0 307.0 122.0 390.0
WheatHead 199.0 49.0 268.0 114.0
WheatHead 0.0 602.0 70.0 681.0
WheatHead 987.0 383.0 1019.0 477.0
WheatHead 569.0 880.0 630.0 973.0
WheatHead 215.0 24.0 289.0 76.0
WheatHead 521.0 241.0 591.0 327.0
WheatHead 434.0 394.0 524.0 439.0
WheatHead 217.0 344.0 312.0 408.0
WheatHead 995.0 697.0 1024.0 765.0
WheatHead 318.0 361.0 389.0 415.0
WheatHead 989.0 279.0 1021.0 353.0
WheatHead 160.0 472.0 196.0 539.0
WheatHead 338.0 757.0 412.0 793.0
WheatHead 152.0 555.0 223.0 588.0
WheatHead 0.0 416.0 87.0 449.0
WheatHead 954.0 735.0 1019.0 776.0
WheatHead 339.0 95.0 398.0 148.0
WheatHead 0.0 128.0 24.0 166.0
WheatHead 713.0 809.0 799.0 858.0
WheatHead 413.0 742.0 494.0 782.0
WheatHead 45.0 133.0 147.0 161.0
WheatHead 757.0 0.0 797.0 43.0
WheatHead 656.0 43.0 723.0 98.0
WheatHead 760.0 755.0 787.0 819.0
WheatHead 918.0 759.0 948.0 813.0
WheatHead 0.0 359.0 31.0 417.0
WheatHead 607.0 327.0 744.0 439.0
WheatHead 163.0 178.0 222.0 212.0
WheatHead 633.0 6.0 675.0 106.0
WheatHead 864.0 169.0 956.0 195.0
WheatHead 0.0 988.0 76.0 1024.0
WheatHead 94.0 589.0 144.0 640.0
WheatHead 472.0 980.0 535.0 1006.0
WheatHead 101.0 667.0 144.0 723.0
WheatHead 998.0 148.0 1022.0 229.0
WheatHead 324.0 906.0 435.0 925.0
WheatHead 544.0 560.0 586.0 599.0
WheatHead 383.0 846.0 439.0 907.0
WheatHead 118.0 497.0 157.0 558.0
WheatHead 126.0 81.0 200.0 113.0
WheatHead 936.0 106.0 969.0 165.0
WheatHead 290.0 0.0 333.0 38.0
WheatHead 976.0 826.0 1013.0 858.0
WheatHead 554.0 274.0 649.0 382.0
WheatHead 390.0 535.0 474.0 573.0
WheatHead 778.0 978.0 856.0 999.0
WheatHead 203.0 791.0 377.0 861.0
WheatHead 969.0 1011.0 1018.0 1024.0
WheatHead 173.0 822.0 230.0 860.0
WheatHead 415.0 118.0 460.0 172.0
WheatHead 585.0 988.0 660.0 1011.0
WheatHead 390.0 522.0 449.0 547.0
WheatHead 831.0 742.0 872.0 782.0
WheatHead 385.0 729.0 460.0 752.0
WheatHead 356.0 697.0 439.0 727.0
WheatHead 219.0 526.0 254.0 563.0
