WheatHead 0.0 120.0 64.0 164.0
WheatHead 263.0 29.0 371.0 150.0
WheatHead 362.0 64.0 441.0 166.0
WheatHead 520.0 0.0 605.0 56.0
WheatHead 245.0 174.0 300.0 280.0
WheatHead 288.0 218.0 361.0 357.0
WheatHead 365.0 184.0 407.0 262.0
WheatHead 370.0 234.0 465.0 348.0
WheatHead 326.0 331.0 413.0 471.0
WheatHead 277.0 425.0 365.0 579.0
WheatHead 435.0 488.0 488.0 587.0
WheatHead 404.0 578.0 463.0 687.0
WheatHead 415.0 659.0 466.0 789.0
WheatHead 478.0 654.0 558.0 744.0
WheatHead 468.0 779.0 541.0 840.0
WheatHead 540.0 756.0 636.0 818.0
WheatHead 277.0 756.0 348.0 864.0
WheatHead 52.0 851.0 165.0 917.0
WheatHead 500.0 997.0 577.0 1024.0
WheatHead 51.0 562.0 76.0 630.0
WheatHead 60.0 381.0 140.0 507.0
WheatHead 102.0 386.0 213.0 504.0
WheatHead 317.0 454.0 382.0 600.0
WheatHead 243.0 580.0 287.0 635.0
WheatHead 529.0 859.0 593.0 908.0
WheatHead 574.0 193.0 629.0 315.0
WheatHead 525.0 262.0 565.0 335.0
WheatHead 400.0 341.0 446.0 407.0
WheatHead 492.0 403.0 521.0 456.0
WheatHead 588.0 299.0 680.0 387.0
WheatHead 672.0 296.0 792.0 390.0
WheatHead 919.0 282.0 983.0 390.0
WheatHead 857.0 166.0 960.0 311.0
WheatHead 746.0 66.0 832.0 238.0
WheatHead 716.0 20.0 806.0 228.0
WheatHead 723.0 68.0 769.0 139.0
WheatHead 663.0 85.0 717.0 134.0
WheatHead 806.0 28.0 853.0 104.0
WheatHead 863.0 0.0 960.0 139.0
WheatHead 958.0 110.0 1024.0 257.0
WheatHead 889.0 414.0 951.0 468.0
WheatHead 939.0 425.0 1024.0 557.0
WheatHead 934.0 545.0 993.0 629.0
WheatHead 981.0 546.0 1024.0 624.0
WheatHead 775.0 573.0 861.0 671.0
WheatHead 934.0 675.0 1024.0 752.0
WheatHead 820.0 740.0 892.0 822.0
WheatHead 909.0 800.0 993.0 869.0
WheatHead 950.0 861.0 1024.0 929.0
WheatHead 796.0 875.0 886.0 950.0
WheatHead 591.0 1002.0 723.0 1024.0
WheatHead 0.0 918.0 39.0 1024.0
WheatHead 0.0 592.0 22.0 693.0
WheatHead 0.0 483.0 32.0 557.0
WheatHead 706.0 676.0 789.0 759.0
WheatHead 692.0 596.0 778.0 705.0
WheatHead 624.0 766.0 706.0 850.0
WheatHead 690.0 444.0 750.0 516.0
WheatHead 659.0 196.0 689.0 231.0
