WheatHead 971.0 333.0 1024.0 451.0
WheatHead 870.0 171.0 1024.0 271.0
WheatHead 837.0 0.0 947.0 124.0
WheatHead 614.0 72.0 710.0 185.0
WheatHead 444.0 15.0 552.0 192.0
WheatHead 337.0 211.0 534.0 299.0
WheatHead 585.0 342.0 728.0 459.0
WheatHead 269.0 374.0 471.0 496.0
WheatHead 288.0 623.0 504.0 732.0
WheatHead 574.0 619.0 723.0 740.0
WheatHead 790.0 651.0 898.0 781.0
WheatHead 905.0 900.0 939.0 963.0
WheatHead 60.0 610.0 216.0 730.0
WheatHead 226.0 678.0 346.0 792.0
WheatHead 124.0 88.0 218.0 223.0
WheatHead 745.0 30.0 850.0 116.0
WheatHead 823.0 79.0 888.0 216.0
WheatHead 198.0 26.0 267.0 73.0
WheatHead 268.0 46.0 323.0 105.0
WheatHead 50.0 0.0 121.0 99.0
WheatHead 196.0 310.0 249.0 361.0
WheatHead 219.0 379.0 267.0 456.0
WheatHead 368.0 495.0 429.0 559.0
WheatHead 527.0 430.0 647.0 548.0
WheatHead 781.0 528.0 893.0 610.0
WheatHead 966.0 507.0 1024.0 584.0
WheatHead 853.0 486.0 922.0 539.0
WheatHead 947.0 691.0 990.0 741.0
WheatHead 513.0 811.0 695.0 879.0
WheatHead 378.0 740.0 462.0 842.0
WheatHead 0.0 767.0 62.0 893.0
WheatHead 245.0 945.0 330.0 1008.0
WheatHead 423.0 916.0 502.0 1015.0
WheatHead 23.0 982.0 142.0 1020.0
WheatHead 817.0 825.0 860.0 940.0
WheatHead 833.0 836.0 946.0 1001.0
WheatHead 450.0 593.0 576.0 675.0
WheatHead 737.0 290.0 877.0 512.0
WheatHead 663.0 186.0 797.0 315.0
