WheatHead 540.0 163.0 650.0 238.0
WheatHead 888.0 40.0 972.0 161.0
WheatHead 691.0 28.0 757.0 97.0
WheatHead 752.0 0.0 826.0 35.0
WheatHead 686.0 220.0 768.0 294.0
WheatHead 970.0 225.0 1024.0 309.0
WheatHead 826.0 926.0 921.0 1016.0
WheatHead 709.0 174.0 780.0 227.0
WheatHead 944.0 599.0 1018.0 670.0
WheatHead 719.0 92.0 778.0 143.0
WheatHead 709.0 409.0 803.0 476.0
WheatHead 867.0 322.0 947.0 399.0
WheatHead 808.0 806.0 893.0 911.0
WheatHead 898.0 778.0 1018.0 875.0
WheatHead 686.0 581.0 760.0 663.0
WheatHead 48.0 40.0 138.0 140.0
WheatHead 844.0 481.0 924.0 560.0
WheatHead 40.0 125.0 117.0 194.0
WheatHead 744.0 637.0 824.0 716.0
WheatHead 640.0 870.0 706.0 967.0
WheatHead 131.0 709.0 182.0 786.0
WheatHead 870.0 844.0 944.0 957.0
