WheatHead 898.0 307.0 1024.0 394.0
WheatHead 535.0 273.0 632.0 363.0
WheatHead 483.0 0.0 588.0 104.0
WheatHead 563.0 483.0 665.0 558.0
WheatHead 775.0 153.0 893.0 225.0
WheatHead 366.0 732.0 450.0 814.0
WheatHead 634.0 360.0 752.0 427.0
WheatHead 924.0 171.0 1024.0 243.0
WheatHead 760.0 929.0 901.0 1011.0
WheatHead 560.0 711.0 683.0 785.0
WheatHead 906.0 647.0 1024.0 727.0
WheatHead 686.0 770.0 837.0 849.0
WheatHead 468.0 488.0 552.0 563.0
WheatHead 497.0 902.0 605.0 982.0
WheatHead 716.0 432.0 844.0 494.0
WheatHead 765.0 263.0 903.0 314.0
WheatHead 655.0 0.0 788.0 35.0
WheatHead 399.0 593.0 519.0 663.0
WheatHead 665.0 954.0 770.0 1024.0
WheatHead 532.0 627.0 634.0 709.0
WheatHead 778.0 0.0 942.0 69.0
WheatHead 448.0 163.0 509.0 245.0
WheatHead 365.0 644.0 423.0 700.0
WheatHead 668.0 524.0 793.0 606.0
WheatHead 683.0 632.0 826.0 714.0
WheatHead 806.0 660.0 947.0 742.0
WheatHead 847.0 586.0 965.0 647.0
WheatHead 314.0 102.0 404.0 184.0
WheatHead 832.0 711.0 965.0 778.0
WheatHead 737.0 0.0 864.0 58.0
WheatHead 519.0 143.0 609.0 225.0
WheatHead 755.0 222.0 834.0 271.0
WheatHead 762.0 529.0 896.0 604.0
WheatHead 721.0 476.0 875.0 537.0
WheatHead 773.0 778.0 901.0 855.0
WheatHead 473.0 665.0 550.0 732.0
WheatHead 264.0 976.0 441.0 1024.0
WheatHead 445.0 988.0 522.0 1024.0
WheatHead 538.0 962.0 645.0 1023.0
