WheatHead 929.0 445.0 1021.0 524.0
WheatHead 407.0 486.0 486.0 576.0
WheatHead 601.0 112.0 693.0 189.0
WheatHead 465.0 125.0 542.0 197.0
WheatHead 674.0 914.0 758.0 1023.0
WheatHead 15.0 23.0 89.0 102.0
WheatHead 266.0 107.0 350.0 189.0
WheatHead 744.0 842.0 832.0 942.0
WheatHead 432.0 279.0 547.0 373.0
WheatHead 875.0 373.0 967.0 450.0
WheatHead 680.0 189.0 770.0 253.0
WheatHead 734.0 122.0 824.0 192.0
WheatHead 588.0 483.0 688.0 565.0
WheatHead 942.0 112.0 1024.0 189.0
WheatHead 852.0 913.0 939.0 995.0
WheatHead 535.0 890.0 616.0 977.0
WheatHead 271.0 399.0 340.0 535.0
WheatHead 94.0 148.0 225.0 245.0
WheatHead 289.0 724.0 363.0 839.0
WheatHead 934.0 801.0 1024.0 880.0
WheatHead 545.0 33.0 622.0 107.0
WheatHead 220.0 294.0 291.0 371.0
WheatHead 657.0 304.0 739.0 389.0
WheatHead 686.0 727.0 778.0 821.0
WheatHead 719.0 591.0 788.0 701.0
WheatHead 156.0 0.0 230.0 53.0
WheatHead 716.0 5.0 808.0 76.0
WheatHead 596.0 732.0 669.0 817.0
WheatHead 944.0 207.0 1024.0 279.0
WheatHead 361.0 0.0 439.0 39.0
WheatHead 519.0 642.0 596.0 742.0
WheatHead 15.0 547.0 104.0 634.0
WheatHead 744.0 0.0 906.0 2.0
WheatHead 798.0 622.0 885.0 698.0
WheatHead 145.0 401.0 220.0 478.0
WheatHead 355.0 94.0 424.0 153.0
WheatHead 345.0 422.0 422.0 509.0
WheatHead 837.0 0.0 911.0 40.0
WheatHead 744.0 309.0 870.0 386.0
WheatHead 232.0 744.0 294.0 860.0
WheatHead 565.0 232.0 647.0 312.0
WheatHead 867.0 744.0 967.0 837.0
WheatHead 729.0 353.0 811.0 424.0
WheatHead 2.0 220.0 92.0 312.0
WheatHead 2.0 401.0 69.0 496.0
WheatHead 584.0 786.0 637.0 857.0
WheatHead 651.0 577.0 708.0 661.0
