WheatHead 181.0 414.0 268.0 509.0
WheatHead 0.0 261.0 138.0 407.0
WheatHead 0.0 407.0 61.0 509.0
WheatHead 509.0 174.0 719.0 266.0
WheatHead 686.0 770.0 842.0 855.0
WheatHead 0.0 652.0 71.0 750.0
WheatHead 404.0 878.0 560.0 965.0
WheatHead 314.0 954.0 394.0 1024.0
WheatHead 230.0 299.0 332.0 414.0
WheatHead 791.0 69.0 898.0 134.0
WheatHead 821.0 337.0 949.0 432.0
WheatHead 637.0 279.0 801.0 412.0
WheatHead 719.0 893.0 872.0 960.0
WheatHead 376.0 491.0 578.0 629.0
WheatHead 865.0 225.0 960.0 332.0
WheatHead 343.0 199.0 422.0 294.0
WheatHead 632.0 952.0 811.0 1021.0
WheatHead 918.0 474.0 1024.0 558.0
WheatHead 514.0 276.0 709.0 353.0
WheatHead 258.0 20.0 350.0 125.0
WheatHead 540.0 657.0 714.0 768.0
WheatHead 289.0 670.0 369.0 750.0
WheatHead 179.0 48.0 256.0 204.0
WheatHead 444.0 366.0 660.0 469.0
WheatHead 443.0 815.0 574.0 876.0
WheatHead 524.0 535.0 637.0 619.0
WheatHead 299.0 307.0 435.0 401.0
WheatHead 506.0 458.0 647.0 522.0
WheatHead 256.0 376.0 391.0 448.0
WheatHead 151.0 2.0 286.0 79.0
WheatHead 513.0 813.0 615.0 866.0
WheatHead 0.0 565.0 53.0 668.0
WheatHead 197.0 250.0 325.0 373.0
WheatHead 314.0 153.0 389.0 271.0
WheatHead 893.0 591.0 1021.0 657.0
WheatHead 232.0 628.0 325.0 695.0
