WheatHead 581.0 345.0 755.0 435.0
WheatHead 74.0 284.0 171.0 355.0
WheatHead 634.0 130.0 762.0 194.0
WheatHead 212.0 629.0 322.0 739.0
WheatHead 752.0 186.0 977.0 263.0
WheatHead 1.0 564.0 80.0 710.0
WheatHead 56.0 488.0 163.0 540.0
WheatHead 104.0 660.0 194.0 762.0
WheatHead 0.0 790.0 74.0 879.0
WheatHead 168.0 12.0 248.0 76.0
WheatHead 128.0 125.0 204.0 220.0
WheatHead 304.0 714.0 409.0 832.0
WheatHead 401.0 363.0 550.0 424.0
WheatHead 286.0 120.0 414.0 176.0
WheatHead 693.0 760.0 834.0 901.0
WheatHead 284.0 488.0 435.0 709.0
WheatHead 419.0 491.0 555.0 576.0
WheatHead 338.0 391.0 474.0 465.0
WheatHead 821.0 404.0 1024.0 483.0
WheatHead 0.0 432.0 74.0 504.0
WheatHead 844.0 481.0 1000.0 609.0
WheatHead 824.0 593.0 988.0 655.0
WheatHead 632.0 908.0 824.0 1013.0
WheatHead 192.0 704.0 366.0 888.0
WheatHead 627.0 184.0 678.0 253.0
WheatHead 46.0 872.0 194.0 1002.0
WheatHead 399.0 174.0 453.0 243.0
WheatHead 424.0 276.0 473.0 363.0
WheatHead 202.0 834.0 348.0 947.0
WheatHead 760.0 599.0 888.0 686.0
WheatHead 629.0 573.0 693.0 652.0
WheatHead 729.0 465.0 801.0 593.0
WheatHead 734.0 64.0 826.0 135.0
WheatHead 30.0 40.0 84.0 117.0
WheatHead 652.0 25.0 739.0 97.0
WheatHead 660.0 652.0 711.0 711.0
WheatHead 287.0 143.0 387.0 309.0
WheatHead 835.0 368.0 996.0 422.0
WheatHead 798.0 312.0 970.0 373.0
WheatHead 3.0 416.0 56.0 462.0
WheatHead 381.0 547.0 517.0 616.0
WheatHead 30.0 701.0 81.0 773.0
WheatHead 811.0 704.0 952.0 778.0
WheatHead 875.0 35.0 965.0 115.0
WheatHead 122.0 775.0 171.0 834.0
WheatHead 862.0 263.0 954.0 353.0
WheatHead 660.0 463.0 721.0 535.0
WheatHead 153.0 107.0 248.0 156.0
WheatHead 129.0 872.0 194.0 931.0
WheatHead 947.0 0.0 1024.0 59.0
WheatHead 517.0 496.0 568.0 601.0
WheatHead 593.0 512.0 650.0 568.0
WheatHead 696.0 519.0 785.0 704.0
WheatHead 801.0 657.0 883.0 860.0
WheatHead 212.0 842.0 263.0 906.0
WheatHead 302.0 762.0 378.0 855.0
WheatHead 957.0 261.0 1024.0 327.0
WheatHead 151.0 950.0 256.0 1024.0
WheatHead 885.0 69.0 1024.0 115.0
WheatHead 965.0 344.0 1024.0 430.0
WheatHead 691.0 0.0 875.0 19.0
