WheatHead 6.0 542.0 96.0 631.0
WheatHead 67.0 677.0 196.0 802.0
WheatHead 743.0 293.0 808.0 341.0
WheatHead 13.0 326.0 103.0 527.0
WheatHead 141.0 552.0 231.0 638.0
WheatHead 168.0 172.0 373.0 340.0
WheatHead 3.0 481.0 130.0 588.0
WheatHead 421.0 23.0 638.0 186.0
WheatHead 444.0 6.0 689.0 112.0
WheatHead 2.0 714.0 112.0 851.0
WheatHead 338.0 268.0 489.0 374.0
WheatHead 872.0 933.0 962.0 1008.0
WheatHead 256.0 949.0 455.0 1024.0
WheatHead 214.0 510.0 373.0 629.0
WheatHead 0.0 30.0 109.0 119.0
WheatHead 602.0 879.0 706.0 968.0
WheatHead 148.0 835.0 237.0 1024.0
WheatHead 450.0 441.0 652.0 493.0
WheatHead 672.0 720.0 775.0 766.0
WheatHead 453.0 617.0 561.0 661.0
WheatHead 5.0 636.0 76.0 682.0
