WheatHead 183.0 62.0 279.0 159.0
WheatHead 238.0 139.0 356.0 206.0
WheatHead 128.0 212.0 228.0 273.0
WheatHead 104.0 314.0 188.0 422.0
WheatHead 197.0 409.0 424.0 508.0
WheatHead 504.0 234.0 590.0 360.0
WheatHead 653.0 198.0 787.0 338.0
WheatHead 647.0 318.0 864.0 476.0
WheatHead 858.0 200.0 941.0 354.0
WheatHead 889.0 125.0 1024.0 220.0
WheatHead 961.0 281.0 1024.0 334.0
WheatHead 1002.0 318.0 1024.0 384.0
WheatHead 930.0 369.0 1024.0 486.0
WheatHead 583.0 5.0 740.0 107.0
WheatHead 13.0 0.0 141.0 70.0
WheatHead 883.0 0.0 1019.0 117.0
WheatHead 992.0 681.0 1024.0 752.0
WheatHead 679.0 516.0 828.0 644.0
WheatHead 472.0 518.0 545.0 582.0
WheatHead 352.0 708.0 501.0 863.0
WheatHead 328.0 819.0 427.0 927.0
WheatHead 176.0 716.0 325.0 808.0
WheatHead 529.0 848.0 642.0 1021.0
WheatHead 902.0 738.0 966.0 850.0
WheatHead 330.0 0.0 419.0 71.0
WheatHead 343.0 416.0 459.0 545.0
WheatHead 615.0 0.0 706.0 126.0
