WheatHead 860.0 40.0 944.0 128.0
WheatHead 757.0 434.0 835.0 501.0
WheatHead 300.0 708.0 363.0 817.0
WheatHead 391.0 408.0 450.0 496.0
WheatHead 312.0 566.0 378.0 645.0
WheatHead 451.0 449.0 527.0 517.0
WheatHead 268.0 794.0 346.0 897.0
WheatHead 959.0 565.0 1024.0 626.0
WheatHead 479.0 174.0 606.0 233.0
WheatHead 595.0 540.0 689.0 595.0
WheatHead 925.0 30.0 1000.0 109.0
WheatHead 219.0 723.0 292.0 783.0
WheatHead 667.0 438.0 740.0 531.0
WheatHead 749.0 603.0 835.0 655.0
WheatHead 170.0 431.0 266.0 503.0
WheatHead 826.0 507.0 875.0 591.0
WheatHead 81.0 509.0 162.0 588.0
WheatHead 588.0 240.0 636.0 327.0
WheatHead 1.0 180.0 39.0 270.0
WheatHead 791.0 397.0 846.0 483.0
WheatHead 856.0 311.0 894.0 443.0
WheatHead 974.0 96.0 1024.0 203.0
WheatHead 162.0 139.0 237.0 184.0
WheatHead 569.0 561.0 653.0 604.0
WheatHead 946.0 346.0 1024.0 484.0
WheatHead 83.0 322.0 193.0 425.0
WheatHead 148.0 828.0 199.0 895.0
WheatHead 749.0 451.0 813.0 517.0
WheatHead 334.0 363.0 398.0 410.0
WheatHead 606.0 456.0 664.0 506.0
WheatHead 961.0 110.0 1024.0 211.0
WheatHead 775.0 838.0 843.0 901.0
WheatHead 315.0 974.0 370.0 1000.0
WheatHead 883.0 532.0 962.0 576.0
WheatHead 582.0 548.0 673.0 600.0
WheatHead 9.0 749.0 68.0 806.0
WheatHead 266.0 503.0 334.0 577.0
WheatHead 679.0 136.0 753.0 235.0
WheatHead 669.0 752.0 734.0 790.0
WheatHead 861.0 476.0 920.0 533.0
WheatHead 438.0 28.0 472.0 178.0
WheatHead 931.0 394.0 989.0 453.0
WheatHead 755.0 518.0 809.0 573.0
WheatHead 675.0 546.0 735.0 603.0
WheatHead 165.0 981.0 204.0 1024.0
WheatHead 634.0 70.0 692.0 90.0
WheatHead 329.0 724.0 389.0 780.0
WheatHead 740.0 481.0 768.0 547.0
WheatHead 441.0 872.0 494.0 909.0
WheatHead 811.0 582.0 868.0 623.0
WheatHead 346.0 328.0 394.0 362.0
WheatHead 625.0 528.0 674.0 554.0
WheatHead 552.0 940.0 630.0 1010.0
WheatHead 137.0 463.0 228.0 536.0
WheatHead 606.0 604.0 682.0 638.0
WheatHead 6.0 320.0 49.0 383.0
WheatHead 89.0 654.0 165.0 713.0
WheatHead 842.0 857.0 897.0 903.0
