WheatHead 879.0 580.0 967.0 671.0
WheatHead 823.0 665.0 892.0 729.0
WheatHead 873.0 746.0 941.0 808.0
WheatHead 785.0 747.0 855.0 822.0
WheatHead 673.0 709.0 773.0 815.0
WheatHead 707.0 657.0 780.0 706.0
WheatHead 597.0 512.0 677.0 589.0
WheatHead 702.0 448.0 777.0 541.0
WheatHead 672.0 307.0 778.0 411.0
WheatHead 873.0 219.0 955.0 292.0
WheatHead 811.0 103.0 897.0 205.0
WheatHead 501.0 519.0 590.0 606.0
WheatHead 456.0 414.0 539.0 507.0
WheatHead 500.0 384.0 576.0 441.0
WheatHead 153.0 468.0 350.0 548.0
WheatHead 286.0 607.0 430.0 690.0
WheatHead 407.0 585.0 501.0 643.0
WheatHead 122.0 616.0 266.0 721.0
WheatHead 67.0 550.0 137.0 615.0
WheatHead 37.0 485.0 97.0 565.0
WheatHead 0.0 211.0 89.0 302.0
WheatHead 0.0 83.0 89.0 202.0
WheatHead 37.0 10.0 172.0 112.0
WheatHead 120.0 0.0 221.0 56.0
WheatHead 224.0 0.0 284.0 63.0
WheatHead 146.0 94.0 213.0 179.0
WheatHead 344.0 191.0 438.0 264.0
WheatHead 393.0 295.0 515.0 370.0
WheatHead 557.0 120.0 639.0 191.0
WheatHead 522.0 21.0 609.0 116.0
WheatHead 606.0 188.0 738.0 295.0
WheatHead 415.0 90.0 497.0 161.0
WheatHead 301.0 0.0 382.0 107.0
WheatHead 249.0 21.0 322.0 165.0
WheatHead 511.0 922.0 600.0 1023.0
WheatHead 833.0 960.0 908.0 1024.0
WheatHead 175.0 209.0 227.0 273.0
WheatHead 72.0 423.0 152.0 482.0
WheatHead 358.0 586.0 427.0 650.0
WheatHead 610.0 681.0 688.0 740.0
WheatHead 661.0 555.0 725.0 613.0
WheatHead 925.0 235.0 980.0 294.0
WheatHead 886.0 300.0 960.0 364.0
