WheatHead 70.0 43.0 134.0 118.0
WheatHead 0.0 137.0 61.0 206.0
WheatHead 97.0 364.0 186.0 507.0
WheatHead 124.0 715.0 198.0 785.0
WheatHead 203.0 960.0 259.0 1024.0
WheatHead 96.0 841.0 153.0 910.0
WheatHead 46.0 962.0 108.0 1024.0
WheatHead 257.0 499.0 317.0 590.0
WheatHead 41.0 611.0 128.0 674.0
WheatHead 352.0 926.0 435.0 994.0
WheatHead 373.0 888.0 476.0 969.0
WheatHead 534.0 758.0 634.0 897.0
WheatHead 595.0 476.0 685.0 589.0
WheatHead 941.0 425.0 1024.0 526.0
WheatHead 740.0 930.0 817.0 1024.0
WheatHead 824.0 913.0 901.0 1018.0
WheatHead 817.0 719.0 896.0 811.0
WheatHead 969.0 939.0 1024.0 1007.0
WheatHead 655.0 877.0 702.0 950.0
WheatHead 521.0 393.0 723.0 454.0
WheatHead 561.0 323.0 798.0 393.0
WheatHead 328.0 513.0 374.0 594.0
WheatHead 877.0 572.0 926.0 666.0
WheatHead 982.0 627.0 1024.0 685.0
WheatHead 887.0 314.0 964.0 406.0
WheatHead 320.0 312.0 390.0 344.0
WheatHead 223.0 264.0 275.0 314.0
WheatHead 337.0 50.0 417.0 101.0
WheatHead 980.0 39.0 1024.0 137.0
WheatHead 806.0 819.0 840.0 902.0
WheatHead 271.0 99.0 303.0 124.0
