WheatHead 980.0 250.0 1024.0 335.0
WheatHead 58.0 808.0 199.0 903.0
WheatHead 673.0 954.0 857.0 1024.0
WheatHead 638.0 435.0 758.0 545.0
WheatHead 686.0 271.0 768.0 350.0
WheatHead 798.0 496.0 924.0 673.0
WheatHead 768.0 824.0 849.0 962.0
WheatHead 708.0 361.0 811.0 433.0
WheatHead 911.0 488.0 1024.0 619.0
WheatHead 109.0 360.0 309.0 514.0
WheatHead 376.0 99.0 460.0 197.0
WheatHead 486.0 570.0 578.0 711.0
WheatHead 112.0 942.0 179.0 1024.0
WheatHead 655.0 880.0 714.0 965.0
WheatHead 709.0 9.0 837.0 116.0
WheatHead 430.0 714.0 486.0 768.0
WheatHead 445.0 481.0 535.0 558.0
WheatHead 527.0 122.0 593.0 245.0
WheatHead 512.0 540.0 624.0 601.0
WheatHead 529.0 737.0 642.0 819.0
WheatHead 686.0 107.0 783.0 202.0
WheatHead 668.0 560.0 734.0 665.0
WheatHead 445.0 289.0 527.0 435.0
WheatHead 355.0 399.0 450.0 445.0
WheatHead 5.0 335.0 104.0 414.0
WheatHead 931.0 353.0 980.0 394.0
WheatHead 189.0 202.0 261.0 279.0
WheatHead 652.0 729.0 716.0 775.0
WheatHead 309.0 5.0 391.0 64.0
WheatHead 593.0 829.0 680.0 896.0
WheatHead 317.0 238.0 581.0 320.0
WheatHead 412.0 168.0 483.0 240.0
WheatHead 263.0 89.0 378.0 194.0
WheatHead 199.0 130.0 337.0 207.0
WheatHead 519.0 762.0 614.0 908.0
WheatHead 2.0 944.0 66.0 1011.0
WheatHead 785.0 222.0 839.0 273.0
WheatHead 896.0 560.0 960.0 632.0
WheatHead 76.0 40.0 140.0 110.0
WheatHead 104.0 665.0 161.0 729.0
WheatHead 10.0 2.0 76.0 110.0
WheatHead 640.0 345.0 704.0 389.0
WheatHead 640.0 765.0 693.0 834.0
WheatHead 2.0 829.0 53.0 926.0
WheatHead 61.0 2.0 176.0 43.0
WheatHead 2.0 227.0 69.0 343.0
WheatHead 158.0 81.0 227.0 166.0
WheatHead 2.0 476.0 46.0 555.0
WheatHead 104.0 302.0 168.0 396.0
WheatHead 821.0 2.0 878.0 35.0
WheatHead 731.0 9.0 785.0 63.0
WheatHead 488.0 194.0 547.0 253.0
WheatHead 363.0 314.0 417.0 391.0
WheatHead 435.0 417.0 504.0 565.0
WheatHead 719.0 547.0 773.0 604.0
WheatHead 734.0 504.0 778.0 568.0
WheatHead 665.0 688.0 724.0 744.0
WheatHead 128.0 924.0 194.0 983.0
WheatHead 70.0 548.0 183.0 618.0
WheatHead 43.0 448.0 120.0 547.0
WheatHead 128.0 33.0 176.0 112.0
WheatHead 665.0 374.0 709.0 546.0
