WheatHead 317.0 430.0 437.0 522.0
WheatHead 296.0 104.0 396.0 232.0
WheatHead 0.0 760.0 69.0 834.0
WheatHead 312.0 366.0 396.0 430.0
WheatHead 225.0 322.0 304.0 376.0
WheatHead 348.0 586.0 560.0 727.0
WheatHead 0.0 896.0 40.0 985.0
WheatHead 463.0 0.0 645.0 57.0
WheatHead 179.0 473.0 384.0 550.0
WheatHead 58.0 757.0 166.0 824.0
WheatHead 258.0 857.0 442.0 1024.0
WheatHead 0.0 225.0 104.0 325.0
WheatHead 586.0 819.0 790.0 988.0
WheatHead 714.0 760.0 783.0 862.0
WheatHead 716.0 0.0 1000.0 66.0
WheatHead 847.0 785.0 1024.0 860.0
WheatHead 688.0 153.0 814.0 430.0
WheatHead 31.0 393.0 77.0 465.0
WheatHead 0.0 585.0 194.0 738.0
WheatHead 545.0 358.0 752.0 506.0
WheatHead 154.0 947.0 245.0 1023.0
WheatHead 0.0 110.0 166.0 220.0
WheatHead 860.0 463.0 947.0 727.0
WheatHead 535.0 225.0 650.0 419.0
WheatHead 49.0 0.0 239.0 229.0
WheatHead 641.0 30.0 775.0 108.0
WheatHead 442.0 704.0 506.0 808.0
WheatHead 640.0 512.0 714.0 750.0
WheatHead 512.0 901.0 583.0 1021.0
WheatHead 499.0 547.0 570.0 660.0
WheatHead 647.0 611.0 747.0 709.0
WheatHead 76.0 0.0 153.0 81.0
WheatHead 658.0 955.0 758.0 1024.0
WheatHead 763.0 911.0 989.0 1024.0
WheatHead 856.0 866.0 1024.0 928.0
WheatHead 0.0 563.0 128.0 637.0
WheatHead 954.0 108.0 1013.0 172.0
WheatHead 629.0 296.0 944.0 373.0
WheatHead 770.0 258.0 965.0 320.0
WheatHead 256.0 824.0 453.0 949.0
WheatHead 161.0 522.0 368.0 591.0
WheatHead 384.0 378.0 448.0 481.0
WheatHead 468.0 376.0 757.0 435.0
WheatHead 0.0 217.0 120.0 281.0
WheatHead 163.0 38.0 245.0 92.0
WheatHead 598.0 69.0 859.0 133.0
WheatHead 566.0 0.0 678.0 115.0
WheatHead 752.0 345.0 1021.0 432.0
WheatHead 755.0 499.0 811.0 583.0
WheatHead 954.0 660.0 1024.0 734.0
WheatHead 952.0 729.0 1024.0 801.0
