WheatHead 0.0 161.0 87.0 245.0
WheatHead 284.0 619.0 435.0 688.0
WheatHead 153.0 79.0 258.0 158.0
WheatHead 422.0 204.0 578.0 294.0
WheatHead 12.0 253.0 148.0 327.0
WheatHead 391.0 675.0 519.0 762.0
WheatHead 337.0 465.0 476.0 542.0
WheatHead 135.0 673.0 276.0 765.0
WheatHead 122.0 401.0 227.0 491.0
WheatHead 340.0 125.0 514.0 197.0
WheatHead 0.0 668.0 53.0 742.0
WheatHead 43.0 934.0 148.0 1011.0
WheatHead 386.0 392.0 588.0 469.0
WheatHead 0.0 1021.0 107.0 1024.0
WheatHead 245.0 204.0 386.0 312.0
WheatHead 0.0 547.0 104.0 624.0
WheatHead 394.0 0.0 510.0 67.0
WheatHead 112.0 806.0 279.0 880.0
WheatHead 346.0 326.0 497.0 403.0
WheatHead 0.0 58.0 102.0 145.0
WheatHead 161.0 867.0 371.0 939.0
WheatHead 5.0 337.0 84.0 414.0
WheatHead 61.0 845.0 112.0 904.0
WheatHead 33.0 386.0 112.0 476.0
WheatHead 76.0 2.0 192.0 61.0
WheatHead 112.0 629.0 222.0 696.0
WheatHead 197.0 176.0 396.0 240.0
WheatHead 427.0 84.0 614.0 163.0
WheatHead 222.0 2.0 391.0 71.0
