WheatHead 18.0 430.0 95.0 571.0
WheatHead 606.0 0.0 686.0 81.0
WheatHead 643.0 132.0 745.0 196.0
WheatHead 493.0 137.0 546.0 193.0
WheatHead 339.0 200.0 406.0 265.0
WheatHead 454.0 252.0 532.0 327.0
WheatHead 576.0 294.0 694.0 393.0
WheatHead 888.0 292.0 978.0 363.0
WheatHead 889.0 158.0 978.0 246.0
WheatHead 114.0 128.0 191.0 191.0
WheatHead 195.0 336.0 258.0 396.0
WheatHead 61.0 301.0 138.0 393.0
WheatHead 195.0 247.0 300.0 343.0
WheatHead 81.0 496.0 212.0 559.0
WheatHead 115.0 404.0 227.0 485.0
WheatHead 275.0 440.0 346.0 509.0
WheatHead 459.0 455.0 511.0 509.0
WheatHead 433.0 475.0 525.0 610.0
WheatHead 581.0 545.0 654.0 645.0
WheatHead 752.0 429.0 820.0 515.0
WheatHead 856.0 487.0 1002.0 561.0
WheatHead 901.0 363.0 1005.0 458.0
WheatHead 182.0 639.0 250.0 763.0
WheatHead 245.0 653.0 373.0 805.0
WheatHead 286.0 735.0 403.0 876.0
WheatHead 384.0 833.0 466.0 935.0
WheatHead 442.0 860.0 505.0 968.0
WheatHead 504.0 783.0 585.0 916.0
WheatHead 602.0 806.0 683.0 925.0
WheatHead 747.0 785.0 832.0 882.0
WheatHead 826.0 955.0 908.0 1024.0
WheatHead 839.0 931.0 925.0 1024.0
WheatHead 960.0 838.0 1024.0 944.0
WheatHead 884.0 847.0 964.0 960.0
WheatHead 138.0 783.0 250.0 888.0
WheatHead 0.0 902.0 47.0 1015.0
WheatHead 0.0 814.0 62.0 881.0
WheatHead 692.0 988.0 781.0 1023.0
WheatHead 834.0 736.0 897.0 806.0
WheatHead 774.0 571.0 858.0 627.0
WheatHead 743.0 72.0 803.0 116.0
WheatHead 418.0 0.0 487.0 68.0
WheatHead 4.0 273.0 122.0 343.0
WheatHead 164.0 371.0 268.0 467.0
WheatHead 139.0 963.0 217.0 1021.0
WheatHead 948.0 490.0 1017.0 564.0
WheatHead 338.0 529.0 425.0 590.0
WheatHead 12.0 549.0 88.0 602.0
WheatHead 331.0 939.0 403.0 996.0
