WheatHead 20.0 671.0 70.0 776.0
WheatHead 81.0 954.0 154.0 1024.0
WheatHead 438.0 726.0 505.0 808.0
WheatHead 4.0 47.0 58.0 129.0
WheatHead 266.0 36.0 315.0 136.0
WheatHead 143.0 303.0 188.0 386.0
WheatHead 86.0 23.0 177.0 116.0
WheatHead 735.0 282.0 774.0 389.0
WheatHead 778.0 776.0 845.0 849.0
WheatHead 361.0 76.0 409.0 154.0
WheatHead 574.0 0.0 625.0 76.0
WheatHead 734.0 598.0 802.0 690.0
WheatHead 578.0 45.0 619.0 135.0
WheatHead 555.0 734.0 595.0 824.0
WheatHead 918.0 386.0 957.0 462.0
WheatHead 9.0 607.0 79.0 689.0
WheatHead 577.0 135.0 622.0 214.0
WheatHead 895.0 36.0 939.0 117.0
WheatHead 225.0 43.0 268.0 139.0
WheatHead 219.0 333.0 264.0 404.0
WheatHead 592.0 380.0 628.0 471.0
WheatHead 320.0 783.0 383.0 856.0
WheatHead 189.0 641.0 218.0 727.0
WheatHead 174.0 419.0 225.0 481.0
WheatHead 438.0 125.0 473.0 210.0
WheatHead 612.0 7.0 685.0 120.0
WheatHead 469.0 834.0 502.0 928.0
WheatHead 646.0 902.0 685.0 1013.0
WheatHead 260.0 425.0 296.0 502.0
WheatHead 465.0 621.0 503.0 711.0
WheatHead 333.0 107.0 363.0 166.0
WheatHead 820.0 6.0 866.0 77.0
WheatHead 312.0 260.0 387.0 301.0
WheatHead 393.0 978.0 441.0 1022.0
WheatHead 928.0 125.0 954.0 192.0
WheatHead 695.0 722.0 739.0 799.0
WheatHead 843.0 732.0 897.0 809.0
WheatHead 712.0 401.0 746.0 483.0
WheatHead 419.0 90.0 487.0 148.0
WheatHead 247.0 804.0 283.0 880.0
WheatHead 623.0 427.0 660.0 495.0
WheatHead 968.0 356.0 998.0 430.0
WheatHead 703.0 674.0 745.0 742.0
WheatHead 735.0 47.0 780.0 134.0
WheatHead 36.0 143.0 87.0 197.0
WheatHead 876.0 735.0 918.0 812.0
WheatHead 200.0 856.0 252.0 910.0
WheatHead 819.0 267.0 846.0 326.0
WheatHead 102.0 636.0 155.0 756.0
WheatHead 492.0 64.0 528.0 140.0
WheatHead 87.0 626.0 145.0 677.0
WheatHead 611.0 618.0 661.0 734.0
WheatHead 561.0 137.0 591.0 218.0
WheatHead 993.0 465.0 1024.0 528.0
WheatHead 944.0 499.0 987.0 561.0
WheatHead 734.0 466.0 809.0 514.0
WheatHead 281.0 993.0 348.0 1024.0
WheatHead 152.0 976.0 184.0 1024.0
WheatHead 421.0 604.0 464.0 660.0
WheatHead 830.0 191.0 897.0 221.0
WheatHead 178.0 1000.0 230.0 1024.0
WheatHead 415.0 794.0 460.0 841.0
WheatHead 835.0 713.0 871.0 769.0
WheatHead 948.0 0.0 978.0 31.0
WheatHead 366.0 432.0 446.0 483.0
WheatHead 107.0 739.0 184.0 822.0
WheatHead 955.0 447.0 991.0 487.0
WheatHead 237.0 811.0 273.0 879.0
WheatHead 228.0 563.0 269.0 640.0
