WheatHead 212.0 498.0 279.0 593.0
WheatHead 633.0 418.0 732.0 487.0
WheatHead 714.0 237.0 776.0 324.0
WheatHead 251.0 800.0 375.0 902.0
WheatHead 565.0 464.0 659.0 524.0
WheatHead 23.0 820.0 139.0 879.0
WheatHead 481.0 505.0 557.0 555.0
WheatHead 64.0 191.0 126.0 238.0
WheatHead 566.0 352.0 652.0 397.0
WheatHead 19.0 264.0 167.0 327.0
WheatHead 58.0 128.0 117.0 174.0
WheatHead 483.0 350.0 573.0 398.0
WheatHead 572.0 947.0 652.0 991.0
WheatHead 824.0 628.0 896.0 684.0
WheatHead 39.0 581.0 129.0 632.0
WheatHead 450.0 251.0 505.0 311.0
WheatHead 243.0 712.0 299.0 753.0
WheatHead 174.0 887.0 281.0 920.0
WheatHead 83.0 653.0 173.0 679.0
WheatHead 613.0 61.0 673.0 98.0
WheatHead 767.0 449.0 820.0 487.0
WheatHead 887.0 270.0 996.0 304.0
WheatHead 38.0 676.0 193.0 738.0
WheatHead 105.0 412.0 169.0 458.0
WheatHead 764.0 0.0 827.0 43.0
WheatHead 769.0 332.0 875.0 398.0
WheatHead 651.0 1003.0 724.0 1024.0
WheatHead 962.0 861.0 1024.0 913.0
WheatHead 531.0 621.0 583.0 653.0
WheatHead 714.0 977.0 760.0 1022.0
WheatHead 916.0 643.0 977.0 673.0
WheatHead 0.0 968.0 81.0 989.0
WheatHead 121.0 601.0 209.0 636.0
WheatHead 635.0 773.0 728.0 815.0
WheatHead 16.0 890.0 107.0 921.0
WheatHead 288.0 195.0 394.0 237.0
WheatHead 415.0 957.0 464.0 1003.0
WheatHead 992.0 667.0 1024.0 719.0
WheatHead 618.0 663.0 703.0 690.0
WheatHead 604.0 86.0 674.0 113.0
WheatHead 484.0 527.0 550.0 570.0
WheatHead 13.0 913.0 98.0 959.0
WheatHead 626.0 731.0 699.0 772.0
WheatHead 858.0 667.0 928.0 689.0
WheatHead 700.0 540.0 763.0 580.0
WheatHead 222.0 27.0 309.0 76.0
WheatHead 312.0 464.0 365.0 490.0
WheatHead 849.2000122070312 213.5 913.2999877929688 251.10000610351562
WheatHead 517.0 921.0 581.0 965.0
WheatHead 922.0 679.0 960.0 715.0
WheatHead 258.0 323.0 321.0 366.0
WheatHead 0.0 383.0 43.0 427.0
WheatHead 992.0 128.0 1024.0 184.0
WheatHead 27.0 842.0 122.0 888.0
WheatHead 528.0 587.0 578.0 632.0
WheatHead 519.0 484.0 673.0 587.0
WheatHead 826.0 598.0 960.0 646.0
WheatHead 202.0 8.0 248.0 49.0
