WheatHead 1.0 310.0 69.0 379.0
WheatHead 0.0 451.0 135.0 627.0
WheatHead 183.0 393.0 264.0 487.0
WheatHead 196.0 495.0 264.0 561.0
WheatHead 82.0 695.0 188.0 759.0
WheatHead 24.0 700.0 73.0 768.0
WheatHead 0.0 746.0 56.0 832.0
WheatHead 177.0 768.0 267.0 848.0
WheatHead 195.0 566.0 365.0 752.0
WheatHead 214.0 687.0 311.0 771.0
WheatHead 170.0 874.0 246.0 991.0
WheatHead 241.0 890.0 303.0 963.0
WheatHead 305.0 900.0 362.0 982.0
WheatHead 452.0 877.0 547.0 1005.0
WheatHead 347.0 886.0 413.0 974.0
WheatHead 372.0 651.0 452.0 799.0
WheatHead 597.0 625.0 668.0 720.0
WheatHead 553.0 840.0 601.0 932.0
WheatHead 640.0 810.0 689.0 870.0
WheatHead 618.0 854.0 711.0 954.0
WheatHead 649.0 944.0 722.0 1024.0
WheatHead 739.0 879.0 848.0 1004.0
WheatHead 743.0 816.0 820.0 899.0
WheatHead 733.0 738.0 803.0 799.0
WheatHead 768.0 699.0 866.0 758.0
WheatHead 837.0 847.0 932.0 984.0
WheatHead 791.0 607.0 1024.0 781.0
WheatHead 945.0 620.0 1022.0 707.0
WheatHead 864.0 526.0 930.0 605.0
WheatHead 647.0 484.0 712.0 581.0
WheatHead 751.0 503.0 824.0 597.0
WheatHead 764.0 419.0 881.0 513.0
WheatHead 620.0 334.0 708.0 422.0
WheatHead 947.0 554.0 1024.0 620.0
WheatHead 967.0 388.0 1024.0 465.0
WheatHead 456.0 342.0 513.0 469.0
WheatHead 418.0 364.0 476.0 512.0
WheatHead 325.0 368.0 392.0 456.0
WheatHead 415.0 233.0 484.0 328.0
WheatHead 557.0 252.0 630.0 307.0
WheatHead 527.0 369.0 604.0 449.0
WheatHead 208.0 201.0 316.0 283.0
WheatHead 486.0 107.0 598.0 177.0
WheatHead 632.0 176.0 718.0 244.0
WheatHead 933.0 146.0 1011.0 211.0
WheatHead 972.0 252.0 1024.0 321.0
WheatHead 835.0 0.0 952.0 59.0
WheatHead 470.0 252.0 526.0 323.0
WheatHead 994.0 71.0 1024.0 139.0
