WheatHead 581.0 94.0 678.0 197.0
WheatHead 568.0 0.0 647.0 40.0
WheatHead 957.0 148.0 1024.0 248.0
WheatHead 760.0 760.0 844.0 862.0
WheatHead 560.0 747.0 663.0 839.0
WheatHead 673.0 494.0 757.0 570.0
WheatHead 872.0 435.0 942.0 509.0
WheatHead 916.0 586.0 1018.0 683.0
WheatHead 778.0 156.0 865.0 248.0
WheatHead 839.0 69.0 929.0 163.0
WheatHead 936.0 670.0 1024.0 729.0
WheatHead 642.0 263.0 716.0 340.0
WheatHead 793.0 330.0 888.0 427.0
WheatHead 773.0 250.0 844.0 335.0
WheatHead 665.0 69.0 762.0 148.0
WheatHead 683.0 148.0 770.0 245.0
WheatHead 855.0 268.0 916.0 353.0
WheatHead 922.0 318.0 998.0 431.0
WheatHead 747.0 414.0 860.0 486.0
WheatHead 780.0 650.0 860.0 737.0
WheatHead 795.0 964.0 883.0 1022.0
WheatHead 898.0 963.0 1012.0 1022.0
WheatHead 974.0 269.0 1023.0 337.0
