WheatHead 949.0 655.0 1024.0 757.0
WheatHead 212.0 394.0 307.0 468.0
WheatHead 576.0 616.0 660.0 696.0
WheatHead 773.0 785.0 847.0 878.0
WheatHead 755.0 163.0 829.0 245.0
WheatHead 952.0 314.0 1024.0 432.0
WheatHead 241.0 98.0 326.0 194.0
WheatHead 929.0 412.0 1024.0 494.0
WheatHead 476.0 780.0 565.0 872.0
WheatHead 386.0 711.0 468.0 803.0
WheatHead 465.0 57.0 522.0 138.0
WheatHead 296.0 307.0 366.0 389.0
WheatHead 373.0 335.0 431.0 416.0
WheatHead 841.0 0.0 898.0 42.0
WheatHead 983.0 199.0 1024.0 268.0
WheatHead 204.0 903.0 401.0 977.0
WheatHead 194.0 834.0 284.0 921.0
WheatHead 857.0 885.0 960.0 957.0
WheatHead 616.0 737.0 679.0 794.0
WheatHead 460.0 704.0 527.0 780.0
WheatHead 929.0 158.0 984.0 228.0
WheatHead 294.0 765.0 363.0 824.0
WheatHead 398.0 531.0 484.0 620.0
WheatHead 378.0 199.0 486.0 294.0
WheatHead 608.0 211.0 690.0 295.0
WheatHead 909.0 1.0 960.0 40.0
WheatHead 883.0 68.0 968.0 120.0
