WheatHead 15.0 360.0 96.0 458.0
WheatHead 477.0 408.0 536.0 496.0
WheatHead 922.0 578.0 979.0 664.0
WheatHead 393.0 162.0 442.0 238.0
WheatHead 719.0 711.0 783.0 787.0
WheatHead 793.0 833.0 874.0 926.0
WheatHead 56.0 771.0 120.0 863.0
WheatHead 629.0 292.0 686.0 393.0
WheatHead 135.0 55.0 181.0 133.0
WheatHead 285.0 23.0 340.0 149.0
WheatHead 119.0 291.0 176.0 389.0
WheatHead 46.0 157.0 97.0 287.0
WheatHead 991.0 6.0 1024.0 86.0
WheatHead 144.0 576.0 206.0 673.0
WheatHead 701.0 460.0 760.0 557.0
WheatHead 621.0 450.0 660.0 559.0
WheatHead 574.0 113.0 616.0 228.0
WheatHead 742.0 117.0 794.0 215.0
WheatHead 893.0 120.0 948.0 215.0
WheatHead 235.0 147.0 287.0 239.0
WheatHead 712.0 238.0 746.0 341.0
WheatHead 0.0 490.0 23.0 583.0
WheatHead 862.0 143.0 894.0 239.0
WheatHead 491.0 566.0 518.0 630.0
WheatHead 759.0 575.0 796.0 651.0
WheatHead 309.0 274.0 363.0 376.0
WheatHead 320.0 285.0 393.0 330.0
WheatHead 212.0 573.0 249.0 658.0
WheatHead 963.0 286.0 1002.0 364.0
WheatHead 833.0 776.0 880.0 879.0
WheatHead 139.0 0.0 191.0 86.0
WheatHead 54.0 0.0 99.0 83.0
WheatHead 512.0 60.0 564.0 189.0
WheatHead 443.0 974.0 481.0 1024.0
WheatHead 897.0 396.0 973.0 465.0
WheatHead 578.0 284.0 623.0 364.0
WheatHead 890.0 585.0 933.0 664.0
WheatHead 827.0 741.0 858.0 800.0
WheatHead 697.0 49.0 726.0 113.0
WheatHead 874.0 320.0 920.0 432.0
WheatHead 124.0 223.0 165.0 309.0
WheatHead 557.0 799.0 608.0 875.0
WheatHead 971.0 389.0 1015.0 459.0
WheatHead 465.0 0.0 513.0 68.0
WheatHead 339.0 237.0 394.0 294.0
WheatHead 221.0 292.0 272.0 409.0
WheatHead 156.0 846.0 277.0 891.0
WheatHead 224.0 823.0 257.0 901.0
WheatHead 671.0 240.0 716.0 311.0
WheatHead 976.0 991.0 1014.0 1024.0
WheatHead 65.0 998.0 129.0 1024.0
WheatHead 918.0 868.0 944.0 937.0
WheatHead 883.0 0.0 922.0 48.0
WheatHead 306.0 582.0 390.0 652.0
WheatHead 520.0 653.0 567.0 711.0
WheatHead 333.0 708.0 381.0 770.0
WheatHead 605.0 194.0 667.0 252.0
WheatHead 817.0 0.0 867.0 66.0
WheatHead 438.0 622.0 549.0 691.0
WheatHead 796.0 0.0 826.0 58.0
WheatHead 244.0 580.0 269.0 648.0
WheatHead 150.0 998.0 198.0 1024.0
WheatHead 777.0 450.0 829.0 515.0
WheatHead 305.0 0.0 355.0 19.0
WheatHead 937.0 425.0 989.0 520.0
WheatHead 1007.0 667.0 1024.0 749.0
WheatHead 254.0 800.0 303.0 883.0
WheatHead 127.0 433.0 248.0 548.0
WheatHead 293.0 749.0 346.0 811.0
WheatHead 445.0 718.0 481.0 772.0
WheatHead 396.0 707.0 452.0 781.0
WheatHead 253.0 972.0 289.0 1024.0
WheatHead 274.0 932.0 320.0 1000.0
WheatHead 307.0 855.0 351.0 912.0
WheatHead 314.0 917.0 366.0 987.0
WheatHead 343.0 890.0 397.0 971.0
WheatHead 355.0 965.0 428.0 1024.0
WheatHead 306.0 1005.0 391.0 1024.0
