WheatHead 87.0 309.0 220.0 424.0
WheatHead 79.0 0.0 217.0 48.0
WheatHead 431.0 1.0 513.0 62.0
WheatHead 279.0 304.0 401.0 389.0
WheatHead 230.0 806.0 327.0 936.0
WheatHead 151.0 476.0 240.0 537.0
WheatHead 158.0 156.0 217.0 230.0
WheatHead 122.0 778.0 202.0 929.0
WheatHead 468.0 504.0 560.0 563.0
WheatHead 140.0 913.0 263.0 1000.0
WheatHead 207.0 727.0 273.0 814.0
WheatHead 220.0 138.0 299.0 225.0
WheatHead 368.0 860.0 432.0 924.0
WheatHead 623.0 538.0 708.0 643.0
WheatHead 251.0 580.0 491.0 680.0
WheatHead 778.0 888.0 844.0 957.0
WheatHead 522.0 110.0 591.0 199.0
WheatHead 314.0 179.0 391.0 261.0
WheatHead 890.0 138.0 965.0 192.0
WheatHead 616.0 911.0 696.0 977.0
WheatHead 307.0 371.0 381.0 458.0
WheatHead 673.0 0.0 821.0 81.0
WheatHead 768.0 417.0 832.0 535.0
WheatHead 663.0 122.0 755.0 184.0
WheatHead 913.0 755.0 975.0 806.0
WheatHead 494.0 291.0 581.0 373.0
WheatHead 770.0 133.0 844.0 207.0
WheatHead 522.0 762.0 634.0 855.0
WheatHead 829.0 220.0 896.0 279.0
WheatHead 340.0 30.0 399.0 97.0
WheatHead 693.0 588.0 760.0 655.0
WheatHead 670.0 353.0 732.0 407.0
WheatHead 250.0 547.0 325.0 599.0
WheatHead 547.0 742.0 657.0 814.0
WheatHead 637.0 166.0 691.0 222.0
WheatHead 839.0 596.0 893.0 670.0
WheatHead 814.0 268.0 888.0 412.0
WheatHead 565.0 908.0 614.0 962.0
WheatHead 811.0 783.0 865.0 847.0
WheatHead 969.0 930.0 1024.0 1009.0
WheatHead 739.0 181.0 814.0 253.0
WheatHead 857.0 706.0 913.0 757.0
WheatHead 622.0 704.0 678.0 744.0
WheatHead 791.0 350.0 862.0 450.0
WheatHead 0.0 22.0 80.0 96.0
WheatHead 45.0 22.0 91.0 106.0
WheatHead 596.0 61.0 652.0 120.0
WheatHead 634.0 40.0 701.0 84.0
WheatHead 576.0 222.0 627.0 281.0
WheatHead 775.0 117.0 816.0 179.0
WheatHead 266.0 215.0 391.0 286.0
WheatHead 373.0 202.0 419.0 240.0
WheatHead 791.0 596.0 839.0 655.0
WheatHead 693.0 555.0 734.0 609.0
WheatHead 471.0 880.0 545.0 929.0
WheatHead 814.0 982.0 867.0 1024.0
WheatHead 535.0 668.0 588.0 719.0
WheatHead 606.0 675.0 660.0 711.0
WheatHead 952.0 972.0 1021.0 1024.0
