WheatHead 970.0 115.0 1024.0 245.0
WheatHead 885.0 209.0 980.0 327.0
WheatHead 944.0 704.0 1024.0 814.0
WheatHead 798.0 811.0 929.0 957.0
WheatHead 56.0 97.0 153.0 238.0
WheatHead 957.0 570.0 1024.0 683.0
WheatHead 742.0 61.0 826.0 171.0
WheatHead 33.0 806.0 128.0 908.0
WheatHead 104.0 660.0 204.0 757.0
WheatHead 122.0 240.0 194.0 343.0
WheatHead 286.0 399.0 355.0 465.0
WheatHead 673.0 847.0 747.0 926.0
WheatHead 256.0 46.0 394.0 151.0
WheatHead 224.0 862.0 307.0 957.0
WheatHead 634.0 151.0 706.0 250.0
WheatHead 801.0 386.0 875.0 499.0
WheatHead 184.0 128.0 284.0 268.0
WheatHead 725.0 621.0 820.0 732.0
WheatHead 5.0 483.0 120.0 604.0
WheatHead 645.0 345.0 719.0 430.0
WheatHead 775.0 980.0 842.0 1024.0
WheatHead 683.0 970.0 760.0 1024.0
WheatHead 785.0 332.0 847.0 404.0
WheatHead 716.0 427.0 775.0 560.0
WheatHead 757.0 430.0 821.0 560.0
WheatHead 273.0 944.0 331.0 986.0
WheatHead 0.0 624.0 79.0 726.0
WheatHead 794.0 745.0 843.0 782.0
WheatHead 856.0 717.0 907.0 780.0
