WheatHead 813.0 688.0 883.0 783.0
WheatHead 496.0 0.0 588.0 87.0
WheatHead 821.0 371.0 887.0 461.0
WheatHead 853.0 491.0 929.0 595.0
WheatHead 761.0 460.0 847.0 536.0
WheatHead 431.0 931.0 519.0 1012.0
WheatHead 711.0 75.0 783.0 172.0
WheatHead 150.0 0.0 245.0 77.0
WheatHead 690.0 768.0 761.0 849.0
WheatHead 83.0 349.0 170.0 450.0
WheatHead 1.0 842.0 81.0 940.0
WheatHead 1000.0 297.0 1024.0 398.0
WheatHead 55.0 696.0 142.0 778.0
WheatHead 673.0 891.0 778.0 954.0
WheatHead 424.0 667.0 505.0 733.0
WheatHead 716.0 345.0 783.0 458.0
WheatHead 913.0 174.0 970.0 317.0
WheatHead 963.0 460.0 1013.0 570.0
WheatHead 592.0 100.0 698.0 227.0
WheatHead 86.0 222.0 176.0 329.0
WheatHead 428.0 494.0 570.0 555.0
WheatHead 544.0 817.0 621.0 894.0
WheatHead 731.0 664.0 811.0 759.0
WheatHead 237.0 846.0 314.0 906.0
WheatHead 19.0 13.0 137.0 110.0
WheatHead 277.0 719.0 387.0 846.0
WheatHead 446.0 17.0 540.0 158.0
WheatHead 128.0 642.0 239.0 762.0
WheatHead 36.0 848.0 129.0 921.0
WheatHead 737.0 727.0 800.0 830.0
WheatHead 28.0 439.0 151.0 537.0
WheatHead 350.0 154.0 435.0 229.0
WheatHead 424.0 688.0 502.0 772.0
WheatHead 649.0 486.0 711.0 542.0
WheatHead 303.0 393.0 400.0 494.0
WheatHead 365.0 562.0 398.0 653.0
WheatHead 103.0 4.0 193.0 103.0
WheatHead 615.0 876.0 686.0 942.0
WheatHead 88.0 446.0 192.0 524.0
WheatHead 517.0 58.0 585.0 178.0
WheatHead 442.0 750.0 551.0 856.0
WheatHead 641.0 277.0 685.0 356.0
WheatHead 875.0 169.0 911.0 237.0
WheatHead 677.0 311.0 722.0 418.0
WheatHead 409.0 217.0 503.0 342.0
WheatHead 382.0 730.0 469.0 827.0
WheatHead 779.0 845.0 853.0 906.0
WheatHead 413.0 367.0 457.0 449.0
WheatHead 241.0 882.0 322.0 942.0
WheatHead 464.0 121.0 558.0 177.0
WheatHead 159.0 815.0 253.0 894.0
WheatHead 225.0 996.0 311.0 1024.0
WheatHead 1.0 505.0 58.0 562.0
WheatHead 234.0 393.0 341.0 484.0
WheatHead 304.0 679.0 393.0 771.0
WheatHead 51.0 110.0 125.0 203.0
WheatHead 265.0 374.0 350.0 470.0
WheatHead 0.0 21.0 55.0 126.0
WheatHead 301.0 323.0 398.0 479.0
WheatHead 443.0 430.0 499.0 490.0
WheatHead 178.0 76.0 228.0 121.0
WheatHead 95.0 168.0 193.0 262.0
WheatHead 0.0 956.0 48.0 1000.0
WheatHead 754.0 469.0 808.0 536.0
