WheatHead 252.0 221.0 315.0 301.0
WheatHead 55.0 111.0 136.0 190.0
WheatHead 383.0 415.0 560.0 478.0
WheatHead 816.0 169.0 926.0 356.0
WheatHead 344.0 859.0 488.0 920.0
WheatHead 379.0 0.0 462.0 52.0
WheatHead 335.0 191.0 427.0 231.0
WheatHead 148.0 151.0 251.0 217.0
WheatHead 85.0 217.0 158.0 320.0
WheatHead 319.0 449.0 392.0 534.0
WheatHead 3.0 125.0 72.0 192.0
WheatHead 744.0 812.0 854.0 910.0
WheatHead 646.0 312.0 778.0 394.0
WheatHead 333.0 347.0 421.0 430.0
WheatHead 57.0 0.0 126.0 55.0
WheatHead 0.0 183.0 54.0 295.0
WheatHead 93.0 710.0 169.0 817.0
WheatHead 461.0 404.0 632.0 493.0
WheatHead 424.0 552.0 575.0 648.0
WheatHead 773.0 978.0 870.0 1024.0
WheatHead 599.0 603.0 672.0 694.0
WheatHead 565.0 989.0 677.0 1024.0
WheatHead 264.0 520.0 381.0 705.0
WheatHead 224.0 918.0 357.0 1024.0
WheatHead 678.0 630.0 760.0 732.0
WheatHead 95.0 411.0 184.0 523.0
WheatHead 412.0 140.0 552.0 282.0
WheatHead 188.0 380.0 268.0 501.0
WheatHead 0.0 881.0 142.0 992.0
WheatHead 229.0 602.0 322.0 740.0
WheatHead 845.0 0.0 911.0 82.0
WheatHead 0.0 10.0 49.0 116.0
WheatHead 121.0 914.0 204.0 1023.0
WheatHead 524.0 0.0 696.0 65.0
WheatHead 858.0 48.0 936.0 212.0
WheatHead 374.0 963.0 474.0 1024.0
WheatHead 171.0 542.0 240.0 605.0
WheatHead 675.0 98.0 793.0 159.0
WheatHead 763.0 19.0 838.0 97.0
WheatHead 766.0 123.0 845.0 242.0
WheatHead 597.0 293.0 705.0 354.0
WheatHead 105.0 313.0 165.0 394.0
WheatHead 529.0 356.0 616.0 408.0
WheatHead 416.0 33.0 515.0 130.0
WheatHead 170.0 0.0 254.0 136.0
WheatHead 248.0 83.0 297.0 173.0
WheatHead 846.0 193.0 947.0 336.0
WheatHead 343.0 911.0 403.0 952.0
WheatHead 181.0 713.0 266.0 772.0
WheatHead 906.0 1008.0 1020.0 1024.0
WheatHead 262.0 158.0 344.0 214.0
