WheatHead 808.0 749.0 868.0 839.0
WheatHead 483.0 715.0 543.0 805.0
WheatHead 626.0 393.0 704.0 487.0
WheatHead 946.0 39.0 999.0 140.0
WheatHead 72.0 492.0 136.0 576.0
WheatHead 536.0 398.0 589.0 496.0
WheatHead 742.0 450.0 823.0 521.0
WheatHead 699.0 109.0 771.0 211.0
WheatHead 64.0 196.0 151.0 265.0
WheatHead 974.0 262.0 1024.0 324.0
WheatHead 187.0 546.0 256.0 610.0
WheatHead 550.0 15.0 629.0 121.0
WheatHead 344.0 57.0 453.0 188.0
WheatHead 378.0 204.0 498.0 281.0
WheatHead 5.0 374.0 69.0 447.0
WheatHead 864.0 521.0 939.0 595.0
WheatHead 681.0 790.0 760.0 875.0
WheatHead 0.0 0.0 57.0 73.0
WheatHead 869.0 386.0 925.0 465.0
WheatHead 76.0 35.0 157.0 126.0
WheatHead 263.0 741.0 378.0 850.0
WheatHead 314.0 203.0 409.0 271.0
WheatHead 562.0 105.0 662.0 206.0
WheatHead 402.0 533.0 483.0 603.0
WheatHead 793.0 555.0 834.0 628.0
WheatHead 475.0 436.0 547.0 520.0
WheatHead 685.0 539.0 749.0 600.0
WheatHead 931.0 543.0 1008.0 596.0
WheatHead 447.0 20.0 550.0 125.0
WheatHead 94.0 673.0 213.0 767.0
WheatHead 487.0 505.0 531.0 608.0
WheatHead 91.0 99.0 150.0 177.0
WheatHead 572.0 859.0 667.0 937.0
WheatHead 843.0 617.0 928.0 674.0
WheatHead 842.0 561.0 910.0 619.0
WheatHead 258.0 515.0 370.0 600.0
WheatHead 219.0 865.0 326.0 947.0
WheatHead 633.0 325.0 723.0 394.0
WheatHead 816.0 171.0 895.0 240.0
WheatHead 308.0 944.0 380.0 1007.0
WheatHead 308.0 436.0 370.0 495.0
WheatHead 477.0 916.0 544.0 980.0
WheatHead 554.0 542.0 627.0 603.0
WheatHead 75.0 948.0 174.0 1006.0
WheatHead 576.0 522.0 640.0 584.0
WheatHead 755.0 55.0 798.0 151.0
WheatHead 633.0 839.0 696.0 902.0
WheatHead 258.0 0.0 332.0 42.0
WheatHead 228.0 785.0 346.0 853.0
WheatHead 696.0 770.0 775.0 823.0
WheatHead 474.0 0.0 560.0 35.0
WheatHead 94.0 395.0 161.0 443.0
WheatHead 798.0 877.0 881.0 940.0
WheatHead 634.0 686.0 745.0 780.0
WheatHead 98.0 608.0 167.0 655.0
WheatHead 16.0 616.0 121.0 655.0
WheatHead 649.0 236.0 757.0 289.0
WheatHead 749.0 925.0 844.0 1001.0
WheatHead 811.0 651.0 872.0 678.0
WheatHead 439.0 939.0 501.0 977.0
WheatHead 339.0 499.0 397.0 561.0
WheatHead 599.0 918.0 705.0 1004.0
WheatHead 476.0 818.0 563.0 854.0
WheatHead 951.0 892.0 999.0 935.0
WheatHead 423.0 594.0 493.0 633.0
WheatHead 757.0 5.0 819.0 54.0
WheatHead 643.0 637.0 700.0 690.0
WheatHead 431.0 719.0 481.0 752.0
WheatHead 793.0 138.0 859.0 234.0
WheatHead 552.0 461.0 636.0 492.0
WheatHead 233.0 917.0 314.0 962.0
WheatHead 527.0 669.0 611.0 749.0
WheatHead 558.0 948.0 646.0 985.0
