WheatHead 161.0 0.0 259.0 27.0
WheatHead 390.0 52.0 513.0 150.0
WheatHead 0.0 129.0 55.0 268.0
WheatHead 67.0 272.0 189.0 361.0
WheatHead 141.0 382.0 245.0 460.0
WheatHead 110.0 492.0 222.0 591.0
WheatHead 195.0 531.0 276.0 622.0
WheatHead 441.0 588.0 537.0 673.0
WheatHead 0.0 903.0 76.0 999.0
WheatHead 86.0 934.0 164.0 1024.0
WheatHead 131.0 689.0 201.0 777.0
WheatHead 158.0 649.0 254.0 733.0
WheatHead 313.0 730.0 425.0 813.0
WheatHead 497.0 855.0 587.0 924.0
WheatHead 504.0 957.0 604.0 1024.0
WheatHead 670.0 873.0 889.0 971.0
WheatHead 926.0 941.0 1024.0 1009.0
WheatHead 763.0 494.0 883.0 591.0
WheatHead 924.0 214.0 1011.0 284.0
WheatHead 808.0 259.0 876.0 349.0
WheatHead 934.0 313.0 1016.0 371.0
WheatHead 774.0 34.0 855.0 132.0
WheatHead 531.0 103.0 601.0 198.0
WheatHead 466.0 195.0 543.0 248.0
WheatHead 550.0 218.0 644.0 296.0
WheatHead 582.0 387.0 697.0 459.0
WheatHead 761.0 134.0 868.0 235.0
WheatHead 983.0 20.0 1024.0 91.0
