WheatHead 163.0 756.0 217.0 836.0
WheatHead 109.0 114.0 191.0 195.0
WheatHead 419.0 435.0 495.0 524.0
WheatHead 775.0 436.0 846.0 540.0
WheatHead 701.0 522.0 744.0 600.0
WheatHead 172.0 285.0 255.0 324.0
WheatHead 352.0 950.0 442.0 1011.0
WheatHead 473.0 378.0 528.0 456.0
WheatHead 974.0 217.0 1024.0 286.0
WheatHead 823.0 95.0 873.0 178.0
WheatHead 491.0 555.0 602.0 599.0
WheatHead 962.0 339.0 1014.0 450.0
WheatHead 42.0 367.0 75.0 449.0
WheatHead 258.0 0.0 292.0 54.0
WheatHead 535.0 891.0 577.0 983.0
WheatHead 688.0 684.0 740.0 759.0
WheatHead 114.0 211.0 163.0 245.0
WheatHead 91.0 58.0 144.0 125.0
WheatHead 876.0 434.0 933.0 483.0
WheatHead 0.0 196.0 13.0 241.0
WheatHead 329.0 849.0 428.0 872.0
WheatHead 761.0 286.0 793.0 363.0
WheatHead 28.0 817.0 95.0 854.0
WheatHead 869.0 55.0 931.0 103.0
WheatHead 261.0 730.0 347.0 795.0
WheatHead 443.0 574.0 484.0 629.0
WheatHead 676.0 382.0 771.0 434.0
WheatHead 461.0 724.0 499.0 791.0
WheatHead 180.0 988.0 217.0 1024.0
WheatHead 356.0 430.0 394.0 501.0
WheatHead 451.0 124.0 479.0 189.0
WheatHead 45.0 0.0 86.0 35.0
WheatHead 0.0 775.0 55.0 812.0
WheatHead 950.0 981.0 978.0 1024.0
WheatHead 505.0 135.0 558.0 185.0
WheatHead 238.0 69.0 292.0 124.0
WheatHead 118.0 748.0 150.0 801.0
WheatHead 53.0 141.0 87.0 207.0
WheatHead 703.0 438.0 771.0 499.0
WheatHead 379.0 570.0 409.0 632.0
WheatHead 435.0 232.0 494.0 282.0
WheatHead 768.0 609.0 867.0 673.0
WheatHead 436.0 808.0 488.0 858.0
WheatHead 699.0 884.0 749.0 937.0
WheatHead 675.0 342.0 723.0 406.0
WheatHead 598.0 744.0 677.0 798.0
WheatHead 775.0 901.0 811.0 953.0
WheatHead 628.0 484.0 744.0 540.0
WheatHead 226.0 998.0 292.0 1024.0
WheatHead 105.0 987.0 194.0 1024.0
WheatHead 399.0 776.0 455.0 834.0
WheatHead 918.0 738.0 994.0 790.0
WheatHead 738.0 681.0 785.0 724.0
WheatHead 0.0 888.0 86.0 950.0
