WheatHead 903.0 330.0 980.0 412.0
WheatHead 657.0 442.0 742.0 519.0
WheatHead 791.0 455.0 906.0 545.0
WheatHead 531.0 214.0 614.0 332.0
WheatHead 717.0 141.0 801.0 235.0
WheatHead 765.0 805.0 841.0 880.0
WheatHead 926.0 785.0 1024.0 867.0
WheatHead 868.0 187.0 991.0 269.0
WheatHead 757.0 353.0 816.0 445.0
WheatHead 775.0 238.0 867.0 320.0
WheatHead 670.0 857.0 744.0 931.0
WheatHead 816.0 934.0 888.0 1000.0
WheatHead 496.0 504.0 563.0 581.0
WheatHead 686.0 2.0 762.0 81.0
WheatHead 819.0 17.0 880.0 107.0
WheatHead 824.0 53.0 875.0 140.0
WheatHead 969.0 2.0 1023.0 84.0
WheatHead 945.0 140.0 1022.0 206.0
WheatHead 757.0 322.0 867.0 378.0
WheatHead 600.0 395.0 634.0 460.0
WheatHead 554.0 374.0 598.0 431.0
WheatHead 785.0 535.0 867.0 586.0
WheatHead 896.0 954.0 957.0 1006.0
