WheatHead 629.0 770.0 720.0 864.0
WheatHead 42.0 40.0 148.0 233.0
WheatHead 131.0 395.0 295.0 510.0
WheatHead 263.0 637.0 440.0 819.0
WheatHead 785.0 977.0 916.0 1024.0
WheatHead 139.0 121.0 257.0 224.0
WheatHead 79.0 632.0 186.0 747.0
WheatHead 734.0 811.0 865.0 980.0
WheatHead 625.0 335.0 737.0 535.0
WheatHead 793.0 311.0 942.0 470.0
WheatHead 732.0 140.0 816.0 312.0
WheatHead 320.0 462.0 403.0 552.0
WheatHead 691.0 471.0 778.0 611.0
WheatHead 931.0 51.0 1024.0 156.0
WheatHead 683.0 179.0 755.0 291.0
WheatHead 878.0 872.0 995.0 960.0
WheatHead 785.0 204.0 875.0 327.0
WheatHead 765.0 465.0 890.0 622.0
WheatHead 266.0 437.0 330.0 596.0
WheatHead 896.0 949.0 1024.0 1021.0
