WheatHead 175.0 974.0 306.0 1022.0
WheatHead 670.0 906.0 803.0 1024.0
WheatHead 112.0 658.0 207.0 734.0
WheatHead 573.0 824.0 683.0 913.0
WheatHead 935.0 950.0 1024.0 1023.0
WheatHead 281.0 307.0 355.0 419.0
WheatHead 427.0 858.0 527.0 971.0
WheatHead 455.0 667.0 538.0 766.0
WheatHead 212.0 74.0 304.0 181.0
WheatHead 616.0 87.0 693.0 220.0
WheatHead 389.0 64.0 483.0 207.0
WheatHead 401.0 317.0 499.0 421.0
WheatHead 839.0 560.0 962.0 629.0
WheatHead 0.0 583.0 58.0 670.0
WheatHead 842.0 450.0 939.0 545.0
WheatHead 684.0 643.0 763.0 727.0
WheatHead 337.0 709.0 437.0 924.0
WheatHead 821.0 176.0 911.0 266.0
WheatHead 56.0 314.0 179.0 399.0
WheatHead 0.0 312.0 74.0 458.0
WheatHead 476.0 115.0 588.0 202.0
WheatHead 153.0 401.0 249.0 517.0
WheatHead 634.0 212.0 773.0 389.0
WheatHead 802.0 261.0 1024.0 464.0
WheatHead 547.0 256.0 619.0 350.0
WheatHead 460.0 204.0 545.0 294.0
WheatHead 0.0 207.0 52.0 350.0
WheatHead 440.0 524.0 611.0 616.0
WheatHead 3.0 120.0 74.0 202.0
WheatHead 51.0 2.0 161.0 84.0
WheatHead 919.0 645.0 1024.0 721.0
WheatHead 517.0 0.0 632.0 68.0
WheatHead 87.0 519.0 148.0 593.0
WheatHead 912.0 411.0 1024.0 494.0
WheatHead 954.0 742.0 1024.0 821.0
WheatHead 834.0 967.0 969.0 1024.0
WheatHead 499.0 662.0 598.0 760.0
WheatHead 750.0 138.0 806.0 289.0
WheatHead 404.0 2.0 516.0 66.0
