WheatHead 940.0 957.0 997.0 1023.0
WheatHead 632.0 915.0 702.0 992.0
WheatHead 281.0 950.0 340.0 1016.0
WheatHead 1.0 489.0 68.0 573.0
WheatHead 105.0 667.0 163.0 721.0
WheatHead 101.0 738.0 162.0 798.0
WheatHead 166.0 712.0 243.0 781.0
WheatHead 212.0 615.0 275.0 674.0
WheatHead 311.0 503.0 401.0 576.0
WheatHead 323.0 576.0 374.0 633.0
WheatHead 443.0 546.0 511.0 596.0
WheatHead 490.0 581.0 567.0 668.0
WheatHead 493.0 420.0 577.0 524.0
WheatHead 612.0 536.0 681.0 621.0
WheatHead 597.0 716.0 671.0 777.0
WheatHead 636.0 305.0 709.0 406.0
WheatHead 811.0 502.0 888.0 580.0
WheatHead 861.0 533.0 948.0 623.0
WheatHead 784.0 552.0 839.0 626.0
WheatHead 753.0 616.0 825.0 681.0
WheatHead 788.0 683.0 870.0 777.0
WheatHead 780.0 0.0 865.0 87.0
WheatHead 699.0 79.0 768.0 132.0
WheatHead 735.0 130.0 796.0 197.0
WheatHead 678.0 126.0 745.0 207.0
WheatHead 617.0 121.0 685.0 187.0
WheatHead 565.0 123.0 627.0 198.0
WheatHead 572.0 33.0 639.0 91.0
WheatHead 398.0 47.0 462.0 104.0
WheatHead 372.0 119.0 444.0 179.0
WheatHead 244.0 0.0 314.0 84.0
WheatHead 192.0 73.0 244.0 130.0
WheatHead 20.0 80.0 81.0 133.0
WheatHead 32.0 137.0 86.0 195.0
WheatHead 195.0 151.0 265.0 206.0
WheatHead 918.0 163.0 982.0 216.0
WheatHead 247.0 997.0 314.0 1024.0
WheatHead 818.0 994.0 883.0 1024.0
WheatHead 600.0 0.0 647.0 24.0
