WheatHead 111.0 82.0 195.0 204.0
WheatHead 10.0 0.0 190.0 158.0
WheatHead 558.0 0.0 635.0 86.0
WheatHead 373.0 252.0 421.0 317.0
WheatHead 49.0 345.0 129.0 419.0
WheatHead 9.0 660.0 111.0 755.0
WheatHead 183.0 653.0 257.0 750.0
WheatHead 251.0 707.0 322.0 777.0
WheatHead 462.0 584.0 656.0 677.0
WheatHead 295.0 481.0 411.0 594.0
WheatHead 302.0 353.0 400.0 409.0
WheatHead 292.0 398.0 471.0 468.0
WheatHead 737.0 322.0 805.0 431.0
WheatHead 826.0 280.0 933.0 480.0
WheatHead 970.0 146.0 1024.0 243.0
WheatHead 897.0 0.0 1018.0 112.0
WheatHead 920.0 875.0 1019.0 1024.0
WheatHead 710.0 774.0 821.0 968.0
WheatHead 557.0 798.0 644.0 974.0
WheatHead 587.0 661.0 755.0 769.0
WheatHead 152.0 792.0 210.0 900.0
WheatHead 206.0 809.0 270.0 862.0
WheatHead 43.0 934.0 132.0 1024.0
WheatHead 0.0 814.0 68.0 898.0
WheatHead 141.0 970.0 251.0 1024.0
WheatHead 367.0 885.0 412.0 933.0
WheatHead 204.0 843.0 266.0 901.0
WheatHead 265.0 880.0 319.0 938.0
WheatHead 732.0 252.0 786.0 353.0
