WheatHead 985.0 337.0 1024.0 405.0
WheatHead 959.0 460.0 1011.0 559.0
WheatHead 796.0 636.0 918.0 710.0
WheatHead 892.0 841.0 1016.0 937.0
WheatHead 890.0 889.0 950.0 1005.0
WheatHead 705.0 658.0 796.0 721.0
WheatHead 342.0 600.0 468.0 666.0
WheatHead 438.0 675.0 561.0 742.0
WheatHead 608.0 855.0 673.0 963.0
WheatHead 752.0 961.0 840.0 1024.0
WheatHead 367.0 847.0 448.0 989.0
WheatHead 527.0 985.0 604.0 1024.0
WheatHead 493.0 793.0 586.0 892.0
WheatHead 407.0 758.0 509.0 829.0
WheatHead 247.0 728.0 324.0 829.0
WheatHead 231.0 845.0 321.0 974.0
WheatHead 129.0 866.0 209.0 956.0
WheatHead 11.0 770.0 86.0 829.0
WheatHead 18.0 825.0 103.0 884.0
WheatHead 82.0 593.0 172.0 645.0
WheatHead 159.0 578.0 273.0 653.0
WheatHead 215.0 426.0 288.0 559.0
WheatHead 238.0 359.0 348.0 447.0
WheatHead 346.0 415.0 481.0 470.0
WheatHead 417.0 464.0 493.0 549.0
WheatHead 512.0 434.0 620.0 552.0
WheatHead 590.0 399.0 671.0 477.0
WheatHead 789.0 393.0 867.0 485.0
WheatHead 713.0 287.0 822.0 373.0
WheatHead 605.0 294.0 687.0 380.0
WheatHead 668.0 209.0 740.0 268.0
WheatHead 679.0 74.0 803.0 138.0
WheatHead 867.0 92.0 929.0 165.0
WheatHead 806.0 183.0 889.0 245.0
WheatHead 911.0 191.0 983.0 254.0
WheatHead 156.0 22.0 235.0 133.0
WheatHead 298.0 0.0 363.0 43.0
WheatHead 452.0 0.0 553.0 27.0
WheatHead 474.0 41.0 550.0 154.0
WheatHead 565.0 6.0 656.0 63.0
WheatHead 499.0 144.0 590.0 219.0
WheatHead 0.0 92.0 75.0 183.0
WheatHead 123.0 275.0 197.0 350.0
WheatHead 48.0 369.0 109.0 449.0
WheatHead 93.0 385.0 180.0 447.0
WheatHead 138.0 455.0 194.0 526.0
WheatHead 908.0 296.0 975.0 366.0
WheatHead 367.0 198.0 411.0 258.0
WheatHead 704.0 310.0 752.0 356.0
