WheatHead 706.0 957.0 832.0 1024.0
WheatHead 74.0 753.0 168.0 856.0
WheatHead 765.0 883.0 967.0 962.0
WheatHead 774.0 722.0 864.0 825.0
WheatHead 187.0 565.0 276.0 650.0
WheatHead 168.0 755.0 355.0 991.0
WheatHead 535.0 407.0 655.0 604.0
WheatHead 968.0 832.0 1024.0 914.0
WheatHead 960.0 555.0 1024.0 709.0
WheatHead 627.0 814.0 849.0 931.0
WheatHead 696.0 512.0 842.0 716.0
WheatHead 114.0 63.0 224.0 186.0
WheatHead 865.0 977.0 957.0 1024.0
WheatHead 403.0 449.0 493.0 561.0
WheatHead 522.0 655.0 619.0 1024.0
WheatHead 676.0 273.0 862.0 415.0
WheatHead 790.0 583.0 910.0 701.0
WheatHead 120.0 156.0 235.0 529.0
WheatHead 883.5999755859375 252.10000610351562 936.5999755859375 339.1000061035156
WheatHead 138.0 2.0 235.0 94.0
WheatHead 254.0 366.0 395.0 737.0
WheatHead 1.0 43.0 84.0 379.0
WheatHead 12.0 332.0 114.0 509.0
WheatHead 288.0 122.0 607.0 337.0
WheatHead 587.0 259.0 762.0 458.0
WheatHead 233.0 0.0 337.0 50.0
WheatHead 468.0 407.0 535.0 524.0
WheatHead 910.0 129.0 1012.0 544.0
WheatHead 516.0 32.0 760.0 287.0
WheatHead 175.0 623.0 254.0 698.0
WheatHead 406.0 183.0 688.0 321.0
WheatHead 73.0 2.0 169.0 63.0
WheatHead 0.0 232.0 137.0 366.0
