WheatHead 468.0 56.0 609.0 179.0
WheatHead 371.0 209.0 527.0 304.0
WheatHead 453.0 934.0 599.0 1000.0
WheatHead 291.0 463.0 389.0 550.0
WheatHead 427.0 563.0 506.0 680.0
WheatHead 440.0 711.0 542.0 775.0
WheatHead 0.0 230.0 128.0 317.0
WheatHead 855.0 888.0 1008.0 1018.0
WheatHead 680.0 581.0 939.0 668.0
WheatHead 125.0 53.0 222.0 161.0
WheatHead 404.0 366.0 599.0 537.0
WheatHead 73.0 437.0 145.0 510.0
WheatHead 47.0 697.0 139.0 755.0
WheatHead 499.0 783.0 632.0 862.0
WheatHead 166.0 882.0 279.0 951.0
WheatHead 691.0 227.0 867.0 335.0
WheatHead 709.0 834.0 855.0 893.0
WheatHead 358.0 537.0 437.0 599.0
WheatHead 555.0 317.0 729.0 391.0
WheatHead 609.0 727.0 732.0 806.0
WheatHead 0.0 652.0 69.0 737.0
WheatHead 279.0 563.0 384.0 632.0
WheatHead 765.0 742.0 926.0 803.0
WheatHead 803.0 186.0 898.0 250.0
WheatHead 668.0 778.0 829.0 847.0
WheatHead 522.0 798.0 627.0 890.0
WheatHead 450.0 450.0 583.0 558.0
WheatHead 253.0 273.0 353.0 388.0
WheatHead 412.0 2.0 512.0 76.0
