WheatHead 0.0 906.0 88.0 982.0
WheatHead 802.0 335.0 885.0 525.0
WheatHead 143.0 684.0 299.0 747.0
WheatHead 101.0 972.0 192.0 1024.0
WheatHead 862.0 835.0 941.0 968.0
WheatHead 791.0 559.0 881.0 645.0
WheatHead 0.0 774.0 151.0 865.0
WheatHead 549.0 495.0 677.0 574.0
WheatHead 0.0 359.0 88.0 497.0
WheatHead 97.0 146.0 284.0 237.0
WheatHead 0.0 660.0 46.0 757.0
WheatHead 956.0 801.0 1024.0 883.0
WheatHead 905.0 26.0 981.0 95.0
WheatHead 864.0 432.0 952.0 525.0
WheatHead 752.0 425.0 850.0 522.0
WheatHead 863.0 736.0 929.0 817.0
WheatHead 938.0 549.0 1000.0 610.0
WheatHead 83.0 257.0 181.0 324.0
WheatHead 97.0 871.0 170.0 947.0
WheatHead 292.0 162.0 362.0 235.0
WheatHead 984.0 949.0 1024.0 994.0
