WheatHead 0.0 160.0 52.0 273.0
WheatHead 46.0 354.0 147.0 416.0
WheatHead 10.0 494.0 67.0 573.0
WheatHead 225.0 475.0 337.0 553.0
WheatHead 403.0 449.0 498.0 523.0
WheatHead 445.0 388.0 511.0 449.0
WheatHead 511.0 339.0 584.0 433.0
WheatHead 659.0 409.0 724.0 475.0
WheatHead 589.0 438.0 688.0 511.0
WheatHead 488.0 484.0 585.0 552.0
WheatHead 455.0 548.0 559.0 614.0
WheatHead 802.0 491.0 890.0 557.0
WheatHead 820.0 388.0 891.0 483.0
WheatHead 873.0 363.0 927.0 447.0
WheatHead 891.0 289.0 944.0 346.0
WheatHead 926.0 379.0 999.0 460.0
WheatHead 888.0 436.0 946.0 515.0
WheatHead 927.0 762.0 1008.0 840.0
WheatHead 769.0 751.0 847.0 824.0
WheatHead 867.0 854.0 940.0 938.0
WheatHead 819.0 893.0 890.0 972.0
WheatHead 765.0 908.0 823.0 975.0
WheatHead 640.0 915.0 708.0 991.0
WheatHead 574.0 906.0 634.0 970.0
WheatHead 552.0 986.0 620.0 1024.0
WheatHead 274.0 945.0 343.0 1004.0
WheatHead 238.0 860.0 296.0 919.0
WheatHead 164.10000610351562 799.7999877929688 224.0 851.5
WheatHead 21.0 814.0 91.0 864.0
WheatHead 43.0 877.0 133.0 947.0
WheatHead 1.0 928.0 94.0 1024.0
WheatHead 926.0 463.0 1006.0 534.0
WheatHead 0.0 364.0 38.0 416.0
WheatHead 0.0 431.0 44.0 496.0
WheatHead 559.0 424.0 616.0 490.0
