WheatHead 30.0 0.0 149.0 97.0
WheatHead 273.0 29.0 361.0 89.0
WheatHead 464.0 0.0 553.0 104.0
WheatHead 238.0 149.0 331.0 243.0
WheatHead 0.0 138.0 116.0 271.0
WheatHead 0.0 325.0 71.0 404.0
WheatHead 193.0 441.0 253.0 507.0
WheatHead 251.0 468.0 324.0 523.0
WheatHead 348.0 415.0 468.0 486.0
WheatHead 488.0 238.0 563.0 306.0
WheatHead 605.0 350.0 669.0 411.0
WheatHead 727.0 395.0 791.0 456.0
WheatHead 757.0 36.0 821.0 114.0
WheatHead 828.0 67.0 892.0 119.0
WheatHead 724.0 479.0 856.0 552.0
WheatHead 452.0 542.0 563.0 594.0
WheatHead 332.0 515.0 432.0 594.0
WheatHead 154.0 542.0 241.0 622.0
WheatHead 66.0 649.0 130.0 714.0
WheatHead 481.0 672.0 546.0 728.0
WheatHead 687.0 681.0 818.0 742.0
WheatHead 815.0 736.0 926.0 813.0
WheatHead 918.0 587.0 983.0 631.0
WheatHead 894.0 896.0 975.0 975.0
WheatHead 814.0 922.0 915.0 990.0
WheatHead 650.0 818.0 707.0 885.0
WheatHead 524.0 754.0 595.0 830.0
WheatHead 359.0 707.0 447.0 769.0
WheatHead 262.0 740.0 324.0 817.0
WheatHead 168.0 735.0 238.0 814.0
WheatHead 473.0 961.0 515.0 1024.0
WheatHead 973.0 101.0 1024.0 148.0
WheatHead 607.0 856.0 667.0 940.0
WheatHead 414.0 805.0 485.0 900.0
WheatHead 0.0 965.0 78.0 1024.0
WheatHead 79.0 591.0 167.0 663.0
WheatHead 295.0 513.0 374.0 577.0
WheatHead 197.0 714.0 314.0 780.0
