WheatHead 333.0 223.0 404.0 324.0
WheatHead 589.0 477.0 664.0 587.0
WheatHead 772.0 473.0 836.0 580.0
WheatHead 961.0 510.0 1024.0 581.0
WheatHead 1006.0 577.0 1024.0 643.0
WheatHead 907.0 517.0 958.0 607.0
WheatHead 232.0 648.0 331.0 697.0
WheatHead 976.0 189.0 1024.0 255.0
WheatHead 446.0 480.0 524.0 558.0
WheatHead 787.0 593.0 889.0 668.0
WheatHead 296.0 335.0 413.0 388.0
WheatHead 172.0 521.0 283.0 606.0
WheatHead 1.0 252.0 106.0 319.0
WheatHead 774.0 293.0 847.0 398.0
WheatHead 973.0 1.0 1024.0 55.0
WheatHead 72.0 248.0 180.0 333.0
WheatHead 488.0 587.0 581.0 668.0
WheatHead 514.0 899.0 623.0 1019.0
WheatHead 783.0 275.0 887.0 320.0
WheatHead 955.0 354.0 1013.0 416.0
WheatHead 813.0 619.0 876.0 699.0
WheatHead 255.0 914.0 378.0 969.0
WheatHead 207.0 337.0 284.0 390.0
WheatHead 189.0 393.0 294.0 463.0
WheatHead 362.0 857.0 462.0 912.0
WheatHead 641.0 532.0 741.0 602.0
WheatHead 244.0 238.0 348.0 294.0
WheatHead 62.0 192.0 140.0 277.0
WheatHead 435.0 595.0 531.0 661.0
WheatHead 792.0 874.0 884.0 922.0
WheatHead 983.0 584.0 1024.0 659.0
WheatHead 88.0 128.0 192.0 189.0
WheatHead 86.0 512.0 176.0 572.0
WheatHead 761.0 158.0 830.0 277.0
WheatHead 0.0 456.0 57.0 517.0
WheatHead 187.0 1.0 310.0 70.0
WheatHead 337.0 748.0 475.0 842.0
WheatHead 87.0 466.0 159.0 531.0
WheatHead 122.0 883.0 205.0 934.0
WheatHead 0.0 879.0 53.0 928.0
WheatHead 140.0 699.0 285.0 753.0
WheatHead 218.0 688.0 305.0 727.0
WheatHead 212.0 161.0 319.0 241.0
WheatHead 539.0 674.0 632.0 740.0
WheatHead 652.0 974.0 693.0 1024.0
WheatHead 587.0 320.0 658.0 371.0
WheatHead 942.0 984.0 1004.0 1024.0
WheatHead 723.0 274.0 816.0 373.0
WheatHead 513.0 117.0 608.0 157.0
WheatHead 150.0 953.0 248.0 994.0
WheatHead 141.0 212.0 253.0 271.0
WheatHead 817.0 240.0 889.0 298.0
WheatHead 2.0 165.0 80.0 212.0
WheatHead 0.0 993.0 67.0 1024.0
WheatHead 0.0 827.0 54.0 895.0
WheatHead 494.0 83.0 559.0 119.0
WheatHead 940.0 324.0 1010.0 357.0
WheatHead 574.0 951.0 650.0 1005.0
WheatHead 985.0 1.0 1024.0 51.0
WheatHead 268.0 947.0 383.0 993.0
WheatHead 368.0 656.0 515.0 740.0
WheatHead 779.0 525.0 824.0 593.0
WheatHead 8.0 340.0 137.0 386.0
WheatHead 0.0 634.0 150.0 680.0
WheatHead 827.0 844.0 890.0 902.0
WheatHead 20.0 638.0 160.0 692.0
WheatHead 719.0 973.0 909.0 1024.0
WheatHead 318.0 42.0 443.0 80.0
WheatHead 1.0 595.0 58.0 634.0
WheatHead 0.0 189.0 50.0 264.0
WheatHead 331.0 664.0 439.0 704.0
WheatHead 15.0 870.0 135.0 952.0
