WheatHead 811.0 519.0 952.0 601.0
WheatHead 876.0 229.0 1015.0 323.0
WheatHead 752.0 94.0 962.0 199.0
WheatHead 741.0 337.0 833.0 419.0
WheatHead 848.0 359.0 993.0 440.0
WheatHead 550.0 144.0 632.0 236.0
WheatHead 885.0 64.0 1021.0 138.0
WheatHead 584.0 776.0 690.0 870.0
WheatHead 747.0 409.0 847.0 508.0
WheatHead 666.0 782.0 769.0 863.0
WheatHead 627.0 477.0 758.0 586.0
WheatHead 560.0 800.0 666.0 927.0
WheatHead 816.0 747.0 949.0 844.0
WheatHead 511.0 706.0 598.0 781.0
WheatHead 736.0 831.0 848.0 934.0
WheatHead 635.0 411.0 748.0 465.0
WheatHead 834.0 249.0 947.0 343.0
WheatHead 847.0 877.0 992.0 942.0
WheatHead 823.0 895.0 969.0 1006.0
WheatHead 935.0 292.0 1011.0 372.0
