WheatHead 944.0 1.0 1024.0 69.0
WheatHead 516.0 456.0 623.0 523.0
WheatHead 622.0 38.0 717.0 135.0
WheatHead 88.0 574.0 198.0 630.0
WheatHead 294.0 2.0 378.0 66.0
WheatHead 214.0 672.0 332.0 776.0
WheatHead 530.0 703.0 663.0 763.0
WheatHead 114.0 66.0 238.0 121.0
WheatHead 992.0 602.0 1024.0 663.0
WheatHead 600.0 955.0 682.0 1004.0
WheatHead 1.0 387.0 114.0 439.0
WheatHead 934.0 662.0 1024.0 740.0
WheatHead 453.0 34.0 567.0 125.0
WheatHead 232.0 324.0 345.0 380.0
WheatHead 60.0 374.0 202.0 447.0
WheatHead 215.0 49.0 319.0 105.0
WheatHead 877.0 184.0 980.0 248.0
WheatHead 159.0 447.0 280.0 501.0
WheatHead 111.0 298.0 233.0 403.0
WheatHead 873.0 66.0 974.0 138.0
WheatHead 121.0 122.0 225.0 178.0
WheatHead 337.0 709.0 423.0 752.0
WheatHead 684.0 137.0 782.0 212.0
WheatHead 159.0 236.0 295.0 292.0
WheatHead 666.0 828.0 735.0 882.0
WheatHead 936.0 384.0 1024.0 454.0
WheatHead 99.0 264.0 210.0 299.0
WheatHead 454.0 507.0 583.0 563.0
WheatHead 611.0 8.0 718.0 84.0
WheatHead 296.0 93.0 444.0 143.0
WheatHead 824.0 76.0 930.0 162.0
WheatHead 222.60000610351562 172.10000610351562 350.70001220703125 213.5
WheatHead 832.0 819.0 912.0 861.0
WheatHead 776.0 225.0 854.0 264.0
WheatHead 479.0 143.0 570.0 186.0
WheatHead 1.0 478.0 95.0 520.0
WheatHead 851.0 876.0 965.0 928.0
WheatHead 311.0 418.0 473.0 487.0
WheatHead 675.0 476.0 740.0 510.0
WheatHead 6.0 445.0 145.0 499.0
WheatHead 894.0 0.0 951.0 53.0
WheatHead 924.0 810.0 998.0 852.0
WheatHead 34.0 832.0 145.0 867.0
WheatHead 683.0 887.0 796.0 951.0
WheatHead 0.0 697.0 76.0 733.0
WheatHead 357.0 777.0 483.0 821.0
WheatHead 444.0 204.0 544.0 245.0
WheatHead 281.0 472.0 356.0 502.0
WheatHead 40.0 793.0 161.0 831.0
WheatHead 206.0 753.0 328.0 801.0
WheatHead 123.0 899.0 226.0 941.0
WheatHead 671.0 790.0 785.0 827.0
WheatHead 858.0 763.0 957.0 805.0
WheatHead 1.0 899.0 59.0 928.0
WheatHead 387.0 0.0 453.0 61.0
WheatHead 288.0 906.0 360.0 934.0
WheatHead 932.0 148.0 1024.0 186.0
WheatHead 961.0 94.0 1024.0 154.0
WheatHead 131.0 167.0 199.0 202.0
WheatHead 744.0 55.0 824.0 102.0
WheatHead 23.0 1006.0 116.0 1023.0
WheatHead 129.0 980.0 226.0 1007.0
WheatHead 789.0 96.0 861.0 137.0
WheatHead 247.0 877.0 352.0 907.0
WheatHead 1.0 847.0 85.0 898.0
WheatHead 903.0 731.0 960.0 768.0
WheatHead 398.0 476.0 495.0 518.0
WheatHead 866.0 500.0 969.0 549.0
WheatHead 249.0 421.0 342.0 468.0
WheatHead 868.0 718.0 904.0 763.0
WheatHead 0.0 114.0 84.0 159.0
WheatHead 0.0 72.0 57.0 114.0
WheatHead 941.0 216.0 1024.0 277.0
