WheatHead 14.0 447.0 99.0 547.0
WheatHead 107.0 363.0 199.0 437.0
WheatHead 749.0 53.0 928.0 156.0
WheatHead 429.0 442.0 537.0 539.0
WheatHead 72.0 634.0 169.0 718.0
WheatHead 409.0 168.0 499.0 248.0
WheatHead 156.0 744.0 250.0 855.0
WheatHead 481.0 286.0 578.0 376.0
WheatHead 38.0 355.0 110.0 419.0
WheatHead 616.0 263.0 716.0 358.0
WheatHead 258.0 778.0 345.0 867.0
WheatHead 358.0 596.0 445.0 686.0
WheatHead 750.0 488.0 906.0 599.0
WheatHead 438.0 750.0 506.0 806.0
WheatHead 545.0 353.0 645.0 427.0
WheatHead 547.0 634.0 632.0 709.0
WheatHead 28.0 104.0 102.0 166.0
WheatHead 696.0 306.0 796.0 373.0
WheatHead 640.0 837.0 803.0 924.0
WheatHead 0.0 0.0 156.0 69.0
WheatHead 493.0 13.0 595.0 95.0
WheatHead 551.0 544.0 661.0 641.0
WheatHead 732.0 744.0 826.0 821.0
WheatHead 742.0 696.0 860.0 765.0
WheatHead 655.0 407.0 778.0 460.0
WheatHead 458.0 937.0 602.0 1019.0
WheatHead 691.0 619.0 826.0 698.0
WheatHead 43.0 865.0 143.0 957.0
WheatHead 345.0 102.0 417.0 192.0
WheatHead 745.0 429.0 842.0 496.0
WheatHead 142.0 878.0 280.0 1024.0
WheatHead 445.0 836.0 542.0 900.0
WheatHead 647.0 880.0 808.0 970.0
WheatHead 604.0 30.0 686.0 84.0
WheatHead 584.0 87.0 676.0 151.0
WheatHead 0.0 35.0 48.0 104.0
WheatHead 926.0 4.0 1023.0 68.0
WheatHead 970.0 687.0 1022.0 789.0
WheatHead 972.0 934.0 1023.0 1004.0
WheatHead 755.0 993.0 911.0 1024.0
WheatHead 576.0 927.0 703.0 1022.0
WheatHead 412.0 450.0 489.0 550.0
WheatHead 636.0 609.0 686.0 677.0
WheatHead 488.0 759.0 545.0 813.0
