WheatHead 450.0 296.0 571.0 357.0
WheatHead 920.0 936.0 1024.0 1000.0
WheatHead 902.0 758.0 1024.0 826.0
WheatHead 70.0 154.0 183.0 251.0
WheatHead 762.0 710.0 871.0 827.0
WheatHead 0.0 713.0 179.0 820.0
WheatHead 962.0 832.0 1024.0 892.0
WheatHead 0.0 645.0 239.0 729.0
WheatHead 13.0 847.0 235.0 970.0
WheatHead 576.0 121.0 702.0 204.0
WheatHead 915.0 173.0 1001.0 238.0
WheatHead 749.0 870.0 889.0 969.0
WheatHead 340.0 111.0 514.0 232.0
WheatHead 508.0 0.0 661.0 122.0
WheatHead 252.0 785.0 389.0 863.0
WheatHead 768.0 0.0 908.0 2.0
WheatHead 55.0 286.0 179.0 379.0
WheatHead 684.0 142.0 837.0 198.0
WheatHead 744.0 0.0 891.0 55.0
WheatHead 250.0 683.0 305.0 818.0
WheatHead 208.0 735.0 413.0 791.0
WheatHead 0.0 971.0 79.0 1016.0
WheatHead 476.0 212.0 611.0 349.0
WheatHead 167.0 20.0 298.0 105.0
WheatHead 256.0 86.0 398.0 167.0
WheatHead 676.0 107.0 812.0 169.0
WheatHead 727.0 340.0 785.0 440.0
WheatHead 101.0 609.0 265.0 675.0
WheatHead 0.0 470.0 50.0 540.0
WheatHead 978.0 898.0 1024.0 937.0
WheatHead 974.0 1004.0 1024.0 1023.0
