WheatHead 722.0 177.0 783.0 278.0
WheatHead 389.0 658.0 486.0 798.0
WheatHead 625.0 296.0 693.0 405.0
WheatHead 271.0 376.0 363.0 443.0
WheatHead 465.0 682.0 585.0 765.0
WheatHead 263.0 258.0 367.0 398.0
WheatHead 533.0 628.0 599.0 696.0
WheatHead 146.0 49.0 236.0 169.0
WheatHead 585.0 64.0 727.0 136.0
WheatHead 484.0 39.0 561.0 108.0
WheatHead 19.0 367.0 94.0 458.0
WheatHead 651.0 226.0 716.0 374.0
WheatHead 365.0 6.0 463.0 41.0
WheatHead 847.0 812.0 912.0 880.0
WheatHead 628.0 634.0 707.0 789.0
WheatHead 84.0 263.0 206.0 368.0
WheatHead 0.0 270.0 68.0 386.0
WheatHead 0.0 109.0 96.0 164.0
WheatHead 815.0 533.0 899.0 607.0
WheatHead 19.0 233.0 138.0 363.0
WheatHead 771.0 368.0 864.0 471.0
WheatHead 976.0 800.0 1024.0 872.0
WheatHead 821.0 475.0 880.0 563.0
WheatHead 969.0 824.0 1024.0 954.0
WheatHead 877.0 744.0 959.0 805.0
WheatHead 573.0 0.0 666.0 58.0
WheatHead 906.0 0.0 986.0 111.0
WheatHead 959.0 747.0 1024.0 790.0
WheatHead 197.0 264.0 248.0 425.0
WheatHead 353.0 531.0 423.0 596.0
WheatHead 200.0 0.0 329.0 64.0
WheatHead 300.0 835.0 403.0 916.0
WheatHead 932.0 0.0 987.0 66.0
WheatHead 525.0 880.0 645.0 928.0
WheatHead 304.0 779.0 375.0 851.0
WheatHead 177.0 2.0 286.0 80.0
WheatHead 65.0 724.0 219.0 778.0
WheatHead 854.0 985.0 914.0 1024.0
WheatHead 952.0 0.0 1022.0 75.0
WheatHead 839.0 729.0 902.0 770.0
WheatHead 869.0 397.0 914.0 439.0
WheatHead 421.0 824.0 600.0 881.0
WheatHead 674.0 0.0 714.0 50.0
WheatHead 551.0 779.0 604.0 845.0
WheatHead 13.0 737.0 132.0 795.0
WheatHead 1.0 853.0 98.0 894.0
WheatHead 736.0 382.0 874.0 451.0
WheatHead 337.0 206.0 547.0 350.0
WheatHead 204.0 318.0 316.0 364.0
WheatHead 181.0 814.0 281.0 858.0
WheatHead 783.0 1000.0 815.0 1024.0
WheatHead 755.0 563.0 1013.0 638.0
WheatHead 0.0 689.0 59.0 747.0
WheatHead 233.0 870.0 344.0 909.0
WheatHead 402.0 2.0 505.0 100.0
WheatHead 339.0 0.0 403.0 48.0
WheatHead 0.0 748.0 63.0 785.0
WheatHead 104.0 709.0 146.0 736.0
