WheatHead 0.0 84.0 20.0 156.0
WheatHead 0.0 183.0 60.0 254.0
WheatHead 166.0 73.0 219.0 174.0
WheatHead 219.0 115.0 289.0 192.0
WheatHead 350.0 107.0 438.0 211.0
WheatHead 432.0 0.0 513.0 91.0
WheatHead 199.0 0.0 302.0 107.0
WheatHead 130.0 0.0 191.0 57.0
WheatHead 0.0 350.0 48.0 435.0
WheatHead 48.0 835.0 142.0 915.0
WheatHead 107.0 889.0 197.0 968.0
WheatHead 177.0 972.0 254.0 1024.0
WheatHead 242.0 986.0 304.0 1024.0
WheatHead 290.0 856.0 380.0 929.0
WheatHead 195.0 457.0 281.0 557.0
WheatHead 340.0 390.0 432.0 470.0
WheatHead 282.0 589.0 397.0 701.0
WheatHead 268.0 635.0 337.0 715.0
WheatHead 396.0 670.0 477.0 777.0
WheatHead 657.0 602.0 774.0 691.0
WheatHead 677.0 683.0 748.0 747.0
WheatHead 713.0 359.0 802.0 522.0
WheatHead 681.0 308.0 760.0 371.0
WheatHead 445.0 290.0 561.0 392.0
WheatHead 552.0 217.0 614.0 297.0
WheatHead 473.0 213.0 567.0 292.0
WheatHead 641.0 209.0 724.0 290.0
WheatHead 658.0 74.0 774.0 218.0
WheatHead 817.0 198.0 882.0 343.0
WheatHead 870.0 230.0 918.0 316.0
WheatHead 920.0 194.0 974.0 269.0
WheatHead 834.0 100.0 915.0 192.0
WheatHead 906.0 86.0 971.0 171.0
WheatHead 1006.0 78.0 1024.0 142.0
WheatHead 977.0 257.0 1024.0 358.0
WheatHead 968.0 361.0 1024.0 427.0
WheatHead 929.0 442.0 1009.0 531.0
WheatHead 982.0 478.0 1024.0 531.0
WheatHead 1011.0 545.0 1024.0 632.0
WheatHead 953.0 703.0 1024.0 785.0
WheatHead 885.0 795.0 974.0 920.0
WheatHead 828.0 871.0 896.0 956.0
WheatHead 780.0 792.0 857.0 852.0
WheatHead 473.0 186.0 518.0 218.0
WheatHead 259.0 711.0 345.0 774.0
WheatHead 37.0 928.0 85.0 975.0
WheatHead 691.0 0.0 757.0 48.0
