WheatHead 0.0 849.0 92.0 926.0
WheatHead 59.0 729.0 137.0 799.0
WheatHead 0.0 533.0 92.0 617.0
WheatHead 157.0 570.0 269.0 654.0
WheatHead 179.0 688.0 262.0 763.0
WheatHead 137.0 834.0 208.0 904.0
WheatHead 265.0 881.0 348.0 1024.0
WheatHead 212.0 968.0 277.0 1024.0
WheatHead 228.0 901.0 269.0 955.0
WheatHead 819.0 922.0 900.0 1024.0
WheatHead 722.0 774.0 799.0 855.0
WheatHead 793.0 754.0 855.0 825.0
WheatHead 862.0 793.0 937.0 879.0
WheatHead 875.0 737.0 953.0 823.0
WheatHead 950.0 803.0 1009.0 889.0
WheatHead 800.0 616.0 935.0 718.0
WheatHead 642.0 505.0 746.0 600.0
WheatHead 296.0 256.0 354.0 305.0
WheatHead 389.0 384.0 471.0 481.0
WheatHead 519.0 482.0 606.0 579.0
WheatHead 612.0 351.0 717.0 426.0
WheatHead 710.0 365.0 803.0 425.0
WheatHead 675.0 410.0 740.0 470.0
WheatHead 733.0 511.0 787.0 560.0
WheatHead 755.0 518.0 856.0 580.0
WheatHead 828.0 471.0 918.0 567.0
WheatHead 907.0 503.0 1012.0 594.0
WheatHead 815.0 582.0 941.0 638.0
WheatHead 937.0 645.0 1020.0 707.0
WheatHead 665.0 697.0 748.0 766.0
WheatHead 66.0 0.0 146.0 59.0
WheatHead 198.0 0.0 318.0 40.0
WheatHead 127.0 73.0 223.0 150.0
WheatHead 265.0 104.0 400.0 202.0
WheatHead 369.0 38.0 468.0 156.0
WheatHead 714.0 0.0 784.0 63.0
WheatHead 935.0 52.0 1024.0 141.0
WheatHead 776.0 272.0 844.0 331.0
WheatHead 778.0 322.0 914.0 373.0
WheatHead 231.0 204.0 287.0 260.0
WheatHead 303.0 169.0 367.0 256.0
WheatHead 208.0 225.0 269.0 287.0
WheatHead 969.0 164.0 1024.0 223.0
WheatHead 148.0 927.0 195.0 976.0
WheatHead 949.0 681.0 1012.0 721.0
