WheatHead 300.0 0.0 381.0 81.0
WheatHead 1.0 80.0 56.0 156.0
WheatHead 295.0 119.0 424.0 192.0
WheatHead 309.0 192.0 378.0 258.0
WheatHead 208.0 276.0 278.0 366.0
WheatHead 132.0 355.0 240.0 470.0
WheatHead 292.0 397.0 353.0 464.0
WheatHead 340.0 379.0 423.0 458.0
WheatHead 361.0 280.0 443.0 371.0
WheatHead 467.0 359.0 579.0 429.0
WheatHead 515.0 168.0 600.0 268.0
WheatHead 491.0 89.0 568.0 166.0
WheatHead 483.0 0.0 593.0 64.0
WheatHead 417.0 0.0 482.0 44.0
WheatHead 719.0 0.0 769.0 78.0
WheatHead 814.0 72.0 877.0 142.0
WheatHead 736.0 207.0 816.0 318.0
WheatHead 267.0 486.0 368.0 558.0
WheatHead 213.0 503.0 273.0 561.0
WheatHead 3.0 630.0 73.0 705.0
WheatHead 174.0 620.0 238.0 690.0
WheatHead 232.0 653.0 305.0 733.0
WheatHead 450.0 567.0 546.0 616.0
WheatHead 417.0 611.0 514.0 656.0
WheatHead 452.0 692.0 548.0 786.0
WheatHead 558.0 773.0 635.0 877.0
WheatHead 595.0 882.0 685.0 951.0
WheatHead 527.0 909.0 598.0 1009.0
WheatHead 904.0 900.0 975.0 969.0
WheatHead 807.0 727.0 866.0 816.0
WheatHead 859.0 757.0 948.0 841.0
WheatHead 831.0 669.0 893.0 729.0
WheatHead 694.0 628.0 772.0 698.0
WheatHead 638.0 506.0 759.0 597.0
WheatHead 737.0 501.0 806.0 578.0
WheatHead 858.0 534.0 919.0 587.0
WheatHead 967.0 595.0 1024.0 671.0
WheatHead 972.0 303.0 1024.0 390.0
WheatHead 994.0 122.0 1024.0 203.0
WheatHead 937.0 0.0 1024.0 72.0
WheatHead 41.0 775.0 103.0 849.0
WheatHead 902.0 634.0 959.0 703.0
WheatHead 578.0 480.0 636.0 542.0
