WheatHead 956.0 310.0 1024.0 397.0
WheatHead 867.0 422.0 949.0 484.0
WheatHead 675.0 651.0 751.0 732.0
WheatHead 720.0 811.0 815.0 882.0
WheatHead 877.0 668.0 942.0 800.0
WheatHead 942.0 703.0 998.0 798.0
WheatHead 962.0 836.0 1024.0 903.0
WheatHead 978.0 929.0 1024.0 1016.0
WheatHead 927.0 949.0 971.0 1015.0
WheatHead 651.0 972.0 732.0 1024.0
WheatHead 400.0 757.0 475.0 832.0
WheatHead 485.0 774.0 546.0 836.0
WheatHead 511.0 675.0 630.0 743.0
WheatHead 544.0 595.0 665.0 672.0
WheatHead 575.0 527.0 669.0 597.0
WheatHead 541.0 456.0 675.0 535.0
WheatHead 557.0 423.0 690.0 493.0
WheatHead 714.0 423.0 811.0 494.0
WheatHead 804.0 336.0 870.0 396.0
WheatHead 813.0 247.0 884.0 305.0
WheatHead 742.0 256.0 793.0 331.0
WheatHead 927.0 146.0 998.0 234.0
WheatHead 520.0 0.0 612.0 45.0
WheatHead 712.0 0.0 796.0 41.0
WheatHead 803.0 0.0 888.0 58.0
WheatHead 905.0 0.0 967.0 55.0
WheatHead 960.0 0.0 1018.0 38.0
WheatHead 531.0 88.0 600.0 191.0
WheatHead 587.0 187.0 661.0 265.0
WheatHead 522.0 223.0 635.0 314.0
WheatHead 331.0 167.0 421.0 271.0
WheatHead 250.0 152.0 298.0 220.0
WheatHead 163.0 3.0 262.0 97.0
WheatHead 247.0 0.0 324.0 59.0
WheatHead 411.0 56.0 490.0 145.0
WheatHead 355.0 0.0 413.0 68.0
WheatHead 127.0 194.0 224.0 266.0
WheatHead 167.0 452.0 256.0 568.0
WheatHead 352.0 499.0 419.0 598.0
WheatHead 373.0 630.0 458.0 686.0
WheatHead 271.0 612.0 357.0 675.0
WheatHead 189.0 621.0 299.0 714.0
WheatHead 313.0 702.0 376.0 768.0
WheatHead 329.0 837.0 396.0 918.0
WheatHead 174.0 773.0 256.0 864.0
WheatHead 105.0 714.0 172.0 780.0
WheatHead 137.0 686.0 205.0 739.0
WheatHead 51.0 769.0 119.0 844.0
WheatHead 0.0 621.0 100.0 671.0
WheatHead 0.0 695.0 55.0 744.0
WheatHead 23.0 531.0 144.0 626.0
WheatHead 117.0 286.0 178.0 330.0
WheatHead 830.0 662.0 887.0 715.0
WheatHead 627.0 311.0 674.0 346.0
WheatHead 376.0 501.0 464.0 550.0
WheatHead 489.0 447.0 560.0 511.0
WheatHead 874.0 505.0 917.0 541.0
