WheatHead 68.0 132.0 135.0 230.0
WheatHead 106.0 921.0 180.0 1002.0
WheatHead 23.0 543.0 118.0 591.0
WheatHead 824.0 60.0 942.0 110.0
WheatHead 929.0 83.0 1015.0 154.0
WheatHead 6.0 72.0 77.0 185.0
WheatHead 630.0 441.0 729.0 495.0
WheatHead 205.0 284.0 366.0 345.0
WheatHead 950.0 613.0 1014.0 681.0
WheatHead 0.0 565.0 49.0 610.0
WheatHead 967.0 475.0 999.0 573.0
WheatHead 243.0 595.0 322.0 651.0
WheatHead 314.0 978.0 420.0 1019.0
WheatHead 252.0 38.0 344.0 110.0
WheatHead 532.0 574.0 634.0 628.0
WheatHead 197.0 927.0 292.0 968.0
WheatHead 852.0 881.0 977.0 929.0
WheatHead 193.0 637.0 296.0 715.0
WheatHead 633.0 118.0 719.0 170.0
WheatHead 539.0 678.0 655.0 757.0
WheatHead 298.0 343.0 436.0 424.0
WheatHead 522.0 6.0 634.0 39.0
WheatHead 441.0 307.0 531.0 345.0
WheatHead 454.0 193.0 501.0 259.0
WheatHead 0.0 936.0 40.0 978.0
WheatHead 499.0 532.0 570.0 606.0
WheatHead 236.0 662.0 389.1000061035156 701.4000244140625
WheatHead 491.0 286.0 582.0 349.0
WheatHead 372.0 118.0 495.0 206.0
WheatHead 66.0 371.0 176.0 417.0
WheatHead 854.0 126.0 987.0 219.0
WheatHead 752.0 573.0 816.0 622.0
WheatHead 197.0 884.0 331.0 935.0
WheatHead 0.0 225.0 31.0 288.0
WheatHead 16.0 58.0 128.0 94.0
WheatHead 0.0 638.0 55.0 670.0
WheatHead 882.0 314.0 1015.0 375.0
WheatHead 91.0 596.0 192.0 674.0
WheatHead 968.0 247.0 1018.0 319.0
WheatHead 31.0 733.0 107.0 752.0
WheatHead 883.0 376.0 939.0 410.0
WheatHead 984.0 439.0 1024.0 575.0
WheatHead 653.0 640.0 750.0 682.0
WheatHead 817.0 273.0 878.0 320.0
WheatHead 131.0 298.0 247.0 345.0
WheatHead 872.0 296.0 905.0 380.0
WheatHead 788.0 927.0 861.0 966.0
WheatHead 978.0 592.0 1021.0 630.0
WheatHead 896.0 959.0 996.0 998.0
WheatHead 240.0 1000.0 316.0 1019.0
WheatHead 750.0 0.0 804.0 21.0
WheatHead 639.0 700.0 707.0 734.0
WheatHead 367.0 81.0 435.0 114.0
WheatHead 207.0 617.0 281.0 659.0
WheatHead 2.0 0.0 84.0 31.0
WheatHead 99.0 671.0 219.0 705.0
WheatHead 247.0 232.0 324.0 279.0
WheatHead 788.0 607.0 922.0 644.0
WheatHead 0.0 386.0 137.0 478.0
WheatHead 664.0 1.0 723.0 38.0
WheatHead 888.0 735.0 940.0 750.0
WheatHead 206.0 25.0 279.0 43.0
WheatHead 0.0 325.0 91.0 367.0
WheatHead 819.0 351.0 883.0 421.0
WheatHead 142.0 0.0 220.0 115.0
WheatHead 93.0 79.0 214.0 122.0
WheatHead 145.0 42.0 323.0 118.0
WheatHead 252.0 810.0 376.0 871.0
WheatHead 314.0 809.0 406.0 860.0
