WheatHead 50.0 80.0 106.0 173.0
WheatHead 73.0 289.0 137.0 374.0
WheatHead 263.0 176.0 337.0 278.0
WheatHead 683.0 623.0 757.0 730.0
WheatHead 169.0 800.0 247.0 869.0
WheatHead 942.0 719.0 1018.0 806.0
WheatHead 0.0 644.0 39.0 727.0
WheatHead 24.0 669.0 95.0 753.0
WheatHead 161.0 647.0 221.0 726.0
WheatHead 687.0 914.0 741.0 1024.0
WheatHead 536.0 0.0 593.0 77.0
WheatHead 684.0 830.0 741.0 946.0
WheatHead 948.0 139.0 1024.0 215.0
WheatHead 153.0 333.0 235.0 444.0
WheatHead 223.0 233.0 279.0 312.0
WheatHead 857.0 49.0 924.0 125.0
WheatHead 5.0 122.0 68.0 191.0
WheatHead 277.0 730.0 335.0 809.0
WheatHead 714.0 106.0 782.0 210.0
WheatHead 641.0 368.0 689.0 458.0
WheatHead 727.0 0.0 757.0 64.0
WheatHead 220.0 29.0 281.0 144.0
WheatHead 886.0 786.0 922.0 877.0
WheatHead 979.0 435.0 1024.0 506.0
WheatHead 557.0 841.0 643.0 928.0
WheatHead 820.0 496.0 879.0 554.0
WheatHead 628.0 970.0 673.0 1024.0
WheatHead 413.0 704.0 480.0 763.0
WheatHead 21.0 10.0 99.0 53.0
WheatHead 0.0 326.0 47.0 393.0
WheatHead 188.0 603.0 238.0 685.0
WheatHead 335.0 651.0 397.0 715.0
WheatHead 781.0 566.0 853.0 632.0
WheatHead 345.0 53.0 406.0 105.0
WheatHead 662.0 309.0 711.0 394.0
WheatHead 506.0 221.0 544.0 308.0
WheatHead 771.0 640.0 825.0 741.0
WheatHead 178.0 180.0 227.0 261.0
WheatHead 785.0 314.0 836.0 400.0
WheatHead 359.0 219.0 421.0 289.0
WheatHead 270.0 458.0 350.0 520.0
WheatHead 599.0 247.0 651.0 360.0
WheatHead 150.0 517.0 217.0 566.0
WheatHead 356.0 974.0 408.0 1003.0
WheatHead 711.0 513.0 761.0 597.0
WheatHead 77.9000015258789 538.0999755859375 169.0 589.0
WheatHead 981.0 83.0 1022.0 166.0
WheatHead 380.0 856.0 428.0 920.0
WheatHead 30.0 211.0 86.0 249.0
WheatHead 983.0 678.0 1024.0 720.0
WheatHead 428.0 779.0 488.0 811.0
WheatHead 566.0 431.0 630.0 477.0
WheatHead 581.0 480.0 618.0 548.0
WheatHead 924.0 24.0 1008.0 151.0
WheatHead 357.0 587.0 409.0 673.0
WheatHead 898.0 946.0 969.0 989.0
WheatHead 919.0 292.0 968.0 369.0
WheatHead 139.0 177.0 191.0 215.0
WheatHead 867.0 611.0 920.0 685.0
WheatHead 699.0 211.0 744.0 292.0
WheatHead 292.0 559.0 348.0 628.0
WheatHead 125.0 72.0 170.0 113.0
WheatHead 402.0 234.0 453.0 277.0
WheatHead 744.0 420.0 774.0 507.0
WheatHead 974.0 1.0 1014.0 35.0
WheatHead 943.0 995.0 1010.0 1024.0
WheatHead 111.0 925.0 150.0 958.0
WheatHead 746.0 475.0 812.0 543.0
WheatHead 890.0 672.0 946.0 721.0
WheatHead 271.0 841.0 315.0 891.0
WheatHead 778.0 980.0 820.0 1024.0
WheatHead 986.0 876.0 1024.0 922.0
WheatHead 451.0 841.0 504.0 893.0
WheatHead 738.0 303.0 823.0 334.0
WheatHead 839.0 0.0 879.0 55.0
WheatHead 673.0 480.0 705.0 535.0
WheatHead 660.0 162.0 714.0 212.0
WheatHead 936.0 629.0 997.0 664.0
WheatHead 133.0 0.0 173.0 13.0
WheatHead 550.0 242.0 605.0 295.0
WheatHead 180.0 718.0 264.0 756.0
WheatHead 211.0 769.0 285.0 823.0
WheatHead 321.0 3.0 403.0 47.0
WheatHead 793.0 0.0 849.0 43.0
WheatHead 116.0 853.0 200.0 902.0
WheatHead 54.0 994.0 145.0 1024.0
WheatHead 656.0 955.0 721.0 1009.0
WheatHead 719.0 766.0 795.0 837.0
WheatHead 751.0 826.0 825.0 872.0
