WheatHead 254.0 0.0 366.0 34.0
WheatHead 445.0 0.0 552.0 54.0
WheatHead 302.0 49.0 377.0 117.0
WheatHead 587.0 0.0 668.0 78.0
WheatHead 828.0 24.0 932.0 108.0
WheatHead 761.0 94.0 834.0 166.0
WheatHead 806.0 176.0 883.0 252.0
WheatHead 466.0 145.0 578.0 218.0
WheatHead 555.0 121.0 633.0 194.0
WheatHead 602.0 212.0 674.0 272.0
WheatHead 475.0 260.0 623.0 316.0
WheatHead 376.0 314.0 481.0 393.0
WheatHead 379.0 142.0 480.0 224.0
WheatHead 331.0 159.0 403.0 238.0
WheatHead 222.0 152.0 342.0 218.0
WheatHead 152.0 180.0 272.0 243.0
WheatHead 0.0 126.0 96.0 195.0
WheatHead 430.0 417.0 503.0 497.0
WheatHead 513.0 353.0 569.0 391.0
WheatHead 614.0 343.0 679.0 392.0
WheatHead 642.0 262.0 743.0 346.0
WheatHead 711.0 303.0 781.0 360.0
WheatHead 829.0 272.0 910.0 346.0
WheatHead 902.0 293.0 968.0 355.0
WheatHead 782.0 411.0 852.0 473.0
WheatHead 862.0 501.0 934.0 561.0
WheatHead 326.0 588.0 451.0 644.0
WheatHead 0.0 545.0 86.0 619.0
WheatHead 0.0 458.0 63.0 528.0
WheatHead 185.0 249.0 265.0 313.0
WheatHead 140.0 319.0 207.0 361.0
WheatHead 182.0 320.0 257.0 393.0
WheatHead 121.0 390.0 217.0 456.0
WheatHead 519.0 638.0 611.0 686.0
WheatHead 468.0 788.0 587.0 865.0
WheatHead 625.0 733.0 751.0 796.0
WheatHead 270.0 862.0 358.0 934.0
WheatHead 301.0 944.0 391.0 1024.0
WheatHead 61.0 790.0 212.0 916.0
WheatHead 387.0 784.0 456.0 896.0
WheatHead 454.0 700.0 581.0 766.0
WheatHead 900.0 724.0 960.0 873.0
WheatHead 977.0 671.0 1024.0 771.0
WheatHead 867.0 950.0 969.0 1024.0
WheatHead 781.0 927.0 846.0 986.0
WheatHead 974.0 974.0 1024.0 1024.0
WheatHead 939.0 40.0 1004.0 97.0
WheatHead 611.0 977.0 704.0 1024.0
WheatHead 308.0 371.0 377.0 445.0
WheatHead 182.0 980.0 293.0 1024.0
