WheatHead 101.0 47.0 187.0 140.0
WheatHead 23.0 579.0 87.0 633.0
WheatHead 16.0 731.0 105.0 816.0
WheatHead 154.0 721.0 233.0 797.0
WheatHead 440.0 823.0 520.0 911.0
WheatHead 432.0 678.0 497.0 741.0
WheatHead 532.0 739.0 663.0 803.0
WheatHead 672.0 782.0 731.0 855.0
WheatHead 769.0 660.0 848.0 731.0
WheatHead 768.0 731.0 842.0 792.0
WheatHead 844.0 701.0 941.0 779.0
WheatHead 958.0 319.0 1024.0 385.0
WheatHead 756.0 313.0 831.0 378.0
WheatHead 879.0 120.0 946.0 193.0
WheatHead 825.0 37.0 900.0 106.0
WheatHead 670.0 53.0 749.0 141.0
WheatHead 514.0 402.0 617.0 480.0
WheatHead 423.0 306.0 501.0 393.0
WheatHead 483.0 247.0 557.0 336.0
WheatHead 479.0 195.0 535.0 249.0
WheatHead 279.0 289.0 370.0 362.0
WheatHead 166.0 192.0 254.0 254.0
WheatHead 195.0 126.0 281.0 195.0
WheatHead 0.0 264.0 100.0 330.0
WheatHead 0.0 342.0 68.0 439.0
