WheatHead 221.0 0.0 321.0 18.0
WheatHead 24.0 0.0 132.0 45.0
WheatHead 726.0 0.0 833.0 16.0
WheatHead 683.0 7.0 778.0 91.0
WheatHead 607.0 99.0 692.0 179.0
WheatHead 711.0 137.0 804.0 264.0
WheatHead 821.0 61.0 940.0 148.0
WheatHead 1008.0 216.0 1024.0 324.0
WheatHead 900.0 368.0 1007.0 470.0
WheatHead 475.0 281.0 591.0 354.0
WheatHead 518.0 376.0 648.0 460.0
WheatHead 607.0 444.0 752.0 552.0
WheatHead 694.0 462.0 821.0 603.0
WheatHead 898.0 483.0 1001.0 615.0
WheatHead 135.0 513.0 273.0 631.0
WheatHead 86.0 551.0 160.0 621.0
WheatHead 102.0 365.0 201.0 482.0
WheatHead 0.0 453.0 71.0 508.0
WheatHead 0.0 606.0 34.0 731.0
WheatHead 332.0 907.0 443.0 992.0
WheatHead 683.0 885.0 785.0 970.0
WheatHead 854.0 860.0 958.0 954.0
WheatHead 934.0 816.0 991.0 868.0
WheatHead 695.0 987.0 774.0 1024.0
WheatHead 930.0 935.0 1024.0 1024.0
WheatHead 11.0 815.0 105.0 897.0
WheatHead 0.0 971.0 123.0 1024.0
WheatHead 0.0 236.0 41.0 311.0
