WheatHead 21.0 106.0 118.0 185.0
WheatHead 121.0 121.0 200.0 177.0
WheatHead 0.0 4.0 134.0 65.0
WheatHead 399.0 43.0 496.0 114.0
WheatHead 569.0 37.0 649.0 100.0
WheatHead 397.0 165.0 486.0 260.0
WheatHead 318.0 258.0 425.0 321.0
WheatHead 179.0 230.0 326.0 425.0
WheatHead 17.0 388.0 104.0 492.0
WheatHead 0.0 328.0 45.0 388.0
WheatHead 486.0 210.0 632.0 287.0
WheatHead 490.0 295.0 588.0 484.0
WheatHead 761.0 116.0 874.0 190.0
WheatHead 840.0 212.0 917.0 279.0
WheatHead 868.0 307.0 956.0 417.0
WheatHead 815.0 421.0 974.0 525.0
WheatHead 736.0 449.0 864.0 637.0
WheatHead 653.0 437.0 732.0 555.0
WheatHead 933.0 76.0 1021.0 145.0
WheatHead 994.0 15.0 1024.0 169.0
WheatHead 986.0 657.0 1024.0 722.0
WheatHead 763.0 736.0 880.0 866.0
WheatHead 574.0 702.0 754.0 803.0
WheatHead 480.0 642.0 588.0 760.0
WheatHead 323.0 637.0 446.0 732.0
WheatHead 242.0 449.0 352.0 574.0
WheatHead 0.0 523.0 112.0 588.0
WheatHead 39.0 671.0 175.0 770.0
WheatHead 0.0 722.0 82.0 854.0
WheatHead 273.0 774.0 377.0 866.0
WheatHead 386.0 840.0 512.0 907.0
WheatHead 120.0 943.0 262.0 1024.0
WheatHead 518.0 900.0 691.0 1000.0
WheatHead 984.0 714.0 1024.0 787.0
WheatHead 689.0 606.0 758.0 689.0
WheatHead 677.0 921.0 783.0 998.0
WheatHead 0.0 953.0 60.0 1012.0
WheatHead 328.0 176.0 406.0 239.0
