WheatHead 584.0 931.0 648.0 992.0
WheatHead 646.0 949.0 721.0 1019.0
WheatHead 351.0 992.0 423.0 1024.0
WheatHead 302.0 943.0 368.0 1024.0
WheatHead 239.0 979.0 296.0 1024.0
WheatHead 245.0 927.0 309.0 982.0
WheatHead 272.0 875.0 381.0 936.0
WheatHead 226.0 834.0 302.0 905.0
WheatHead 0.0 992.0 57.0 1024.0
WheatHead 77.0 885.0 139.0 976.0
WheatHead 24.0 737.0 111.0 811.0
WheatHead 127.0 691.0 200.0 762.0
WheatHead 79.0 695.0 143.0 752.0
WheatHead 156.0 629.0 219.0 720.0
WheatHead 273.0 737.0 322.0 804.0
WheatHead 223.0 529.0 324.0 607.0
WheatHead 153.0 437.0 220.0 503.0
WheatHead 77.0 341.0 202.0 481.0
WheatHead 0.0 247.0 54.0 333.0
WheatHead 0.0 178.0 73.0 255.0
WheatHead 113.0 226.0 305.0 312.0
WheatHead 260.0 217.0 335.0 318.0
WheatHead 318.0 286.0 409.0 362.0
WheatHead 509.0 208.0 573.0 284.0
WheatHead 590.0 275.0 687.0 349.0
WheatHead 695.0 313.0 786.0 363.0
WheatHead 370.0 456.0 459.0 520.0
WheatHead 345.0 496.0 407.0 584.0
WheatHead 485.0 471.0 557.0 533.0
WheatHead 519.0 436.0 626.0 508.0
WheatHead 584.0 512.0 678.0 616.0
WheatHead 460.0 595.0 554.0 666.0
WheatHead 615.0 663.0 699.0 757.0
WheatHead 668.0 728.0 759.0 799.0
WheatHead 727.0 741.0 809.0 813.0
WheatHead 707.0 562.0 817.0 680.0
WheatHead 775.0 474.0 875.0 553.0
WheatHead 796.0 845.0 858.0 931.0
WheatHead 752.0 911.0 833.0 970.0
WheatHead 879.0 730.0 982.0 806.0
WheatHead 912.0 796.0 982.0 870.0
WheatHead 876.0 830.0 940.0 883.0
WheatHead 929.0 860.0 1020.0 947.0
WheatHead 1005.0 844.0 1024.0 872.0
WheatHead 976.0 552.0 1024.0 642.0
WheatHead 893.0 559.0 965.0 638.0
WheatHead 884.0 323.0 958.0 403.0
WheatHead 859.0 184.0 944.0 330.0
WheatHead 944.0 176.0 1024.0 271.0
WheatHead 678.0 109.0 764.0 193.0
WheatHead 312.0 109.0 379.0 206.0
WheatHead 190.0 14.0 274.0 116.0
WheatHead 779.0 0.0 880.0 54.0
WheatHead 797.0 116.0 859.0 187.0
WheatHead 757.0 86.0 833.0 153.0
WheatHead 870.0 0.0 954.0 25.0
WheatHead 629.0 0.0 711.0 18.0
WheatHead 540.0 0.0 617.0 32.0
WheatHead 406.0 0.0 473.0 48.0
WheatHead 965.0 312.0 1024.0 363.0
WheatHead 370.0 380.0 443.0 462.0
WheatHead 504.0 841.0 555.0 894.0
WheatHead 318.0 267.0 399.0 318.0
WheatHead 167.0 355.0 208.0 404.0
