WheatHead 647.0 603.0 738.0 660.0
WheatHead 671.0 531.0 742.0 596.0
WheatHead 539.0 105.0 613.0 200.0
WheatHead 121.0 102.0 228.0 154.0
WheatHead 319.0 729.0 419.0 776.0
WheatHead 671.0 640.0 708.0 760.0
WheatHead 963.0 367.0 1000.0 447.0
WheatHead 0.0 101.0 94.0 163.0
WheatHead 38.0 165.0 141.0 207.0
WheatHead 57.0 404.0 214.0 515.0
WheatHead 393.0 802.0 473.0 846.0
WheatHead 857.0 129.0 940.0 172.0
WheatHead 206.0 324.0 275.0 370.0
WheatHead 610.0 285.0 692.0 341.0
WheatHead 286.0 240.0 389.0 295.0
WheatHead 326.0 35.0 410.0 79.0
WheatHead 794.0 50.0 873.0 88.0
WheatHead 129.0 346.0 207.0 379.0
WheatHead 256.0 936.0 380.0 988.0
WheatHead 465.0 401.0 540.0 442.0
WheatHead 491.0 110.0 555.0 170.0
WheatHead 178.0 0.0 240.0 43.0
WheatHead 2.0 356.0 87.0 391.0
WheatHead 980.0 65.0 1024.0 99.0
WheatHead 137.0 951.0 192.0 980.0
WheatHead 543.0 674.0 623.0 707.0
WheatHead 54.0 667.0 188.0 699.0
WheatHead 984.0 885.0 1024.0 927.0
WheatHead 92.0 617.0 201.0 667.0
WheatHead 184.0 838.0 243.0 909.0
WheatHead 90.0 739.0 221.0 786.0
WheatHead 133.0 886.0 208.0 925.0
WheatHead 420.0 81.0 475.0 151.0
WheatHead 897.0 828.0 1002.0 868.0
WheatHead 576.0 371.0 674.0 431.0
WheatHead 978.0 0.0 1024.0 32.0
WheatHead 883.0 84.0 946.0 122.0
WheatHead 54.0 826.0 226.0 889.0
WheatHead 9.0 0.0 62.0 31.0
WheatHead 283.0 645.0 387.0 699.0
WheatHead 851.0 368.0 920.0 408.0
WheatHead 490.0 787.0 590.0 817.0
WheatHead 307.0 337.0 396.0 384.0
WheatHead 451.0 1.0 516.0 42.0
WheatHead 157.0 96.0 234.0 147.0
WheatHead 420.0 490.0 495.0 540.0
WheatHead 700.0 746.0 771.0 783.0
WheatHead 918.0 636.0 980.0 704.0
WheatHead 487.0 648.0 577.0 686.0
WheatHead 863.0 706.0 939.0 746.0
WheatHead 173.0 1004.0 237.0 1024.0
WheatHead 375.0 622.0 427.0 666.0
WheatHead 309.0 92.0 372.0 139.0
WheatHead 285.0 535.0 373.0 579.0
WheatHead 293.0 647.0 441.0 708.0
WheatHead 849.0 757.0 924.0 799.0
WheatHead 415.0 479.0 495.0 522.0
WheatHead 0.0 999.0 31.0 1022.0
WheatHead 0.0 642.0 55.0 694.0
WheatHead 101.0 395.0 147.0 425.0
WheatHead 294.0 578.0 381.0 621.0
WheatHead 146.10000610351562 430.29998779296875 303.29998779296875 469.5
WheatHead 570.0 360.0 664.0 417.0
WheatHead 792.0 736.0 849.0 778.0
WheatHead 757.0 674.0 818.0 727.0
WheatHead 978.0 764.0 1024.0 813.0
WheatHead 245.0 540.0 347.0 596.0
WheatHead 22.0 501.0 131.0 558.0
WheatHead 69.0 0.0 207.0 47.0
WheatHead 250.0 109.0 295.0 149.0
