WheatHead 957.0 678.0 1024.0 775.0
WheatHead 824.0 806.0 939.0 888.0
WheatHead 969.0 17.0 1023.0 106.0
WheatHead 56.0 394.0 158.0 514.0
WheatHead 212.0 517.0 286.0 614.0
WheatHead 832.0 529.0 926.0 660.0
WheatHead 52.0 523.0 154.0 622.0
WheatHead 122.0 189.0 261.0 284.0
WheatHead 906.0 156.0 1024.0 279.0
WheatHead 716.0 355.0 829.0 502.0
WheatHead 775.0 637.0 847.0 716.0
WheatHead 716.0 878.0 821.0 980.0
WheatHead 808.0 258.0 916.0 353.0
WheatHead 0.0 730.0 106.0 843.0
WheatHead 801.0 757.0 903.0 834.0
WheatHead 619.0 0.0 729.0 130.0
