WheatHead 930.0 970.0 1022.0 1024.0
WheatHead 875.0 676.0 980.0 794.0
WheatHead 427.0 592.0 542.0 723.0
WheatHead 706.0 837.0 796.0 967.0
WheatHead 441.0 841.0 564.0 972.0
WheatHead 476.0 460.0 568.0 542.0
WheatHead 522.0 962.0 609.0 1024.0
WheatHead 294.0 581.0 377.0 679.0
WheatHead 307.0 169.0 476.0 322.0
WheatHead 821.0 870.0 896.0 944.0
WheatHead 103.0 803.0 221.0 916.0
WheatHead 645.0 537.0 814.0 688.0
WheatHead 899.0 402.0 997.0 603.0
WheatHead 604.0 343.0 747.0 506.0
WheatHead 341.0 493.0 428.0 578.0
WheatHead 950.0 241.0 1024.0 421.0
WheatHead 332.0 916.0 399.0 977.0
WheatHead 803.0 202.0 875.0 314.0
WheatHead 11.0 277.0 147.0 459.0
WheatHead 924.0 2.0 1024.0 76.0
WheatHead 757.0 972.0 824.0 1024.0
WheatHead 570.0 204.0 693.0 267.0
WheatHead 2.0 2.0 74.0 145.0
WheatHead 2.0 171.0 60.0 273.0
WheatHead 2.0 448.0 112.0 570.0
WheatHead 2.0 660.0 102.0 775.0
WheatHead 878.0 217.0 952.0 448.0
WheatHead 309.0 242.0 384.0 348.0
WheatHead 839.0 461.0 927.0 600.0
WheatHead 952.0 178.0 1023.0 280.0
WheatHead 817.0 643.0 896.0 719.0
WheatHead 573.0 58.0 669.0 163.0
WheatHead 0.0 345.0 55.0 439.0
