WheatHead 811.0 185.0 871.0 308.0
WheatHead 476.0 491.0 570.0 604.0
WheatHead 6.0 468.0 165.0 555.0
WheatHead 748.0 0.0 815.0 66.0
WheatHead 0.0 479.0 51.0 588.0
WheatHead 184.0 215.0 290.0 322.0
WheatHead 505.0 116.0 582.0 281.0
WheatHead 869.0 927.0 985.0 976.0
WheatHead 0.0 210.0 84.0 260.0
WheatHead 331.0 237.0 395.0 311.0
WheatHead 798.0 338.0 921.0 400.0
WheatHead 741.0 882.0 802.0 1018.0
WheatHead 271.0 547.0 360.0 693.0
WheatHead 65.0 652.0 204.0 716.0
WheatHead 529.0 372.0 600.0 421.0
WheatHead 70.0 208.0 203.0 258.0
WheatHead 621.0 962.0 677.0 1024.0
WheatHead 901.0 27.0 974.0 99.0
WheatHead 84.0 13.0 230.0 79.0
WheatHead 383.0 185.0 461.0 308.0
WheatHead 877.0 50.0 989.0 125.0
WheatHead 158.0 456.0 273.0 554.0
WheatHead 562.0 133.0 699.0 297.0
WheatHead 910.0 191.0 992.0 274.0
WheatHead 131.0 139.0 221.0 182.0
WheatHead 636.0 787.0 760.0 826.0
WheatHead 644.0 135.0 752.0 210.0
WheatHead 326.0 202.0 425.0 278.0
WheatHead 677.0 719.0 746.0 787.0
WheatHead 34.0 582.0 192.0 671.0
WheatHead 0.0 880.0 118.0 954.0
WheatHead 0.0 578.0 69.0 655.0
WheatHead 936.0 895.0 1024.0 955.0
WheatHead 677.0 548.0 734.0 602.0
WheatHead 137.0 693.0 211.0 789.0
WheatHead 544.0 821.0 611.0 880.0
WheatHead 539.0 831.0 593.0 970.0
WheatHead 479.0 1.0 567.0 39.0
WheatHead 324.0 887.0 440.0 946.0
WheatHead 207.0 62.0 255.0 140.0
WheatHead 1013.0 350.0 1024.0 371.0
WheatHead 913.0 988.0 959.0 1024.0
WheatHead 0.0 5.0 45.0 65.0
WheatHead 828.0 824.0 898.0 865.0
WheatHead 602.0 673.0 663.0 734.0
WheatHead 966.0 270.0 1024.0 293.0
WheatHead 862.0 163.0 999.0 195.0
WheatHead 761.0 656.0 836.0 719.0
WheatHead 100.0 994.0 250.0 1024.0
WheatHead 855.0 713.0 921.0 769.0
WheatHead 813.0 649.0 918.0 686.0
WheatHead 626.0 645.0 675.0 690.0
WheatHead 270.0 888.0 395.0 964.0
WheatHead 782.0 161.0 856.0 185.0
WheatHead 262.0 0.0 305.0 27.0
WheatHead 182.0 684.0 314.0 740.0
WheatHead 311.0 974.0 440.0 1024.0
WheatHead 65.0 709.0 152.0 749.0
WheatHead 1.0 638.0 66.0 667.0
WheatHead 938.0 714.0 1024.0 752.0
WheatHead 178.0 915.0 333.0 957.0
WheatHead 0.0 132.0 50.0 180.0
WheatHead 763.0 764.0 850.0 802.0
WheatHead 937.0 861.0 1024.0 902.0
WheatHead 317.0 757.0 380.0 793.0
WheatHead 234.0 979.0 353.0 1024.0
WheatHead 312.0 0.0 370.0 44.0
