WheatHead 704.0 320.0 785.0 412.0
WheatHead 642.0 399.0 734.0 491.0
WheatHead 791.0 0.0 860.0 2.0
WheatHead 862.0 453.0 983.0 563.0
WheatHead 589.0 283.0 712.0 349.0
WheatHead 737.0 104.0 821.0 192.0
WheatHead 915.0 865.0 989.0 1008.0
WheatHead 817.0 931.0 912.0 1024.0
WheatHead 609.0 834.0 686.0 906.0
WheatHead 314.0 348.0 396.0 460.0
WheatHead 885.0 617.0 985.0 776.0
WheatHead 491.0 780.0 593.0 875.0
WheatHead 901.0 46.0 977.0 151.0
WheatHead 688.0 668.0 762.0 750.0
WheatHead 742.0 816.0 819.0 893.0
WheatHead 744.0 517.0 862.0 596.0
WheatHead 844.0 120.0 934.0 212.0
WheatHead 547.0 578.0 693.0 655.0
WheatHead 376.0 481.0 468.0 634.0
WheatHead 970.0 340.0 1024.0 422.0
WheatHead 791.0 646.0 861.0 736.0
WheatHead 573.0 750.0 657.0 842.0
WheatHead 441.0 873.0 566.0 1024.0
WheatHead 821.0 814.0 916.0 934.0
WheatHead 651.0 874.0 784.0 978.0
WheatHead 938.0 250.0 1024.0 352.0
WheatHead 954.0 675.0 1024.0 785.0
WheatHead 791.0 643.0 874.0 804.0
WheatHead 529.0 624.0 611.0 714.0
WheatHead 730.0 895.0 818.0 1024.0
