WheatHead 763.0 625.0 862.0 713.0
WheatHead 615.0 407.0 694.0 474.0
WheatHead 671.0 376.0 746.0 463.0
WheatHead 857.0 612.0 1024.0 702.0
WheatHead 129.0 683.0 192.0 826.0
WheatHead 224.0 652.0 343.0 732.0
WheatHead 577.0 734.0 657.0 854.0
WheatHead 663.0 144.0 766.0 260.0
WheatHead 35.0 152.0 121.0 283.0
WheatHead 807.0 692.0 912.0 772.0
WheatHead 568.0 292.0 635.0 377.0
WheatHead 583.0 207.0 673.0 303.0
WheatHead 899.0 686.0 1013.0 824.0
WheatHead 782.0 228.0 910.0 288.0
WheatHead 444.0 0.0 534.0 79.0
WheatHead 149.0 817.0 282.0 902.0
WheatHead 683.0 774.0 776.0 867.0
WheatHead 71.0 941.0 216.0 1024.0
WheatHead 557.0 0.0 636.0 39.0
WheatHead 77.0 307.0 170.0 507.0
WheatHead 489.0 811.0 582.0 924.0
WheatHead 759.0 289.0 854.0 363.0
WheatHead 0.0 912.0 42.0 1024.0
WheatHead 676.0 602.0 763.0 664.0
WheatHead 583.0 568.0 666.0 671.0
WheatHead 653.0 492.0 747.0 579.0
WheatHead 755.0 160.0 881.0 225.0
WheatHead 945.0 165.0 1024.0 251.0
WheatHead 898.0 69.0 1001.0 133.0
WheatHead 750.0 64.0 843.0 129.0
WheatHead 684.0 16.0 770.0 78.0
WheatHead 640.0 47.0 719.0 136.0
