WheatHead 506.0 246.0 624.0 329.0
WheatHead 562.0 359.0 632.0 399.0
WheatHead 318.0 315.0 480.0 400.0
WheatHead 669.0 154.0 780.0 266.0
WheatHead 390.0 87.0 493.0 172.0
WheatHead 182.0 169.0 291.0 266.0
WheatHead 32.0 188.0 145.0 289.0
WheatHead 26.0 34.0 138.0 148.0
WheatHead 787.0 0.0 915.0 60.0
WheatHead 935.0 0.0 1024.0 79.0
WheatHead 972.0 346.0 1024.0 465.0
WheatHead 930.0 474.0 1024.0 562.0
WheatHead 901.0 956.0 1015.0 1008.0
WheatHead 721.0 949.0 879.0 1024.0
WheatHead 246.0 969.0 395.0 1024.0
WheatHead 168.0 809.0 255.0 881.0
WheatHead 372.0 766.0 471.0 852.0
WheatHead 482.0 747.0 621.0 851.0
WheatHead 688.0 726.0 784.0 878.0
WheatHead 851.0 834.0 884.0 870.0
WheatHead 530.0 668.0 649.0 733.0
WheatHead 538.0 615.0 608.0 668.0
WheatHead 212.0 556.0 294.0 673.0
WheatHead 0.0 898.0 73.0 973.0
WheatHead 65.0 440.0 147.0 523.0
WheatHead 143.0 560.0 196.0 611.0
WheatHead 178.0 436.0 247.0 525.0
WheatHead 156.0 0.0 248.0 73.0
WheatHead 445.0 202.0 524.0 307.0
