WheatHead 4.0 16.0 121.0 85.0
WheatHead 110.0 266.0 202.0 350.0
WheatHead 53.0 115.0 189.0 222.0
WheatHead 709.0 140.0 796.0 222.0
WheatHead 655.0 627.0 724.0 698.0
WheatHead 704.0 296.0 819.0 384.0
WheatHead 471.0 30.0 545.0 130.0
WheatHead 30.0 435.0 120.0 504.0
WheatHead 0.0 307.0 87.0 391.0
WheatHead 532.0 227.0 627.0 291.0
WheatHead 232.0 0.0 414.0 53.0
WheatHead 783.0 76.0 953.0 165.0
WheatHead 576.0 576.0 709.0 645.0
WheatHead 419.0 263.0 537.0 376.0
WheatHead 10.0 847.0 110.0 947.0
WheatHead 138.0 396.0 212.0 491.0
WheatHead 820.0 951.0 928.0 1005.0
WheatHead 586.0 381.0 670.0 453.0
WheatHead 0.0 593.0 2.0 670.0
WheatHead 688.0 796.0 798.0 911.0
WheatHead 645.0 373.0 724.0 442.0
WheatHead 617.0 968.0 707.0 1024.0
WheatHead 0.0 476.0 2.0 545.0
WheatHead 457.0 938.0 588.0 1024.0
WheatHead 640.0 852.0 791.0 939.0
