WheatHead 43.0 825.0 160.0 897.0
WheatHead 141.0 770.0 216.0 863.0
WheatHead 171.0 854.0 221.0 926.0
WheatHead 359.0 979.0 488.0 1024.0
WheatHead 818.0 641.0 911.0 825.0
WheatHead 635.0 806.0 742.0 899.0
WheatHead 613.0 533.0 690.0 661.0
WheatHead 664.0 612.0 731.0 725.0
WheatHead 433.0 642.0 546.0 695.0
WheatHead 430.0 527.0 526.0 600.0
WheatHead 563.0 680.0 630.0 772.0
WheatHead 309.0 740.0 387.0 836.0
WheatHead 344.0 833.0 429.0 916.0
WheatHead 130.0 698.0 230.0 750.0
WheatHead 97.0 493.0 191.0 572.0
WheatHead 18.0 374.0 112.0 434.0
WheatHead 109.0 348.0 208.0 403.0
WheatHead 137.0 422.0 220.0 489.0
WheatHead 271.0 310.0 406.0 414.0
WheatHead 361.0 467.0 436.0 605.0
WheatHead 137.0 64.0 204.0 157.0
WheatHead 11.0 195.0 82.0 262.0
WheatHead 58.0 193.0 108.0 331.0
WheatHead 104.0 253.0 157.0 298.0
WheatHead 206.0 206.0 314.0 281.0
WheatHead 333.0 180.0 380.0 240.0
WheatHead 417.0 366.0 474.0 456.0
WheatHead 492.0 434.0 586.0 496.0
WheatHead 576.0 350.0 657.0 413.0
WheatHead 594.0 403.0 681.0 458.0
WheatHead 350.0 63.0 438.0 205.0
WheatHead 467.0 43.0 542.0 123.0
WheatHead 780.0 0.0 843.0 44.0
WheatHead 851.0 0.0 918.0 43.0
WheatHead 925.0 0.0 987.0 83.0
WheatHead 705.0 18.0 778.0 148.0
WheatHead 661.0 134.0 729.0 243.0
WheatHead 701.0 280.0 822.0 336.0
WheatHead 813.0 78.0 866.0 168.0
WheatHead 933.0 220.0 993.0 275.0
WheatHead 398.0 9.0 446.0 62.0
WheatHead 640.0 294.0 729.0 346.0
WheatHead 524.0 370.0 600.0 429.0
WheatHead 646.0 788.0 698.0 837.0
WheatHead 952.0 955.0 1024.0 1017.0
WheatHead 57.0 49.0 91.0 85.0
