WheatHead 461.0 221.0 546.0 334.0
WheatHead 565.0 227.0 678.0 304.0
WheatHead 458.0 15.0 542.0 89.0
WheatHead 718.0 0.0 785.0 52.0
WheatHead 519.0 330.0 632.0 407.0
WheatHead 611.0 0.0 683.0 89.0
WheatHead 545.0 130.0 619.0 225.0
WheatHead 702.0 456.0 818.0 529.0
WheatHead 332.0 606.0 399.0 742.0
WheatHead 680.0 212.0 860.0 279.0
WheatHead 488.0 407.0 563.0 483.0
WheatHead 612.0 792.0 688.0 900.0
WheatHead 784.0 368.0 908.0 452.0
WheatHead 772.0 0.0 862.0 67.0
WheatHead 750.0 389.0 841.0 455.0
WheatHead 713.0 409.0 816.0 470.0
