WheatHead 161.0 0.0 253.0 45.0
WheatHead 2.0 10.0 63.0 75.0
WheatHead 276.0 0.0 385.0 51.0
WheatHead 385.0 13.0 467.0 77.0
WheatHead 189.0 309.0 289.0 360.0
WheatHead 226.0 376.0 295.0 434.0
WheatHead 47.0 350.0 152.0 423.0
WheatHead 101.0 421.0 183.0 512.0
WheatHead 0.0 340.0 46.0 437.0
WheatHead 0.0 425.0 121.0 502.0
WheatHead 11.0 509.0 69.0 601.0
WheatHead 184.0 473.0 296.0 546.0
WheatHead 424.0 379.0 560.0 462.0
WheatHead 507.0 473.0 621.0 563.0
WheatHead 598.0 395.0 695.0 460.0
WheatHead 661.0 425.0 770.0 486.0
WheatHead 758.0 358.0 857.0 438.0
WheatHead 619.0 542.0 687.0 614.0
WheatHead 622.0 475.0 710.0 551.0
WheatHead 682.0 551.0 749.0 639.0
WheatHead 741.0 524.0 801.0 621.0
WheatHead 735.0 600.0 834.0 706.0
WheatHead 150.0 650.0 245.0 746.0
WheatHead 211.0 643.0 277.0 724.0
WheatHead 17.0 611.0 66.0 669.0
WheatHead 292.0 714.0 375.0 799.0
WheatHead 251.0 756.0 311.0 839.0
WheatHead 192.0 751.0 261.0 830.0
WheatHead 159.0 789.0 207.0 849.0
WheatHead 103.0 871.0 168.0 947.0
WheatHead 155.0 923.0 235.0 1007.0
WheatHead 178.0 841.0 260.0 928.0
WheatHead 275.0 829.0 348.0 905.0
WheatHead 253.0 892.0 341.0 956.0
WheatHead 316.0 959.0 390.0 1024.0
WheatHead 461.0 879.0 575.0 955.0
WheatHead 466.0 979.0 548.0 1024.0
WheatHead 511.0 664.0 572.0 738.0
WheatHead 472.0 733.0 550.0 813.0
WheatHead 556.0 685.0 626.0 768.0
WheatHead 613.0 698.0 716.0 779.0
WheatHead 535.0 775.0 625.0 899.0
WheatHead 592.0 847.0 682.0 942.0
WheatHead 662.0 782.0 731.0 865.0
WheatHead 718.0 795.0 785.0 880.0
WheatHead 858.0 867.0 956.0 953.0
WheatHead 934.0 826.0 1021.0 897.0
WheatHead 902.0 769.0 981.0 870.0
WheatHead 839.0 721.0 912.0 817.0
WheatHead 781.0 739.0 847.0 800.0
WheatHead 894.0 649.0 966.0 721.0
WheatHead 990.0 444.0 1024.0 504.0
WheatHead 931.0 383.0 1013.0 469.0
WheatHead 790.0 45.0 865.0 123.0
WheatHead 601.0 26.0 693.0 96.0
WheatHead 73.0 233.0 143.0 284.0
WheatHead 703.0 975.0 779.0 1024.0
WheatHead 413.0 849.0 501.0 920.0
