WheatHead 860.0 389.0 941.0 447.0
WheatHead 377.0 569.0 463.0 635.0
WheatHead 257.0 303.0 338.0 354.0
WheatHead 724.0 481.0 817.0 588.0
WheatHead 90.0 373.0 170.0 420.0
WheatHead 48.0 419.0 171.0 500.0
WheatHead 903.0 307.0 962.0 382.0
WheatHead 209.0 935.0 289.0 1021.0
WheatHead 822.0 294.0 911.0 369.0
WheatHead 145.0 274.0 221.0 371.0
WheatHead 261.0 346.0 324.0 393.0
WheatHead 872.0 707.0 941.0 776.0
WheatHead 974.0 494.0 1024.0 567.0
WheatHead 64.0 107.0 178.0 229.0
WheatHead 304.0 958.0 396.0 1024.0
WheatHead 400.0 117.0 493.0 207.0
WheatHead 889.0 478.0 972.0 551.0
WheatHead 838.0 565.0 915.0 719.0
WheatHead 724.0 690.0 803.0 807.0
WheatHead 666.0 811.0 764.0 925.0
WheatHead 764.0 16.0 844.0 167.0
WheatHead 896.0 23.0 995.0 167.0
WheatHead 313.0 138.0 419.0 298.0
WheatHead 32.0 5.0 182.0 87.0
WheatHead 272.0 0.0 375.0 89.0
WheatHead 289.0 407.0 402.0 584.0
WheatHead 754.0 407.0 844.0 470.0
WheatHead 215.0 850.0 300.0 937.0
WheatHead 762.0 834.0 854.0 905.0
WheatHead 877.0 239.0 959.0 313.0
WheatHead 214.0 75.0 319.0 196.0
WheatHead 194.0 184.0 284.0 293.0
WheatHead 262.0 218.0 303.0 282.0
WheatHead 621.0 377.0 719.0 433.0
WheatHead 306.0 87.0 367.0 180.0
