WheatHead 304.0 431.0 376.0 503.0
WheatHead 263.0 565.0 355.0 652.0
WheatHead 157.0 4.0 239.0 111.0
WheatHead 381.0 586.0 465.0 660.0
WheatHead 168.0 389.0 266.0 471.0
WheatHead 709.0 171.0 821.0 248.0
WheatHead 92.0 250.0 179.0 348.0
WheatHead 663.0 673.0 750.0 801.0
WheatHead 535.0 15.0 637.0 97.0
WheatHead 386.0 163.0 529.0 294.0
WheatHead 737.0 600.0 807.0 654.0
WheatHead 855.0 697.0 943.0 841.0
WheatHead 696.0 826.0 811.0 924.0
WheatHead 225.0 746.0 289.0 813.0
WheatHead 566.0 420.0 625.0 482.0
WheatHead 154.0 843.0 232.0 917.0
WheatHead 734.0 351.0 799.0 412.0
WheatHead 135.0 352.0 199.0 403.0
WheatHead 134.0 737.0 206.0 814.0
WheatHead 2.0 464.0 68.0 530.0
WheatHead 55.0 574.0 147.0 663.0
WheatHead 51.0 368.0 107.0 445.0
WheatHead 0.0 368.0 53.0 475.0
WheatHead 770.0 7.0 860.0 104.0
WheatHead 834.0 13.0 911.0 123.0
WheatHead 1.0 620.0 76.0 739.0
WheatHead 48.0 757.0 112.0 803.0
WheatHead 313.0 372.0 417.0 429.0
