WheatHead 632.0 950.0 748.0 1024.0
WheatHead 514.0 192.0 596.0 266.0
WheatHead 12.0 652.0 139.0 748.0
WheatHead 655.0 436.0 739.0 535.0
WheatHead 724.0 683.0 801.0 762.0
WheatHead 0.0 368.0 74.0 468.0
WheatHead 0.0 81.0 58.0 158.0
WheatHead 739.0 0.0 916.0 56.0
WheatHead 762.0 470.0 823.0 552.0
WheatHead 627.0 15.0 704.0 81.0
WheatHead 611.0 302.0 688.0 363.0
WheatHead 742.0 158.0 857.0 232.0
WheatHead 496.0 934.0 591.0 1000.0
WheatHead 468.0 53.0 560.0 112.0
WheatHead 691.0 76.0 747.0 133.0
WheatHead 768.0 35.0 870.0 117.0
WheatHead 25.0 353.0 120.0 463.0
WheatHead 533.0 506.0 587.0 596.0
WheatHead 724.0 112.0 844.0 181.0
WheatHead 936.0 168.0 1024.0 279.0
WheatHead 959.0 264.0 1024.0 334.0
WheatHead 860.0 981.0 1001.0 1024.0
