WheatHead 671.0 408.0 726.0 510.0
WheatHead 338.0 462.0 408.0 544.0
WheatHead 275.0 903.0 374.0 963.0
WheatHead 931.0 8.0 995.0 86.0
WheatHead 326.0 312.0 398.0 382.0
WheatHead 191.0 98.0 268.0 172.0
WheatHead 270.0 51.0 330.0 118.0
WheatHead 0.0 162.0 46.0 225.0
WheatHead 667.0 6.0 757.0 60.0
WheatHead 809.0 914.0 890.0 970.0
WheatHead 182.0 531.0 289.0 604.0
WheatHead 6.0 258.0 54.0 339.0
WheatHead 828.0 2.0 872.0 86.0
WheatHead 823.0 939.0 861.0 1022.0
WheatHead 0.0 290.0 32.0 353.0
WheatHead 103.0 696.0 173.0 744.0
WheatHead 456.0 667.0 521.0 724.0
WheatHead 439.0 947.0 507.0 995.0
WheatHead 228.0 494.0 301.0 544.0
WheatHead 234.0 693.0 335.0 738.0
WheatHead 498.0 126.0 581.0 208.0
WheatHead 348.0 1.0 439.0 32.0
WheatHead 148.0 339.0 226.0 385.0
WheatHead 0.0 535.0 61.0 585.0
WheatHead 753.0 516.0 821.0 562.0
WheatHead 42.0 64.0 128.0 106.0
WheatHead 289.0 0.0 350.0 36.0
WheatHead 764.0 697.0 827.0 746.0
WheatHead 729.0 623.0 793.0 659.0
WheatHead 12.0 221.0 111.0 314.0
WheatHead 516.0 322.0 584.0 361.0
WheatHead 233.0 297.0 278.0 356.0
WheatHead 103.0 0.0 143.0 53.0
WheatHead 357.0 789.0 428.0 832.0
WheatHead 802.0 350.0 845.0 405.0
WheatHead 481.0 184.0 548.0 247.0
WheatHead 0.0 940.0 23.0 970.0
WheatHead 503.0 637.0 570.0 671.0
WheatHead 120.0 148.0 222.0 275.0
WheatHead 895.0 614.0 946.0 673.0
WheatHead 557.0 920.0 623.0 968.0
WheatHead 770.0 546.0 819.0 615.0
WheatHead 903.0 121.0 970.0 169.0
WheatHead 0.0 550.0 35.0 599.0
WheatHead 379.0 1004.0 456.0 1022.0
WheatHead 211.0 1003.0 283.0 1019.0
WheatHead 120.0 42.0 180.0 69.0
WheatHead 626.0 350.0 679.0 393.0
WheatHead 237.0 963.0 299.0 987.0
WheatHead 759.0 909.0 820.0 958.0
WheatHead 479.0 361.0 536.0 389.0
WheatHead 921.0 361.0 969.0 385.0
WheatHead 890.0 735.0 942.0 764.0
WheatHead 868.0 503.0 912.0 563.0
WheatHead 641.0 899.0 724.0 933.0
WheatHead 397.0 723.0 467.0 760.0
WheatHead 896.0 323.0 966.0 362.0
WheatHead 521.0 737.0 572.0 770.0
WheatHead 536.0 356.0 580.0 395.0
WheatHead 867.0 885.0 970.0 984.0
WheatHead 391.0 338.0 458.0 365.0
WheatHead 353.0 591.0 457.0 660.0
WheatHead 693.0 976.0 779.0 1002.0
WheatHead 937.0 548.0 993.0 592.0
WheatHead 985.0 936.0 1024.0 974.0
WheatHead 558.0 950.0 596.0 996.0
WheatHead 193.0 662.0 245.0 701.0
WheatHead 0.0 752.0 17.0 782.0
WheatHead 969.0 549.0 1018.0 584.0
WheatHead 557.0 179.0 622.0 254.0
WheatHead 914.0 920.0 1024.0 973.0
WheatHead 991.0 966.0 1024.0 1019.0
