WheatHead 107.0 986.0 193.0 1024.0
WheatHead 227.0 969.0 294.0 1024.0
WheatHead 283.0 986.0 357.0 1024.0
WheatHead 42.0 854.0 119.0 932.0
WheatHead 0.0 779.0 45.0 850.0
WheatHead 168.0 832.0 241.0 918.0
WheatHead 75.0 743.0 164.0 799.0
WheatHead 0.0 719.0 38.0 768.0
WheatHead 487.0 952.0 565.0 1023.0
WheatHead 669.0 974.0 743.0 1024.0
WheatHead 715.0 890.0 799.0 972.0
WheatHead 612.0 746.0 700.0 859.0
WheatHead 588.0 723.0 667.0 799.0
WheatHead 496.0 723.0 582.0 793.0
WheatHead 288.0 704.0 355.0 766.0
WheatHead 299.0 605.0 355.0 688.0
WheatHead 397.0 560.0 469.0 631.0
WheatHead 434.0 499.0 497.0 560.0
WheatHead 544.0 525.0 623.0 595.0
WheatHead 492.0 295.0 576.0 401.0
WheatHead 478.0 452.0 537.0 520.0
WheatHead 526.0 416.0 567.0 477.0
WheatHead 823.0 331.0 922.0 407.0
WheatHead 348.0 318.0 416.0 395.0
WheatHead 265.0 396.0 381.0 457.0
WheatHead 194.0 432.0 267.0 526.0
WheatHead 174.0 351.0 256.0 420.0
WheatHead 222.0 306.0 333.0 358.0
WheatHead 248.0 342.0 324.0 403.0
WheatHead 36.0 340.0 99.0 407.0
WheatHead 102.0 412.0 178.0 479.0
WheatHead 26.0 490.0 85.0 555.0
WheatHead 92.0 190.0 139.0 237.0
WheatHead 69.0 57.0 132.0 106.0
WheatHead 319.0 1.0 425.0 86.0
WheatHead 412.0 14.0 488.0 87.0
WheatHead 625.0 116.0 704.0 195.0
WheatHead 801.0 160.0 893.0 247.0
WheatHead 920.0 101.0 991.0 206.0
WheatHead 981.0 103.0 1024.0 159.0
WheatHead 961.0 62.0 1024.0 116.0
WheatHead 949.0 458.0 1024.0 541.0
WheatHead 849.0 603.0 915.0 724.0
WheatHead 893.0 669.0 988.0 762.0
WheatHead 977.0 766.0 1024.0 832.0
WheatHead 914.0 759.0 981.0 830.0
WheatHead 828.0 755.0 935.0 823.0
WheatHead 816.0 864.0 889.0 919.0
WheatHead 808.0 916.0 864.0 975.0
WheatHead 867.0 900.0 931.0 983.0
WheatHead 892.0 836.0 969.0 922.0
WheatHead 80.0 505.0 138.0 565.0
WheatHead 570.0 2.0 678.0 66.0
WheatHead 803.0 607.0 869.0 692.0
WheatHead 11.0 0.0 73.0 41.0
WheatHead 0.0 0.0 22.0 35.0
WheatHead 0.0 19.0 27.0 105.0
WheatHead 326.0 228.0 385.0 289.0
WheatHead 202.0 582.0 252.0 646.0
WheatHead 430.0 587.0 485.0 661.0
WheatHead 410.0 343.0 482.0 394.0
WheatHead 488.0 397.0 523.0 424.0
WheatHead 58.0 172.0 115.0 226.0
WheatHead 351.0 0.0 390.0 12.0
