WheatHead 0.0 975.0 31.0 1024.0
WheatHead 257.0 983.0 377.0 1024.0
WheatHead 226.0 849.0 300.0 974.0
WheatHead 326.0 854.0 390.0 901.0
WheatHead 325.0 935.0 399.0 1005.0
WheatHead 456.0 958.0 527.0 1024.0
WheatHead 496.0 885.0 560.0 946.0
WheatHead 529.0 928.0 603.0 1002.0
WheatHead 665.0 967.0 777.0 1024.0
WheatHead 805.0 981.0 888.0 1024.0
WheatHead 829.0 901.0 913.0 993.0
WheatHead 970.0 784.0 1024.0 851.0
WheatHead 406.0 629.0 479.0 731.0
WheatHead 478.0 633.0 539.0 714.0
WheatHead 609.0 620.0 680.0 694.0
WheatHead 497.0 558.0 589.0 631.0
WheatHead 402.0 551.0 472.0 631.0
WheatHead 254.0 509.0 330.0 586.0
WheatHead 684.0 578.0 752.0 634.0
WheatHead 718.0 614.0 782.0 678.0
WheatHead 762.0 545.0 883.0 659.0
WheatHead 950.0 530.0 1024.0 603.0
WheatHead 840.0 345.0 919.0 433.0
WheatHead 823.0 400.0 905.0 536.0
WheatHead 504.0 240.0 598.0 312.0
WheatHead 631.0 244.0 715.0 320.0
WheatHead 544.0 312.0 616.0 378.0
WheatHead 224.0 224.0 295.0 291.0
WheatHead 188.0 178.0 245.0 242.0
WheatHead 435.0 166.0 501.0 241.0
WheatHead 388.0 95.0 478.0 178.0
WheatHead 352.0 27.0 425.0 93.0
WheatHead 376.0 0.0 439.0 39.0
WheatHead 504.0 34.0 572.0 119.0
WheatHead 612.0 47.0 677.0 110.0
WheatHead 853.0 0.0 922.0 41.0
WheatHead 775.0 11.0 878.0 88.0
WheatHead 811.0 90.0 908.0 161.0
WheatHead 963.0 132.0 1024.0 220.0
WheatHead 134.0 67.0 204.0 135.0
WheatHead 25.0 207.0 86.0 282.0
WheatHead 50.0 259.0 133.0 342.0
WheatHead 66.0 550.0 130.0 620.0
WheatHead 29.0 599.0 100.0 674.0
WheatHead 0.0 738.0 86.0 817.0
WheatHead 855.0 604.0 941.0 685.0
WheatHead 1.0 167.0 55.0 221.0
WheatHead 0.0 392.0 18.0 445.0
WheatHead 516.0 138.0 554.0 187.0
WheatHead 796.0 62.0 857.0 118.0
WheatHead 798.0 461.0 841.0 526.0
WheatHead 274.0 919.0 350.0 1011.0
WheatHead 16.0 962.0 61.0 1024.0
WheatHead 52.0 986.0 95.0 1024.0
