WheatHead 29.0 156.0 154.0 267.0
WheatHead 27.0 71.0 130.0 164.0
WheatHead 221.0 558.0 352.0 656.0
WheatHead 711.0 701.0 982.0 899.0
WheatHead 384.0 791.0 519.0 901.0
WheatHead 665.0 491.0 811.0 570.0
WheatHead 464.0 154.0 556.0 223.0
WheatHead 202.0 94.0 377.0 238.0
WheatHead 771.0 293.0 914.0 370.0
WheatHead 156.0 440.0 368.0 561.0
WheatHead 811.0 483.0 1024.0 596.0
WheatHead 256.0 337.0 430.0 490.0
WheatHead 134.0 794.0 244.0 924.0
WheatHead 344.0 110.0 472.0 210.0
WheatHead 919.0 332.0 1023.0 451.0
WheatHead 537.0 0.0 758.0 82.0
WheatHead 366.0 693.0 547.0 801.0
WheatHead 609.0 366.0 803.0 455.0
WheatHead 501.0 394.0 663.0 504.0
WheatHead 502.0 591.0 712.0 768.0
WheatHead 547.0 765.0 734.0 875.0
WheatHead 39.0 940.0 157.0 1022.0
WheatHead 765.0 409.0 855.0 478.0
WheatHead 419.0 578.0 542.0 652.0
WheatHead 519.0 343.0 629.0 404.0
WheatHead 784.0 231.0 937.0 319.0
