WheatHead 262.0 0.0 352.0 58.0
WheatHead 368.0 0.0 429.0 92.0
WheatHead 399.0 47.0 501.0 135.0
WheatHead 953.0 27.0 1024.0 109.0
WheatHead 671.0 49.0 759.0 126.0
WheatHead 594.0 34.0 690.0 100.0
WheatHead 860.0 77.0 955.0 150.0
WheatHead 781.0 98.0 845.0 175.0
WheatHead 585.0 336.0 676.0 385.0
WheatHead 645.0 407.0 766.0 514.0
WheatHead 254.0 124.0 337.0 212.0
WheatHead 331.0 149.0 380.0 258.0
WheatHead 0.0 279.0 58.0 346.0
WheatHead 64.0 467.0 129.0 531.0
WheatHead 68.0 548.0 135.0 620.0
WheatHead 171.0 535.0 250.0 634.0
WheatHead 202.0 458.0 272.0 542.0
WheatHead 507.0 479.0 582.0 571.0
WheatHead 575.0 602.0 699.0 680.0
WheatHead 744.0 665.0 859.0 808.0
WheatHead 713.0 772.0 784.0 847.0
WheatHead 595.0 688.0 694.0 754.0
WheatHead 500.0 811.0 574.0 975.0
WheatHead 630.0 873.0 699.0 937.0
WheatHead 716.0 878.0 783.0 970.0
WheatHead 362.0 784.0 449.0 862.0
WheatHead 342.0 877.0 425.0 971.0
WheatHead 175.0 856.0 264.0 926.0
WheatHead 114.0 788.0 183.0 855.0
WheatHead 55.0 769.0 120.0 864.0
WheatHead 0.0 752.0 43.0 822.0
WheatHead 114.0 925.0 189.0 1024.0
WheatHead 220.0 735.0 273.0 783.0
WheatHead 253.0 679.0 305.0 714.0
WheatHead 268.0 615.0 347.0 680.0
WheatHead 324.0 630.0 390.0 705.0
WheatHead 254.0 269.0 290.0 329.0
WheatHead 389.0 404.0 433.0 459.0
WheatHead 175.0 102.0 224.0 167.0
WheatHead 572.0 225.0 673.0 301.0
WheatHead 643.0 530.0 713.0 580.0
WheatHead 408.0 552.0 485.0 617.0
WheatHead 438.0 646.0 506.0 722.0
WheatHead 663.0 964.0 721.0 1017.0
WheatHead 864.0 689.0 923.0 726.0
WheatHead 925.0 469.0 996.0 518.0
WheatHead 972.0 400.0 1024.0 488.0
