WheatHead 690.0 720.0 750.0 816.0
WheatHead 0.0 567.0 73.0 662.0
WheatHead 585.0 301.0 656.0 383.0
WheatHead 756.0 243.0 819.0 324.0
WheatHead 329.0 487.0 419.0 582.0
WheatHead 132.0 592.0 199.0 666.0
WheatHead 195.0 140.0 273.0 210.0
WheatHead 111.0 767.0 176.0 845.0
WheatHead 252.0 73.0 330.0 150.0
WheatHead 721.0 555.0 781.0 634.0
WheatHead 591.0 701.0 662.0 772.0
WheatHead 767.0 125.0 824.0 211.0
WheatHead 417.0 0.0 503.0 123.0
WheatHead 607.0 64.0 658.0 143.0
WheatHead 787.0 824.0 851.0 958.0
WheatHead 16.0 924.0 84.0 972.0
WheatHead 909.0 88.0 947.0 191.0
WheatHead 582.0 477.0 673.0 560.0
WheatHead 826.0 350.0 882.0 421.0
WheatHead 429.0 785.0 514.0 880.0
WheatHead 696.0 842.0 804.0 899.0
WheatHead 697.0 102.0 752.0 181.0
WheatHead 187.0 353.0 253.0 423.0
WheatHead 10.0 401.0 93.0 486.0
WheatHead 316.0 237.0 409.0 285.0
WheatHead 0.0 107.0 41.0 155.0
WheatHead 519.0 666.0 567.0 750.0
WheatHead 572.0 106.0 628.0 220.0
WheatHead 828.0 821.0 876.0 901.0
WheatHead 880.0 393.0 925.0 464.0
WheatHead 124.0 320.0 172.0 394.0
WheatHead 320.0 273.0 394.0 330.0
WheatHead 669.0 622.0 734.0 677.0
WheatHead 985.0 299.0 1024.0 367.0
WheatHead 85.0 849.0 184.0 928.0
WheatHead 963.0 112.0 1016.0 195.0
WheatHead 381.0 365.0 434.0 455.0
WheatHead 522.0 416.0 552.0 507.0
WheatHead 882.0 502.0 930.0 576.0
WheatHead 305.0 860.0 339.0 928.0
WheatHead 537.0 329.0 577.0 415.0
WheatHead 501.0 140.0 567.0 195.0
WheatHead 546.0 450.0 593.0 520.0
WheatHead 964.0 145.0 1007.0 217.0
WheatHead 67.0 0.0 145.0 49.0
WheatHead 78.0 444.0 130.0 532.0
WheatHead 589.0 842.0 651.0 888.0
WheatHead 809.0 88.0 836.0 166.0
WheatHead 382.0 653.0 434.0 690.0
WheatHead 38.0 361.0 95.0 410.0
WheatHead 708.0 942.0 788.0 991.0
WheatHead 65.0 698.0 149.0 763.0
WheatHead 823.0 92.0 847.0 169.0
WheatHead 505.0 838.0 561.0 890.0
WheatHead 219.0 950.0 286.0 1000.0
WheatHead 652.0 0.0 788.0 48.0
WheatHead 665.0 23.0 743.0 129.0
WheatHead 826.0 180.0 862.0 233.0
WheatHead 293.0 589.0 360.0 629.0
WheatHead 640.0 794.0 694.0 831.0
WheatHead 823.0 565.0 862.0 646.0
WheatHead 333.0 193.0 389.0 333.0
WheatHead 705.0 582.0 756.0 633.0
WheatHead 0.0 0.0 27.0 91.0
WheatHead 869.0 755.0 943.0 801.0
WheatHead 792.0 592.0 828.0 637.0
WheatHead 640.0 795.0 726.0 836.0
WheatHead 260.0 514.0 346.0 547.0
WheatHead 270.0 483.0 311.0 532.0
WheatHead 105.0 455.0 173.0 531.0
WheatHead 539.0 199.0 592.0 233.0
WheatHead 236.0 218.0 291.0 277.0
WheatHead 3.0 208.0 40.0 277.0
WheatHead 747.0 894.0 803.0 952.0
WheatHead 408.0 41.0 509.0 149.0
