WheatHead 30.0 241.0 99.0 335.0
WheatHead 195.0 187.0 266.0 283.0
WheatHead 865.0 726.0 925.0 817.0
WheatHead 536.0 230.0 600.0 323.0
WheatHead 2.0 439.0 66.0 539.0
WheatHead 821.0 259.0 898.0 341.0
WheatHead 653.0 379.0 727.0 471.0
WheatHead 516.0 122.0 587.0 230.0
WheatHead 88.0 221.0 166.0 316.0
WheatHead 401.0 887.0 464.0 981.0
WheatHead 1.0 61.0 69.0 154.0
WheatHead 68.0 126.0 152.0 212.0
WheatHead 95.0 311.0 165.0 405.0
WheatHead 554.0 559.0 623.0 662.0
WheatHead 614.0 0.0 674.0 66.0
WheatHead 758.0 749.0 832.0 823.0
WheatHead 584.0 352.0 644.0 445.0
WheatHead 215.0 322.0 281.0 423.0
WheatHead 679.0 595.0 759.0 701.0
WheatHead 140.0 451.0 228.0 543.0
WheatHead 973.0 589.0 1021.0 711.0
WheatHead 425.0 656.0 491.0 727.0
WheatHead 745.0 498.0 818.0 582.0
WheatHead 716.0 965.0 779.0 1021.0
WheatHead 344.0 708.0 408.0 791.0
WheatHead 950.0 678.0 1004.0 785.0
WheatHead 53.0 645.0 131.0 755.0
WheatHead 110.0 494.0 203.0 591.0
WheatHead 391.0 113.0 483.0 243.0
WheatHead 27.0 38.0 101.0 128.0
WheatHead 514.0 10.0 567.0 131.0
WheatHead 404.0 253.0 471.0 354.0
WheatHead 872.0 4.0 912.0 90.0
WheatHead 595.0 887.0 658.0 953.0
WheatHead 266.0 348.0 339.0 451.0
WheatHead 157.0 932.0 226.0 991.0
WheatHead 240.0 967.0 333.0 1022.0
WheatHead 329.0 551.0 397.0 629.0
WheatHead 151.0 972.0 222.0 1022.0
WheatHead 596.0 481.0 646.0 570.0
WheatHead 580.0 761.0 634.0 828.0
WheatHead 823.0 326.0 869.0 420.0
WheatHead 400.0 230.0 512.0 312.0
WheatHead 969.0 524.0 1024.0 636.0
WheatHead 75.0 914.0 162.0 974.0
WheatHead 918.0 976.0 969.0 1024.0
WheatHead 765.0 0.0 815.0 58.0
WheatHead 172.0 288.0 237.0 390.0
WheatHead 473.0 669.0 525.0 742.0
WheatHead 185.0 649.0 258.0 714.0
WheatHead 1002.0 0.0 1024.0 46.0
WheatHead 644.0 73.0 701.0 165.0
WheatHead 970.0 974.0 1011.0 1024.0
WheatHead 894.0 723.0 937.0 793.0
WheatHead 152.0 655.0 196.0 716.0
WheatHead 658.0 0.0 699.0 50.0
WheatHead 454.0 0.0 494.0 60.0
WheatHead 547.0 320.0 599.0 434.0
WheatHead 174.0 759.0 222.0 821.0
WheatHead 948.0 651.0 1003.0 718.0
WheatHead 90.0 413.0 139.0 480.0
WheatHead 114.0 728.0 190.0 762.0
WheatHead 139.0 0.0 195.0 54.0
WheatHead 740.0 513.0 793.0 578.0
WheatHead 176.0 551.0 242.0 599.0
