WheatHead 0.0 35.0 41.0 125.0
WheatHead 256.0 0.0 336.0 70.0
WheatHead 507.0 0.0 584.0 74.0
WheatHead 86.0 88.0 173.0 186.0
WheatHead 683.0 0.0 777.0 102.0
WheatHead 644.0 141.0 700.0 204.0
WheatHead 770.0 224.0 837.0 316.0
WheatHead 409.0 216.0 502.0 316.0
WheatHead 519.0 350.0 612.0 470.0
WheatHead 679.0 346.0 754.0 421.0
WheatHead 826.0 397.0 891.0 488.0
WheatHead 714.0 449.0 799.0 529.0
WheatHead 620.0 453.0 697.0 527.0
WheatHead 504.0 519.0 584.0 620.0
WheatHead 679.0 555.0 760.0 637.0
WheatHead 208.0 364.0 285.0 458.0
WheatHead 134.0 439.0 198.0 527.0
WheatHead 70.0 344.0 157.0 417.0
WheatHead 0.0 381.0 82.0 453.0
WheatHead 0.0 657.0 45.0 740.0
WheatHead 130.0 712.0 212.0 801.0
WheatHead 161.0 811.0 240.0 909.0
WheatHead 0.0 870.0 58.0 980.0
WheatHead 388.0 722.0 498.0 848.0
WheatHead 271.0 488.0 407.0 705.0
WheatHead 770.0 640.0 854.0 765.0
WheatHead 856.0 651.0 927.0 775.0
WheatHead 563.0 972.0 601.0 1024.0
WheatHead 472.0 929.0 533.0 1002.0
WheatHead 216.0 923.0 350.0 1024.0
WheatHead 949.0 478.0 1024.0 555.0
WheatHead 970.0 376.0 1024.0 449.0
WheatHead 902.0 256.0 1019.0 321.0
WheatHead 958.0 130.0 1024.0 204.0
WheatHead 907.0 60.0 974.0 120.0
WheatHead 970.0 4.0 1024.0 67.0
WheatHead 988.0 872.0 1024.0 933.0
WheatHead 978.0 902.0 1024.0 1016.0
WheatHead 1003.0 305.0 1024.0 381.0
WheatHead 978.0 229.0 1024.0 288.0
