WheatHead 106.0 47.0 196.0 103.0
WheatHead 70.0 155.0 143.0 233.0
WheatHead 415.0 670.0 531.0 719.0
WheatHead 203.0 402.0 273.0 480.0
WheatHead 9.0 440.0 132.0 556.0
WheatHead 663.0 517.0 781.0 577.0
WheatHead 946.0 383.0 1021.0 446.0
WheatHead 151.0 167.0 275.0 256.0
WheatHead 322.0 681.0 394.0 770.0
WheatHead 985.0 109.0 1024.0 207.0
WheatHead 299.0 215.0 428.0 283.0
WheatHead 264.0 873.0 349.0 967.0
WheatHead 243.0 122.0 318.0 210.0
WheatHead 73.0 853.0 172.0 907.0
WheatHead 12.0 875.0 112.0 949.0
WheatHead 644.0 256.0 716.0 293.0
WheatHead 495.0 656.0 622.0 706.0
WheatHead 709.0 410.0 774.0 465.0
WheatHead 983.0 249.0 1022.0 314.0
WheatHead 383.0 849.0 471.0 906.0
WheatHead 394.0 285.0 465.0 323.0
WheatHead 688.0 700.0 737.0 772.0
WheatHead 856.0 169.0 920.0 236.0
WheatHead 578.0 978.0 649.0 1013.0
WheatHead 6.0 787.0 98.0 841.0
WheatHead 128.0 504.0 198.0 569.0
WheatHead 256.0 981.0 338.0 1020.0
WheatHead 664.0 753.0 744.0 798.0
WheatHead 0.0 771.0 32.0 832.0
WheatHead 729.0 892.0 825.0 931.0
WheatHead 402.0 588.0 516.0 631.0
WheatHead 711.0 297.0 756.0 352.0
WheatHead 286.0 267.0 386.0 312.0
WheatHead 677.0 785.0 785.0 832.0
WheatHead 0.0 669.0 44.0 704.0
WheatHead 247.0 729.0 322.0 769.0
WheatHead 38.0 251.0 134.0 305.0
WheatHead 0.0 981.0 20.0 1018.0
WheatHead 681.0 234.0 729.0 274.0
WheatHead 856.0 931.0 931.0 985.0
WheatHead 0.0 912.0 57.0 936.0
WheatHead 210.0 311.0 263.0 364.0
WheatHead 981.0 307.0 1024.0 342.0
WheatHead 76.0 759.0 139.0 816.0
WheatHead 0.0 935.0 54.0 968.0
WheatHead 921.0 632.0 991.0 671.0
WheatHead 928.0 998.0 972.0 1022.0
WheatHead 334.0 603.0 433.0 647.0
WheatHead 988.0 494.0 1024.0 531.0
WheatHead 577.0 204.0 633.0 234.0
WheatHead 882.0 854.0 921.0 899.0
WheatHead 0.0 735.0 68.0 778.0
WheatHead 741.0 942.0 812.0 985.0
WheatHead 151.0 325.0 203.0 356.0
WheatHead 116.0 146.0 215.0 188.0
WheatHead 544.0 446.0 638.0 495.0
WheatHead 479.0 943.0 578.0 997.0
WheatHead 87.0 0.0 266.0 32.0
WheatHead 389.0 830.0 517.0 882.0
WheatHead 443.0 627.0 542.0 703.0
WheatHead 548.0 333.0 600.0 456.0
WheatHead 565.0 341.0 638.0 385.0
WheatHead 989.0 675.0 1024.0 721.0
WheatHead 349.0 295.0 399.0 334.0
