WheatHead 60.0 108.0 185.0 212.0
WheatHead 31.0 354.0 134.0 565.0
WheatHead 208.0 579.0 391.0 667.0
WheatHead 399.0 309.0 539.0 386.0
WheatHead 340.0 88.0 462.0 202.0
WheatHead 805.0 121.0 893.0 224.0
WheatHead 787.0 397.0 868.0 523.0
WheatHead 821.0 592.0 956.0 710.0
WheatHead 931.0 190.0 1010.0 397.0
WheatHead 992.0 230.0 1024.0 419.0
WheatHead 702.0 673.0 815.0 752.0
WheatHead 362.0 848.0 476.0 935.0
WheatHead 330.0 951.0 409.0 1024.0
WheatHead 218.0 1010.0 283.0 1024.0
WheatHead 665.0 909.0 754.0 1024.0
WheatHead 878.0 913.0 945.0 982.0
WheatHead 992.0 889.0 1024.0 998.0
WheatHead 998.0 728.0 1024.0 819.0
WheatHead 401.0 248.0 531.0 316.0
WheatHead 610.0 0.0 764.0 50.0
WheatHead 0.0 889.0 63.0 971.0
WheatHead 433.0 977.0 529.0 1024.0
WheatHead 807.0 955.0 897.0 1016.0
