WheatHead 125.0 64.0 220.0 156.0
WheatHead 747.0 760.0 852.0 901.0
WheatHead 268.0 148.0 335.0 243.0
WheatHead 853.0 272.0 966.0 377.0
WheatHead 811.0 409.0 965.0 565.0
WheatHead 291.0 0.0 366.0 153.0
WheatHead 61.0 38.0 133.0 110.0
WheatHead 921.0 329.0 1013.0 426.0
WheatHead 117.0 404.0 232.0 535.0
WheatHead 803.0 496.0 878.0 611.0
WheatHead 721.0 0.0 791.0 40.0
WheatHead 215.0 0.0 301.0 60.0
WheatHead 987.0 11.0 1024.0 86.0
WheatHead 957.0 468.0 1024.0 596.0
WheatHead 647.0 897.0 714.0 1024.0
WheatHead 30.0 276.0 145.0 450.0
WheatHead 847.0 158.0 934.0 294.0
WheatHead 977.0 824.0 1024.0 985.0
WheatHead 66.0 872.0 138.0 1016.0
WheatHead 171.0 335.0 261.0 450.0
WheatHead 236.0 55.0 310.0 120.0
WheatHead 207.0 217.0 271.0 353.0
WheatHead 110.0 808.0 215.0 953.0
WheatHead 609.0 606.0 686.0 686.0
WheatHead 157.0 804.0 242.0 1024.0
WheatHead 913.0 172.0 993.0 274.0
WheatHead 903.0 417.0 980.0 581.0
WheatHead 2.0 358.0 61.0 578.0
WheatHead 2.0 706.0 43.0 872.0
WheatHead 38.0 727.0 128.0 883.0
WheatHead 215.0 824.0 271.0 990.0
WheatHead 258.0 780.0 337.0 985.0
WheatHead 358.0 698.0 417.0 796.0
WheatHead 302.0 880.0 366.0 1016.0
WheatHead 834.0 949.0 944.0 1024.0
WheatHead 711.0 967.0 798.0 1024.0
WheatHead 0.0 92.0 42.0 178.0
WheatHead 122.0 0.0 201.0 32.0
