WheatHead 804.0 434.0 929.0 536.0
WheatHead 751.0 572.0 883.0 693.0
WheatHead 733.0 135.0 838.0 258.0
WheatHead 609.0 227.0 713.0 341.0
WheatHead 433.0 264.0 515.0 363.0
WheatHead 188.0 203.0 369.0 338.0
WheatHead 190.0 393.0 335.0 491.0
WheatHead 472.0 435.0 570.0 534.0
WheatHead 408.0 689.0 616.0 781.0
WheatHead 192.0 735.0 279.0 785.0
WheatHead 711.0 903.0 822.0 1005.0
WheatHead 480.0 824.0 627.0 886.0
WheatHead 71.0 96.0 168.0 165.0
WheatHead 0.0 139.0 92.0 190.0
WheatHead 0.0 187.0 89.0 229.0
WheatHead 352.0 34.0 402.0 125.0
WheatHead 392.0 39.0 438.0 116.0
WheatHead 380.0 139.0 482.0 224.0
WheatHead 492.0 195.0 577.0 280.0
WheatHead 936.0 183.0 1024.0 263.0
WheatHead 934.0 115.0 1024.0 188.0
WheatHead 663.0 361.0 751.0 431.0
WheatHead 811.0 349.0 885.0 426.0
WheatHead 135.0 474.0 236.0 552.0
WheatHead 211.0 358.0 309.0 425.0
WheatHead 182.0 796.0 261.0 845.0
WheatHead 576.0 599.0 665.0 663.0
WheatHead 965.0 835.0 1022.0 910.0
WheatHead 429.0 781.0 547.0 831.0
WheatHead 564.0 881.0 625.0 931.0
WheatHead 515.0 307.0 613.0 394.0
