WheatHead 632.0 0.0 725.0 60.0
WheatHead 382.0 220.0 534.0 297.0
WheatHead 256.0 211.0 382.0 275.0
WheatHead 243.0 256.0 342.0 320.0
WheatHead 358.0 277.0 433.0 351.0
WheatHead 153.0 261.0 278.0 359.0
WheatHead 0.0 130.0 116.0 182.0
WheatHead 19.0 32.0 92.0 99.0
WheatHead 0.0 36.0 38.0 95.0
WheatHead 12.0 260.0 79.0 387.0
WheatHead 39.0 382.0 116.0 442.0
WheatHead 0.0 404.0 58.0 483.0
WheatHead 115.0 425.0 170.0 504.0
WheatHead 177.0 432.0 257.0 517.0
WheatHead 213.0 476.0 270.0 537.0
WheatHead 250.0 508.0 320.0 563.0
WheatHead 25.0 503.0 96.0 585.0
WheatHead 0.0 632.0 102.0 742.0
WheatHead 157.0 667.0 243.0 763.0
WheatHead 239.0 647.0 321.0 753.0
WheatHead 385.0 665.0 516.0 728.0
WheatHead 268.0 796.0 341.0 873.0
WheatHead 199.0 832.0 267.0 897.0
WheatHead 658.0 387.0 786.0 455.0
WheatHead 263.0 958.0 356.0 1024.0
WheatHead 685.0 974.0 749.0 1024.0
WheatHead 915.0 932.0 975.0 1002.0
WheatHead 987.0 768.0 1024.0 836.0
WheatHead 960.0 246.0 1024.0 297.0
