WheatHead 783.0 501.0 878.0 640.0
WheatHead 896.0 332.0 1024.0 401.0
WheatHead 519.0 453.0 634.0 573.0
WheatHead 153.0 263.0 294.0 335.0
WheatHead 130.0 898.0 240.0 1024.0
WheatHead 279.0 317.0 363.0 445.0
WheatHead 860.0 660.0 1024.0 765.0
WheatHead 596.0 719.0 760.0 824.0
WheatHead 89.0 821.0 261.0 908.0
WheatHead 158.0 545.0 232.0 622.0
WheatHead 99.0 468.0 179.0 558.0
WheatHead 20.0 232.0 99.0 373.0
WheatHead 289.0 750.0 353.0 847.0
WheatHead 619.0 839.0 785.0 1024.0
WheatHead 286.0 855.0 343.0 934.0
WheatHead 145.0 2.0 284.0 186.0
WheatHead 299.0 465.0 509.0 568.0
WheatHead 806.0 220.0 929.0 309.0
WheatHead 732.0 629.0 814.0 803.0
WheatHead 947.0 122.0 1024.0 240.0
WheatHead 427.0 350.0 570.0 458.0
WheatHead 660.0 345.0 747.0 473.0
WheatHead 427.0 545.0 519.0 693.0
WheatHead 396.0 238.0 727.0 332.0
WheatHead 885.0 2.0 1008.0 64.0
WheatHead 179.0 622.0 309.0 701.0
WheatHead 583.0 207.0 724.0 501.0
WheatHead 243.0 414.0 337.0 576.0
WheatHead 212.0 2.0 389.0 71.0
WheatHead 752.0 829.0 919.0 1024.0
WheatHead 986.0 39.0 1024.0 108.0
WheatHead 729.0 143.0 798.0 412.0
WheatHead 744.0 655.0 857.0 960.0
WheatHead 519.0 199.0 599.0 337.0
WheatHead 898.0 171.0 993.0 309.0
WheatHead 852.0 949.0 947.0 1024.0
WheatHead 780.0 222.0 834.0 309.0
WheatHead 322.0 23.0 376.0 171.0
WheatHead 89.0 2.0 138.0 53.0
WheatHead 158.0 122.0 250.0 289.0
WheatHead 317.0 307.0 381.0 450.0
WheatHead 465.0 317.0 552.0 506.0
WheatHead 2.0 476.0 43.0 540.0
WheatHead 762.0 872.0 875.0 1008.0
WheatHead 2.0 893.0 58.0 960.0
WheatHead 968.0 801.0 1024.0 872.0
