WheatHead 58.0 206.0 146.0 264.0
WheatHead 15.0 0.0 99.0 87.0
WheatHead 879.0 296.0 961.0 356.0
WheatHead 267.0 334.0 339.0 400.0
WheatHead 86.0 430.0 174.0 481.0
WheatHead 0.0 155.0 15.0 204.0
WheatHead 363.0 245.0 436.0 296.0
WheatHead 892.0 121.0 942.0 196.0
WheatHead 354.0 472.0 423.0 521.0
WheatHead 965.0 363.0 1017.0 434.0
WheatHead 711.0 691.0 780.0 749.0
WheatHead 65.0 731.0 121.0 793.0
WheatHead 0.0 801.0 36.0 836.0
WheatHead 931.0 839.0 988.0 876.0
WheatHead 729.0 243.0 791.0 297.0
WheatHead 566.0 450.0 640.0 491.0
WheatHead 230.0 705.0 319.0 746.0
WheatHead 64.0 350.0 145.0 403.0
WheatHead 75.0 278.0 175.0 317.0
WheatHead 554.0 118.0 633.0 173.0
WheatHead 806.0 312.0 874.0 363.0
WheatHead 854.0 512.0 937.0 546.0
WheatHead 761.0 61.0 808.0 124.0
WheatHead 494.0 862.0 564.0 918.0
WheatHead 812.0 694.0 876.0 759.0
WheatHead 367.0 66.0 420.0 117.0
WheatHead 438.0 436.0 506.0 471.0
WheatHead 712.0 655.0 772.0 708.0
WheatHead 475.0 753.0 540.0 818.0
WheatHead 285.0 472.0 341.0 518.0
WheatHead 274.0 737.0 346.0 783.0
WheatHead 869.0 800.0 925.0 845.0
WheatHead 450.0 658.0 514.0 703.0
WheatHead 230.0 958.0 318.0 993.0
WheatHead 791.0 363.0 856.0 413.0
WheatHead 875.0 714.0 907.0 800.0
WheatHead 959.0 26.0 1024.0 84.0
WheatHead 143.0 910.0 229.0 970.0
WheatHead 0.0 55.0 73.0 108.0
WheatHead 700.0 746.0 735.0 812.0
WheatHead 461.0 466.0 517.0 527.0
WheatHead 61.0 466.0 147.0 527.0
WheatHead 264.0 515.0 346.0 580.0
WheatHead 296.0 118.0 361.0 177.0
WheatHead 715.0 31.0 771.0 83.0
WheatHead 516.0 742.0 592.0 794.0
WheatHead 289.0 172.0 390.0 222.0
WheatHead 438.0 0.0 509.0 43.0
WheatHead 776.0 550.0 836.0 577.0
WheatHead 885.0 27.0 947.0 90.0
WheatHead 948.0 35.0 998.0 99.0
WheatHead 479.0 660.0 558.0 689.0
WheatHead 846.0 879.0 894.0 935.0
WheatHead 463.0 158.0 594.0 198.0
WheatHead 65.0 0.0 144.0 21.0
WheatHead 866.0 53.0 914.0 95.0
WheatHead 0.0 922.0 62.0 965.0
WheatHead 387.0 0.0 442.0 38.0
WheatHead 831.0 484.0 905.0 513.0
WheatHead 685.0 792.0 758.0 837.0
WheatHead 108.0 123.0 212.0 169.0
WheatHead 577.0 1004.0 621.0 1024.0
WheatHead 153.0 852.0 234.0 905.0
WheatHead 955.0 86.0 1018.0 189.0
WheatHead 161.0 963.0 215.0 985.0
WheatHead 545.0 107.0 600.0 182.0
WheatHead 285.0 94.0 338.0 132.0
WheatHead 952.0 0.0 1003.0 36.0
WheatHead 221.0 921.0 295.0 978.0
WheatHead 0.0 528.0 22.0 570.0
WheatHead 262.0 771.0 322.0 794.0
WheatHead 695.0 0.0 745.0 25.0
WheatHead 500.0 622.0 577.0 653.0
WheatHead 479.0 124.0 558.0 170.0
WheatHead 805.0 61.0 881.0 113.0
WheatHead 85.0 326.0 137.0 369.0
WheatHead 0.0 0.0 23.0 68.0
WheatHead 181.0 0.0 238.0 24.0
WheatHead 176.0 162.0 235.0 213.0
WheatHead 194.0 151.0 264.0 179.0
