WheatHead 787.0 0.0 941.0 62.0
WheatHead 550.0 861.0 697.0 960.0
WheatHead 632.0 504.0 793.0 599.0
WheatHead 389.0 547.0 514.0 637.0
WheatHead 816.0 225.0 924.0 291.0
WheatHead 373.0 704.0 504.0 803.0
WheatHead 806.0 468.0 916.0 552.0
WheatHead 642.0 110.0 729.0 202.0
WheatHead 793.0 634.0 893.0 729.0
WheatHead 906.0 637.0 1024.0 721.0
WheatHead 555.0 734.0 696.0 862.0
WheatHead 844.0 811.0 962.0 908.0
WheatHead 619.0 291.0 765.0 381.0
WheatHead 816.0 875.0 936.0 977.0
WheatHead 396.0 422.0 501.0 491.0
WheatHead 734.0 276.0 901.0 389.0
WheatHead 803.0 714.0 901.0 801.0
WheatHead 896.0 568.0 1024.0 645.0
WheatHead 479.0 15.0 584.0 94.0
WheatHead 642.0 673.0 755.0 752.0
WheatHead 611.0 570.0 775.0 665.0
WheatHead 896.0 494.0 1011.0 558.0
WheatHead 573.0 683.0 706.0 765.0
WheatHead 521.0 888.0 660.0 1000.0
WheatHead 422.0 963.0 529.0 1024.0
