WheatHead 555.0 696.0 647.0 806.0
WheatHead 967.0 760.0 1024.0 826.0
WheatHead 875.0 552.0 960.0 650.0
WheatHead 737.0 742.0 834.0 872.0
WheatHead 619.0 107.0 698.0 181.0
WheatHead 703.0 4.0 779.0 70.0
WheatHead 660.0 156.0 750.0 232.0
WheatHead 965.0 663.0 1024.0 751.0
WheatHead 604.0 192.0 691.0 279.0
WheatHead 924.0 337.0 1006.0 419.0
WheatHead 954.0 232.0 1024.0 302.0
WheatHead 872.0 440.0 952.0 512.0
WheatHead 915.0 73.0 995.0 148.0
WheatHead 634.0 363.0 716.0 450.0
WheatHead 645.0 673.0 729.0 775.0
WheatHead 691.0 453.0 775.0 555.0
WheatHead 752.0 565.0 826.0 647.0
WheatHead 939.0 153.0 1021.0 227.0
WheatHead 535.0 808.0 609.0 878.0
WheatHead 21.0 0.0 80.0 50.0
WheatHead 576.0 943.0 634.0 1024.0
WheatHead 984.0 54.0 1024.0 100.0
WheatHead 796.0 568.0 860.0 640.0
WheatHead 573.0 890.0 647.0 962.0
WheatHead 880.0 931.0 936.0 1024.0
WheatHead 694.0 223.0 773.0 303.0
