WheatHead 0.0 0.0 77.0 60.0
WheatHead 211.0 9.0 325.0 107.0
WheatHead 90.0 154.0 214.0 250.0
WheatHead 265.0 252.0 378.0 344.0
WheatHead 491.0 222.0 587.0 346.0
WheatHead 766.0 218.0 907.0 320.0
WheatHead 821.0 410.0 960.0 534.0
WheatHead 0.0 252.0 73.0 356.0
WheatHead 0.0 378.0 71.0 497.0
WheatHead 168.0 480.0 296.0 645.0
WheatHead 785.0 670.0 903.0 775.0
WheatHead 0.0 698.0 100.0 835.0
WheatHead 883.0 7.0 967.0 107.0
WheatHead 512.0 58.0 604.0 157.0
WheatHead 54.0 63.0 135.0 142.0
WheatHead 69.0 466.0 154.0 558.0
WheatHead 240.0 819.0 361.0 894.0
WheatHead 75.0 975.0 158.0 1024.0
WheatHead 192.0 974.0 281.0 1024.0
WheatHead 111.0 294.0 194.0 366.0
WheatHead 288.0 62.0 404.0 161.0
WheatHead 406.0 523.0 476.0 592.0
WheatHead 452.0 722.0 517.0 799.0
WheatHead 536.0 826.0 619.0 904.0
WheatHead 346.0 969.0 488.0 1022.0
WheatHead 793.0 880.0 940.0 968.0
WheatHead 751.0 62.0 822.0 139.0
WheatHead 994.0 19.0 1024.0 91.0
