WheatHead 144.0 767.0 255.0 853.0
WheatHead 163.0 875.0 237.0 943.0
WheatHead 785.0 173.0 873.0 217.0
WheatHead 513.0 460.0 610.0 618.0
WheatHead 101.0 191.0 159.0 278.0
WheatHead 632.0 842.0 734.0 901.0
WheatHead 170.0 270.0 293.0 318.0
WheatHead 106.0 125.0 211.0 172.0
WheatHead 178.0 210.0 308.0 258.0
WheatHead 804.0 514.0 910.0 558.0
WheatHead 901.0 520.0 985.0 577.0
WheatHead 548.0 354.0 628.0 531.0
WheatHead 886.0 688.0 991.0 746.0
WheatHead 443.0 502.0 540.0 550.0
WheatHead 17.0 471.0 94.0 522.0
WheatHead 349.0 285.0 524.0 329.0
WheatHead 816.0 438.0 873.0 491.0
WheatHead 154.0 550.0 230.0 593.0
WheatHead 644.0 918.0 737.0 963.0
WheatHead 297.0 550.0 410.0 584.0
WheatHead 383.0 707.0 453.0 827.0
WheatHead 879.0 286.0 940.0 323.0
WheatHead 656.0 565.0 783.0 614.0
WheatHead 722.0 636.0 830.0 658.0
WheatHead 305.0 892.0 409.0 928.0
WheatHead 686.0 491.0 824.0 525.0
WheatHead 0.0 431.0 103.0 469.0
WheatHead 699.0 539.0 782.0 559.0
WheatHead 496.0 13.0 576.0 39.0
WheatHead 391.0 32.0 502.0 75.0
WheatHead 154.0 450.0 312.0 546.0
WheatHead 165.0 573.0 206.0 644.0
WheatHead 367.0 677.0 428.0 708.0
WheatHead 301.0 693.0 354.0 724.0
WheatHead 170.0 963.0 271.0 987.0
WheatHead 947.0 0.0 1002.0 24.0
WheatHead 147.0 0.0 244.0 31.0
WheatHead 959.0 335.0 1021.0 368.0
WheatHead 518.0 619.0 648.0 714.0
WheatHead 970.0 252.0 1024.0 296.0
WheatHead 719.0 933.0 806.0 969.0
WheatHead 136.0 689.0 288.0 729.0
WheatHead 895.0 596.0 1024.0 630.0
WheatHead 670.0 962.0 859.0 1008.0
WheatHead 419.0 576.0 572.0 618.0
WheatHead 507.0 144.0 614.0 188.0
WheatHead 2.0 1003.0 68.0 1022.0
WheatHead 623.0 776.0 663.0 855.0
WheatHead 290.0 614.0 352.0 632.0
WheatHead 1.0 940.0 101.0 977.0
WheatHead 903.0 577.0 1002.0 599.0
WheatHead 46.0 992.0 116.0 1022.0
WheatHead 477.0 904.0 565.0 955.0
WheatHead 441.0 116.0 480.0 193.0
WheatHead 408.0 533.0 465.0 550.0
WheatHead 2.0 598.0 83.0 626.0
WheatHead 562.0 15.0 677.0 57.0
WheatHead 80.0 612.0 234.0 737.0
WheatHead 0.0 15.0 200.0 57.0
WheatHead 537.0 864.0 762.0 939.0
WheatHead 0.0 321.0 81.0 383.0
WheatHead 0.0 914.0 58.0 951.0
WheatHead 60.0 582.0 139.0 608.0
WheatHead 301.0 285.0 383.0 323.0
WheatHead 676.0 582.0 766.0 642.0
WheatHead 108.0 939.0 213.0 976.0
WheatHead 240.0 968.0 468.0 1024.0
WheatHead 619.0 0.0 826.0 37.0
WheatHead 155.0 634.0 261.0 718.0
