WheatHead 342.0 659.0 441.0 718.0
WheatHead 559.0 248.0 660.0 326.0
WheatHead 890.0 445.0 981.0 517.0
WheatHead 628.0 404.0 700.0 484.0
WheatHead 468.0 932.0 528.0 1011.0
WheatHead 394.0 255.0 495.0 320.0
WheatHead 804.0 117.0 860.0 193.0
WheatHead 861.0 724.0 968.0 775.0
WheatHead 65.0 113.0 136.0 161.0
WheatHead 857.0 61.0 962.0 185.0
WheatHead 41.599998474121094 646.7000122070312 152.0 723.0
WheatHead 210.0 38.0 303.0 81.0
WheatHead 708.0 928.0 790.0 972.0
WheatHead 161.0 951.0 281.0 995.0
WheatHead 8.0 12.0 132.0 77.0
WheatHead 380.0 53.0 483.0 101.0
WheatHead 510.0 70.0 644.0 122.0
WheatHead 294.0 152.0 394.0 222.0
WheatHead 787.0 4.0 913.0 68.0
WheatHead 512.0 124.0 573.0 193.0
WheatHead 224.0 707.0 331.0 749.0
WheatHead 268.0 314.0 349.0 367.0
WheatHead 87.0 1.0 174.0 47.0
WheatHead 492.0 409.0 562.0 487.0
WheatHead 208.0 126.0 277.0 161.0
WheatHead 695.0 12.0 801.0 72.0
WheatHead 378.0 416.0 481.0 461.0
WheatHead 977.0 111.0 1024.0 158.0
WheatHead 869.0 904.0 928.0 1002.0
WheatHead 27.0 688.0 71.0 763.0
WheatHead 498.0 778.0 596.0 838.0
WheatHead 344.0 314.0 486.0 378.0
WheatHead 831.0 748.0 941.0 803.0
WheatHead 565.0 616.0 674.0 661.0
WheatHead 240.0 281.0 395.0 324.0
WheatHead 596.0 795.0 724.0 835.0
WheatHead 790.0 986.0 867.0 1019.0
WheatHead 389.0 816.0 481.0 857.0
WheatHead 748.0 683.0 838.0 744.0
WheatHead 0.0 529.0 62.0 569.0
WheatHead 1006.0 0.0 1024.0 43.0
WheatHead 294.0 516.0 364.0 557.0
WheatHead 0.0 714.0 53.0 767.0
WheatHead 447.0 857.0 567.0 902.0
WheatHead 501.0 99.0 594.0 150.0
WheatHead 236.0 848.0 328.0 882.0
WheatHead 1004.0 84.0 1024.0 110.0
WheatHead 419.0 374.0 510.0 438.0
WheatHead 350.0 761.0 417.0 816.0
WheatHead 619.0 838.0 689.0 868.0
WheatHead 5.0 760.0 114.0 794.0
WheatHead 17.0 873.0 110.0 903.0
WheatHead 176.0 1.0 311.0 32.0
WheatHead 719.0 866.0 790.0 907.0
WheatHead 688.0 748.0 801.0 835.0
WheatHead 594.0 29.0 695.0 65.0
WheatHead 753.0 841.0 819.0 865.0
WheatHead 374.0 391.0 435.0 420.0
WheatHead 953.0 854.0 999.0 901.0
WheatHead 764.0 768.0 819.0 801.0
WheatHead 297.0 973.0 345.0 1015.0
WheatHead 179.0 726.0 255.0 757.0
WheatHead 558.0 0.0 655.0 28.0
WheatHead 486.0 731.0 546.0 783.0
WheatHead 257.0 738.0 475.0 784.0
WheatHead 283.0 386.0 375.0 437.0
WheatHead 213.0 430.0 405.0 498.0
WheatHead 191.0 456.0 273.0 494.0
WheatHead 907.0 185.0 1024.0 234.0
WheatHead 247.0 0.0 368.0 56.0
WheatHead 357.0 113.0 437.0 165.0
WheatHead 658.0 0.0 739.0 29.0
WheatHead 932.0 936.0 980.0 991.0
WheatHead 305.0 428.0 422.0 465.0
WheatHead 784.0 739.0 854.0 784.0
