WheatHead 768.0 115.0 924.0 186.0
WheatHead 770.0 363.0 885.0 468.0
WheatHead 688.0 496.0 855.0 622.0
WheatHead 614.0 243.0 727.0 332.0
WheatHead 783.0 209.0 926.0 291.0
WheatHead 814.0 33.0 929.0 102.0
WheatHead 896.0 46.0 1024.0 130.0
WheatHead 696.0 419.0 888.0 517.0
WheatHead 706.0 0.0 852.0 40.0
WheatHead 730.0 576.0 868.0 681.0
WheatHead 427.0 202.0 512.0 340.0
WheatHead 896.0 399.0 1024.0 478.0
WheatHead 747.0 145.0 883.0 225.0
WheatHead 957.0 138.0 1024.0 202.0
WheatHead 605.0 380.0 705.0 495.0
