WheatHead 532.0 128.0 613.0 192.0
WheatHead 207.0 210.0 357.0 285.0
WheatHead 169.0 317.0 244.0 438.0
WheatHead 466.0 311.0 590.0 380.0
WheatHead 291.0 475.0 406.0 564.0
WheatHead 616.0 493.0 694.0 540.0
WheatHead 724.0 360.0 820.0 433.0
WheatHead 858.0 325.0 964.0 390.0
WheatHead 842.0 183.0 906.0 249.0
WheatHead 982.0 182.0 1024.0 227.0
WheatHead 994.0 359.0 1024.0 401.0
WheatHead 849.0 410.0 934.0 466.0
WheatHead 894.0 510.0 955.0 566.0
WheatHead 929.0 689.0 999.0 750.0
WheatHead 722.0 649.0 830.0 719.0
WheatHead 690.0 617.0 754.0 667.0
WheatHead 517.0 600.0 610.0 718.0
WheatHead 182.0 651.0 312.0 741.0
WheatHead 163.0 513.0 264.0 573.0
WheatHead 3.0 527.0 124.0 594.0
WheatHead 0.0 397.0 131.0 456.0
WheatHead 47.0 238.0 141.0 295.0
WheatHead 89.0 752.0 148.0 808.0
WheatHead 802.0 875.0 864.0 966.0
WheatHead 694.0 823.0 800.0 889.0
WheatHead 636.0 942.0 713.0 1007.0
WheatHead 538.0 854.0 585.0 949.0
WheatHead 473.0 887.0 541.0 1020.0
WheatHead 291.0 856.0 406.0 981.0
WheatHead 545.0 976.0 605.0 1021.0
WheatHead 173.0 953.0 267.0 1022.0
WheatHead 72.0 862.0 150.0 965.0
WheatHead 0.0 960.0 92.0 1017.0
WheatHead 0.0 884.0 83.0 957.0
WheatHead 847.0 966.0 917.0 1024.0
WheatHead 748.0 906.0 800.0 946.0
