WheatHead 475.0 977.0 546.0 1024.0
WheatHead 585.0 871.0 649.0 978.0
WheatHead 653.0 846.0 747.0 936.0
WheatHead 983.0 809.0 1024.0 872.0
WheatHead 924.0 711.0 1003.0 809.0
WheatHead 983.0 696.0 1024.0 777.0
WheatHead 812.0 613.0 880.0 678.0
WheatHead 430.0 861.0 533.0 925.0
WheatHead 331.0 943.0 435.0 1011.0
WheatHead 515.0 772.0 608.0 888.0
WheatHead 474.0 753.0 527.0 822.0
WheatHead 587.0 797.0 653.0 870.0
WheatHead 895.0 494.0 967.0 572.0
WheatHead 962.0 464.0 1024.0 627.0
WheatHead 825.0 387.0 943.0 461.0
WheatHead 971.0 383.0 1023.0 437.0
WheatHead 950.0 71.0 1024.0 184.0
WheatHead 866.0 129.0 946.0 213.0
WheatHead 727.0 113.0 873.0 199.0
WheatHead 746.0 5.0 832.0 78.0
WheatHead 673.0 188.0 802.0 279.0
WheatHead 639.0 226.0 699.0 356.0
WheatHead 550.0 420.0 648.0 496.0
WheatHead 535.0 503.0 597.0 620.0
WheatHead 504.0 536.0 563.0 635.0
WheatHead 367.0 582.0 450.0 637.0
WheatHead 292.0 449.0 362.0 523.0
WheatHead 382.0 307.0 453.0 399.0
WheatHead 331.0 626.0 427.0 711.0
WheatHead 274.0 689.0 341.0 739.0
WheatHead 276.0 733.0 358.0 782.0
WheatHead 291.0 761.0 353.0 840.0
WheatHead 326.0 815.0 406.0 875.0
WheatHead 219.0 921.0 311.0 990.0
WheatHead 147.0 972.0 209.0 1024.0
WheatHead 7.0 984.0 121.0 1024.0
WheatHead 38.0 809.0 96.0 921.0
WheatHead 86.0 873.0 133.0 932.0
WheatHead 0.0 689.0 61.0 781.0
WheatHead 177.0 642.0 240.0 718.0
WheatHead 14.0 562.0 96.0 663.0
WheatHead 86.0 560.0 170.0 649.0
WheatHead 17.0 216.0 97.0 284.0
WheatHead 15.0 354.0 86.0 417.0
WheatHead 91.0 315.0 147.0 369.0
WheatHead 159.0 284.0 292.0 386.0
WheatHead 232.0 422.0 293.0 502.0
WheatHead 0.0 119.0 40.0 169.0
WheatHead 155.0 10.0 207.0 68.0
WheatHead 202.0 0.0 330.0 60.0
WheatHead 365.0 2.0 443.0 109.0
WheatHead 450.0 32.0 533.0 97.0
WheatHead 327.0 86.0 437.0 208.0
WheatHead 343.0 166.0 425.0 251.0
WheatHead 412.0 121.0 482.0 181.0
WheatHead 419.0 0.0 526.0 38.0
WheatHead 953.0 668.0 1002.0 761.0
WheatHead 659.0 0.0 730.0 73.0
WheatHead 84.0 58.0 152.0 130.0
WheatHead 56.0 792.0 135.0 846.0
WheatHead 996.0 319.0 1024.0 386.0
WheatHead 932.0 551.0 993.0 609.0
WheatHead 84.0 993.0 159.0 1024.0
WheatHead 0.0 793.0 25.0 856.0
