WheatHead 0.0 856.0 26.0 950.0
WheatHead 280.0 922.0 414.0 1015.0
WheatHead 275.0 979.0 394.0 1024.0
WheatHead 175.0 910.0 231.0 993.0
WheatHead 222.0 799.0 333.0 850.0
WheatHead 228.0 740.0 295.0 801.0
WheatHead 13.0 731.0 94.0 816.0
WheatHead 84.0 703.0 157.0 795.0
WheatHead 282.0 605.0 403.0 725.0
WheatHead 402.0 658.0 488.0 735.0
WheatHead 421.0 736.0 468.0 818.0
WheatHead 489.0 804.0 549.0 870.0
WheatHead 560.0 917.0 659.0 977.0
WheatHead 625.0 889.0 683.0 939.0
WheatHead 543.0 982.0 607.0 1024.0
WheatHead 627.0 959.0 762.0 1024.0
WheatHead 744.0 968.0 865.0 1024.0
WheatHead 755.0 893.0 840.0 952.0
WheatHead 776.0 808.0 852.0 873.0
WheatHead 688.0 703.0 739.0 759.0
WheatHead 741.0 715.0 803.0 782.0
WheatHead 674.0 631.0 743.0 708.0
WheatHead 0.0 503.0 47.0 575.0
WheatHead 0.0 379.0 78.0 531.0
WheatHead 124.0 402.0 194.0 454.0
WheatHead 141.0 304.0 200.0 366.0
WheatHead 161.0 232.0 236.0 299.0
WheatHead 65.0 191.0 136.0 272.0
WheatHead 13.0 112.0 121.0 199.0
WheatHead 126.0 87.0 192.0 157.0
WheatHead 101.0 0.0 236.0 64.0
WheatHead 214.0 0.0 278.0 51.0
WheatHead 333.0 0.0 397.0 75.0
WheatHead 450.0 0.0 529.0 78.0
WheatHead 823.0 0.0 885.0 16.0
WheatHead 582.0 17.0 656.0 79.0
WheatHead 672.0 158.0 737.0 226.0
WheatHead 521.0 193.0 610.0 263.0
WheatHead 473.0 343.0 576.0 414.0
WheatHead 451.0 425.0 518.0 492.0
WheatHead 519.0 428.0 611.0 515.0
WheatHead 607.0 426.0 686.0 503.0
WheatHead 548.0 510.0 659.0 581.0
WheatHead 716.0 469.0 772.0 524.0
WheatHead 840.0 370.0 906.0 434.0
WheatHead 774.0 288.0 850.0 351.0
WheatHead 840.0 166.0 928.0 236.0
WheatHead 897.0 98.0 964.0 162.0
WheatHead 1010.0 104.0 1024.0 183.0
WheatHead 940.0 272.0 1024.0 342.0
WheatHead 1007.0 359.0 1024.0 435.0
WheatHead 881.0 524.0 950.0 582.0
WheatHead 839.0 660.0 905.0 728.0
WheatHead 866.0 703.0 938.0 768.0
WheatHead 935.0 656.0 1018.0 738.0
WheatHead 842.0 764.0 904.0 834.0
WheatHead 836.0 825.0 931.0 896.0
WheatHead 963.0 823.0 1024.0 893.0
WheatHead 965.0 948.0 1024.0 1014.0
WheatHead 467.0 925.0 545.0 983.0
WheatHead 245.0 540.0 311.0 618.0
WheatHead 254.0 897.0 340.0 955.0
WheatHead 627.0 513.0 683.0 580.0
