WheatHead 320.0 236.0 393.0 342.0
WheatHead 84.0 454.0 165.0 544.0
WheatHead 558.0 133.0 649.0 239.0
WheatHead 958.0 8.0 1024.0 94.0
WheatHead 928.0 920.0 1002.0 992.0
WheatHead 533.0 23.0 640.0 109.0
WheatHead 193.0 703.0 275.0 765.0
WheatHead 969.0 613.0 1024.0 720.0
WheatHead 690.0 199.0 765.0 314.0
WheatHead 4.0 357.0 111.0 447.0
WheatHead 649.0 944.0 728.0 1024.0
WheatHead 118.0 20.0 178.0 103.0
WheatHead 248.0 1.0 328.0 86.0
WheatHead 655.0 61.0 735.0 157.0
WheatHead 68.0 666.0 177.0 802.0
WheatHead 815.0 211.0 912.0 315.0
WheatHead 978.0 238.0 1024.0 329.0
WheatHead 556.0 757.0 640.0 826.0
WheatHead 423.0 539.0 505.0 593.0
WheatHead 267.0 356.0 330.0 428.0
WheatHead 830.0 715.0 886.0 805.0
WheatHead 861.0 68.0 946.0 154.0
WheatHead 834.0 167.0 895.0 260.0
WheatHead 221.0 17.0 271.0 108.0
WheatHead 716.0 39.0 804.0 113.0
WheatHead 352.0 951.0 439.0 1024.0
WheatHead 126.0 608.0 248.0 701.0
WheatHead 62.0 91.0 148.0 181.0
WheatHead 559.0 844.0 711.0 903.0
WheatHead 270.0 596.0 360.0 669.0
WheatHead 701.0 301.0 774.0 460.0
WheatHead 767.0 13.0 816.0 84.0
WheatHead 303.0 0.0 385.0 56.0
WheatHead 800.0 973.0 861.0 1024.0
WheatHead 47.0 131.0 111.0 267.0
WheatHead 264.0 666.0 325.0 748.0
WheatHead 877.0 793.0 935.0 890.0
WheatHead 955.0 375.0 1024.0 506.0
WheatHead 474.0 195.0 531.0 360.0
WheatHead 176.0 430.0 252.0 509.0
WheatHead 105.0 880.0 172.0 929.0
WheatHead 360.0 548.0 419.0 626.0
WheatHead 562.0 352.0 614.0 417.0
WheatHead 469.0 420.0 545.0 496.0
WheatHead 636.0 755.0 677.0 813.0
WheatHead 544.0 892.0 593.0 1005.0
WheatHead 653.0 283.0 686.0 352.0
WheatHead 2.0 544.0 59.0 622.0
WheatHead 905.0 212.0 961.0 271.0
WheatHead 372.0 550.0 443.0 593.0
WheatHead 907.0 673.0 955.0 759.0
WheatHead 32.0 704.0 96.0 753.0
WheatHead 317.0 672.0 384.0 729.0
WheatHead 563.0 630.0 607.0 720.0
WheatHead 585.0 681.0 652.0 741.0
WheatHead 385.0 685.0 432.0 826.0
WheatHead 858.0 526.0 895.0 594.0
WheatHead 368.0 46.0 406.0 170.0
WheatHead 700.0 4.0 759.0 47.0
WheatHead 313.0 769.0 373.0 816.0
WheatHead 1.0 499.0 87.0 552.0
WheatHead 939.0 0.0 965.0 43.0
WheatHead 542.0 412.0 588.0 442.0
WheatHead 0.0 796.0 45.0 839.0
WheatHead 659.0 103.0 696.0 173.0
WheatHead 606.0 872.0 632.0 965.0
WheatHead 753.0 733.0 793.0 795.0
WheatHead 978.0 926.0 1023.0 957.0
WheatHead 419.0 466.0 458.0 511.0
WheatHead 203.0 842.0 374.0 961.0
WheatHead 647.0 395.0 737.0 424.0
WheatHead 195.0 780.0 237.0 825.0
WheatHead 611.0 367.0 736.0 450.0
WheatHead 47.0 0.0 92.0 32.0
WheatHead 623.0 416.0 658.0 469.0
WheatHead 454.0 368.0 490.0 428.0
WheatHead 460.0 1002.0 527.0 1024.0
WheatHead 406.0 124.0 451.0 174.0
WheatHead 6.0 121.0 58.0 158.0
WheatHead 201.0 950.0 265.0 988.0
WheatHead 729.0 909.0 806.0 958.0
