WheatHead 128.0 783.0 291.0 919.0
WheatHead 837.0 742.0 1024.0 857.0
WheatHead 788.0 609.0 982.0 736.0
WheatHead 212.0 399.0 414.0 514.0
WheatHead 202.0 511.0 333.0 824.0
WheatHead 296.0 907.0 383.0 968.0
WheatHead 0.0 2.0 114.0 126.0
WheatHead 337.0 491.0 786.0 644.0
WheatHead 933.0 511.0 1024.0 602.0
WheatHead 829.0 2.0 1024.0 222.0
WheatHead 358.0 260.0 578.0 382.0
WheatHead 3.0 301.0 420.0 671.0
WheatHead 0.0 290.0 65.0 397.0
WheatHead 855.0 99.0 1006.0 535.0
WheatHead 279.0 2.0 379.0 96.0
WheatHead 1.0 691.0 117.0 826.0
WheatHead 471.0 122.0 851.0 310.0
WheatHead 938.0 170.0 1024.0 274.0
