WheatHead 991.0 660.0 1024.0 759.0
WheatHead 845.0 1.0 932.0 66.0
WheatHead 431.0 663.0 517.0 718.0
WheatHead 496.0 107.0 600.0 214.0
WheatHead 69.0 659.0 155.0 716.0
WheatHead 593.0 679.0 712.0 729.0
WheatHead 251.0 359.0 370.0 412.0
WheatHead 400.0 363.0 506.0 404.0
WheatHead 55.0 503.0 152.0 630.0
WheatHead 129.0 88.0 229.0 152.0
WheatHead 562.0 365.0 680.0 411.0
WheatHead 566.0 427.0 688.0 483.0
WheatHead 330.0 703.0 425.0 760.0
WheatHead 203.0 469.0 349.0 531.0
WheatHead 208.0 27.0 315.0 121.0
WheatHead 733.0 698.0 859.0 745.0
WheatHead 484.0 245.0 573.0 361.0
WheatHead 197.0 184.0 330.0 221.0
WheatHead 637.0 294.0 752.0 361.0
WheatHead 388.0 513.0 503.0 557.0
WheatHead 625.0 305.0 693.0 396.0
WheatHead 892.0 573.0 980.0 647.0
WheatHead 675.0 170.0 737.0 247.0
WheatHead 797.0 816.0 914.0 865.0
WheatHead 0.0 742.0 111.0 787.0
WheatHead 636.0 761.0 730.0 789.0
WheatHead 431.0 992.0 518.0 1022.0
WheatHead 613.0 646.0 781.0 686.0
WheatHead 175.0 828.0 292.0 911.0
WheatHead 640.0 496.0 738.0 541.0
WheatHead 0.0 241.0 131.0 289.0
WheatHead 897.0 70.0 937.0 126.0
WheatHead 357.0 829.0 496.0 887.0
WheatHead 206.0 764.0 274.0 828.0
WheatHead 795.0 500.0 928.0 535.0
WheatHead 983.0 828.0 1024.0 854.0
WheatHead 5.0 72.0 147.0 146.0
WheatHead 487.0 412.0 551.0 468.0
WheatHead 327.0 479.0 432.0 527.0
WheatHead 433.0 471.0 605.0 514.0
WheatHead 791.0 997.0 907.0 1024.0
WheatHead 787.0 1.0 828.0 40.0
WheatHead 87.0 0.0 170.0 49.0
WheatHead 793.0 149.0 869.0 177.0
WheatHead 481.0 535.0 614.0 582.0
WheatHead 966.0 471.0 1023.0 516.0
WheatHead 636.0 0.0 709.0 24.0
WheatHead 448.0 571.0 594.0 616.0
WheatHead 6.0 5.0 95.0 45.0
WheatHead 0.0 828.0 50.0 851.0
WheatHead 46.0 712.0 129.0 740.0
WheatHead 805.0 539.0 890.0 588.0
WheatHead 150.0 587.0 261.0 635.0
WheatHead 613.0 547.0 753.0 587.0
WheatHead 974.0 1.0 1024.0 42.0
WheatHead 937.0 543.0 984.0 587.0
WheatHead 1008.0 90.0 1024.0 121.0
WheatHead 131.0 222.0 274.0 256.0
WheatHead 492.0 822.0 602.0 943.0
WheatHead 398.0 322.0 456.0 374.0
WheatHead 839.0 740.0 894.0 761.0
WheatHead 128.0 494.0 208.0 531.0
WheatHead 78.0 327.0 137.0 381.0
WheatHead 611.0 0.0 652.0 24.0
WheatHead 767.0 536.0 819.0 603.0
WheatHead 652.0 895.0 768.0 928.0
WheatHead 167.0 1.0 214.0 46.0
WheatHead 455.0 753.0 578.0 788.0
WheatHead 352.0 752.0 485.0 796.0
WheatHead 159.0 712.0 292.0 833.0
WheatHead 523.0 511.0 616.0 559.0
WheatHead 220.0 153.0 350.0 185.0
WheatHead 547.0 280.0 642.0 328.0
WheatHead 404.0 305.0 524.0 335.0
WheatHead 795.0 926.0 942.0 980.0
WheatHead 715.0 926.0 796.0 967.0
