WheatHead 74.0 0.0 146.0 51.0
WheatHead 0.0 17.0 73.0 80.0
WheatHead 44.0 54.0 109.0 90.0
WheatHead 122.0 6.0 179.0 50.0
WheatHead 252.0 0.0 322.0 48.0
WheatHead 288.0 53.0 394.0 136.0
WheatHead 376.0 64.0 452.0 155.0
WheatHead 134.0 155.0 179.0 239.0
WheatHead 157.0 172.0 246.0 249.0
WheatHead 177.0 337.0 258.0 427.0
WheatHead 13.0 282.0 77.0 416.0
WheatHead 182.0 447.0 247.0 536.0
WheatHead 50.0 451.0 128.0 514.0
WheatHead 257.0 477.0 312.0 546.0
WheatHead 296.0 495.0 336.0 532.0
WheatHead 209.0 420.0 267.0 453.0
WheatHead 264.0 420.0 342.0 477.0
WheatHead 286.0 569.0 364.0 629.0
WheatHead 155.0 609.0 208.0 647.0
WheatHead 83.0 654.0 179.0 726.0
WheatHead 0.0 675.0 48.0 725.0
WheatHead 0.0 600.0 54.0 672.0
WheatHead 423.0 663.0 487.0 728.0
WheatHead 382.0 556.0 452.0 644.0
WheatHead 575.0 720.0 639.0 788.0
WheatHead 354.0 741.0 431.0 796.0
WheatHead 329.0 663.0 398.0 714.0
WheatHead 328.0 616.0 425.0 670.0
WheatHead 372.0 379.0 420.0 444.0
WheatHead 455.0 333.0 525.0 399.0
WheatHead 486.0 461.0 574.0 527.0
WheatHead 689.0 485.0 769.0 572.0
WheatHead 563.0 505.0 641.0 565.0
WheatHead 651.0 426.0 704.0 513.0
WheatHead 547.0 393.0 626.0 474.0
WheatHead 688.0 557.0 755.0 621.0
WheatHead 706.0 623.0 802.0 679.0
WheatHead 841.0 829.0 923.0 909.0
WheatHead 974.0 815.0 1024.0 863.0
WheatHead 940.0 939.0 983.0 996.0
WheatHead 909.0 726.0 1009.0 780.0
WheatHead 684.0 289.0 744.0 360.0
WheatHead 734.0 218.0 800.0 297.0
WheatHead 798.0 209.0 877.0 276.0
WheatHead 498.0 166.0 576.0 233.0
WheatHead 664.0 69.0 728.0 169.0
WheatHead 754.0 133.0 802.0 207.0
WheatHead 561.0 12.0 621.0 113.0
WheatHead 971.0 229.0 1024.0 305.0
WheatHead 938.0 114.0 990.0 221.0
WheatHead 431.0 979.0 524.0 1024.0
WheatHead 534.0 986.0 609.0 1024.0
WheatHead 120.0 990.0 199.0 1024.0
WheatHead 237.0 824.0 295.0 881.0
WheatHead 509.0 770.0 600.0 898.0
WheatHead 467.0 773.0 547.0 829.0
