WheatHead 143.0 356.0 201.0 450.0
WheatHead 93.0 436.0 177.0 509.0
WheatHead 26.0 524.0 96.0 603.0
WheatHead 139.0 661.0 198.0 723.0
WheatHead 303.0 548.0 386.0 637.0
WheatHead 341.0 652.0 450.0 724.0
WheatHead 428.0 390.0 515.0 472.0
WheatHead 458.0 469.0 536.0 533.0
WheatHead 518.0 374.0 605.0 449.0
WheatHead 664.0 394.0 755.0 499.0
WheatHead 734.0 371.0 797.0 423.0
WheatHead 743.0 278.0 825.0 380.0
WheatHead 694.0 279.0 761.0 377.0
WheatHead 753.0 446.0 849.0 508.0
WheatHead 833.0 413.0 894.0 481.0
WheatHead 827.0 484.0 901.0 541.0
WheatHead 873.0 441.0 956.0 487.0
WheatHead 875.0 487.0 952.0 572.0
WheatHead 761.0 586.0 840.0 674.0
WheatHead 950.0 258.0 1017.0 337.0
WheatHead 493.0 837.0 569.0 926.0
WheatHead 664.0 732.0 737.0 831.0
WheatHead 796.0 807.0 876.0 870.0
WheatHead 697.0 835.0 797.0 899.0
WheatHead 726.0 891.0 799.0 960.0
WheatHead 417.0 869.0 486.0 942.0
WheatHead 304.0 894.0 363.0 965.0
WheatHead 246.0 924.0 312.0 981.0
WheatHead 252.0 980.0 304.0 1024.0
WheatHead 285.0 987.0 358.0 1024.0
WheatHead 914.0 993.0 995.0 1024.0
WheatHead 954.0 499.0 1024.0 579.0
WheatHead 867.0 91.0 939.0 143.0
WheatHead 895.0 133.0 977.0 200.0
WheatHead 1.0 1.0 69.0 48.0
WheatHead 809.0 479.0 877.0 521.0
WheatHead 824.0 534.0 875.0 563.0
WheatHead 1005.0 445.0 1024.0 511.0
WheatHead 721.0 977.0 768.0 1024.0
WheatHead 0.0 421.0 31.0 479.0
WheatHead 0.0 546.0 26.0 596.0
