WheatHead 185.0 0.0 275.0 66.0
WheatHead 369.0 44.0 459.0 167.0
WheatHead 565.0 40.0 635.0 139.0
WheatHead 470.0 0.0 552.0 107.0
WheatHead 755.0 38.0 858.0 148.0
WheatHead 918.0 73.0 980.0 159.0
WheatHead 929.0 167.0 1020.0 271.0
WheatHead 843.0 186.0 914.0 283.0
WheatHead 814.0 343.0 889.0 430.0
WheatHead 727.0 333.0 781.0 393.0
WheatHead 653.0 295.0 712.0 361.0
WheatHead 565.0 407.0 621.0 468.0
WheatHead 415.0 555.0 489.0 691.0
WheatHead 709.0 550.0 788.0 635.0
WheatHead 595.0 559.0 650.0 613.0
WheatHead 717.0 433.0 788.0 492.0
WheatHead 273.0 269.0 355.0 342.0
WheatHead 281.0 451.0 355.0 512.0
WheatHead 205.0 482.0 280.0 544.0
WheatHead 0.0 280.0 33.0 346.0
WheatHead 8.0 217.0 104.0 275.0
WheatHead 96.0 266.0 146.0 324.0
WheatHead 6.0 370.0 70.0 447.0
WheatHead 66.0 346.0 111.0 413.0
WheatHead 157.0 198.0 224.0 253.0
WheatHead 0.0 769.0 93.0 843.0
WheatHead 732.0 840.0 798.0 916.0
WheatHead 585.0 866.0 660.0 942.0
WheatHead 706.0 991.0 774.0 1024.0
WheatHead 774.0 964.0 840.0 1024.0
WheatHead 867.0 1000.0 923.0 1024.0
WheatHead 955.0 773.0 1019.0 860.0
WheatHead 808.0 557.0 871.0 621.0
WheatHead 965.0 14.0 1024.0 81.0
WheatHead 590.0 468.0 651.0 511.0
WheatHead 95.0 62.0 152.0 128.0
WheatHead 428.0 406.0 474.0 444.0
