WheatHead 188.0 207.0 301.0 410.0
WheatHead 395.0 318.0 529.0 467.0
WheatHead 279.0 314.0 334.0 354.0
WheatHead 311.0 143.0 415.0 194.0
WheatHead 408.0 0.0 532.0 154.0
WheatHead 351.0 38.0 421.0 92.0
WheatHead 56.0 104.0 252.0 201.0
WheatHead 0.0 326.0 112.0 462.0
WheatHead 324.0 474.0 389.0 617.0
WheatHead 607.0 399.0 675.0 521.0
WheatHead 550.0 355.0 593.0 406.0
WheatHead 591.0 257.0 644.0 325.0
WheatHead 908.0 249.0 1024.0 314.0
WheatHead 752.0 128.0 930.0 293.0
WheatHead 732.0 446.0 857.0 636.0
WheatHead 772.0 602.0 902.0 682.0
WheatHead 962.0 495.0 1024.0 591.0
WheatHead 574.0 582.0 637.0 777.0
WheatHead 498.0 636.0 563.0 809.0
WheatHead 417.0 674.0 489.0 822.0
WheatHead 248.0 719.0 309.0 808.0
WheatHead 129.0 663.0 210.0 769.0
WheatHead 24.0 741.0 117.0 890.0
WheatHead 231.0 883.0 301.0 956.0
WheatHead 475.0 932.0 534.0 1024.0
WheatHead 642.0 742.0 700.0 807.0
WheatHead 875.0 936.0 929.0 1022.0
WheatHead 860.0 753.0 980.0 921.0
WheatHead 786.0 736.0 863.0 902.0
WheatHead 721.0 745.0 771.0 873.0
