WheatHead 1004.0 661.0 1024.0 759.0
WheatHead 687.0 829.0 755.0 885.0
WheatHead 732.0 869.0 811.0 959.0
WheatHead 884.0 722.0 931.0 813.0
WheatHead 847.0 783.0 901.0 859.0
WheatHead 911.0 776.0 978.0 926.0
WheatHead 750.0 636.0 811.0 748.0
WheatHead 705.0 576.0 769.0 716.0
WheatHead 736.0 516.0 795.0 605.0
WheatHead 615.0 328.0 735.0 392.0
WheatHead 709.0 238.0 765.0 292.0
WheatHead 537.0 509.0 601.0 645.0
WheatHead 591.0 669.0 669.0 774.0
WheatHead 475.0 802.0 560.0 990.0
WheatHead 545.0 952.0 617.0 1024.0
WheatHead 103.0 890.0 230.0 991.0
WheatHead 127.0 716.0 250.0 823.0
WheatHead 224.0 744.0 294.0 830.0
WheatHead 358.0 623.0 429.0 761.0
WheatHead 391.0 523.0 440.0 616.0
WheatHead 425.0 537.0 478.0 642.0
WheatHead 126.0 374.0 191.0 542.0
WheatHead 55.0 604.0 141.0 695.0
WheatHead 0.0 680.0 89.0 755.0
WheatHead 30.0 769.0 96.0 832.0
WheatHead 139.0 93.0 221.0 142.0
WheatHead 64.0 119.0 123.0 189.0
WheatHead 0.0 0.0 60.0 105.0
WheatHead 623.0 0.0 714.0 41.0
WheatHead 458.0 0.0 570.0 43.0
WheatHead 493.0 9.0 633.0 92.0
WheatHead 602.0 51.0 680.0 126.0
WheatHead 796.0 7.0 888.0 62.0
WheatHead 893.0 51.0 1000.0 145.0
WheatHead 927.0 0.0 1008.0 62.0
WheatHead 713.0 747.0 781.0 833.0
WheatHead 819.0 39.0 877.0 132.0
