WheatHead 961.0 776.0 1021.0 872.0
WheatHead 139.0 425.0 210.0 531.0
WheatHead 45.0 518.0 96.0 603.0
WheatHead 320.0 253.0 408.0 354.0
WheatHead 540.0 443.0 636.0 527.0
WheatHead 753.0 573.0 805.0 656.0
WheatHead 416.0 315.0 520.0 442.0
WheatHead 206.0 75.0 268.0 157.0
WheatHead 283.0 532.0 387.0 595.0
WheatHead 308.0 98.0 364.0 178.0
WheatHead 880.0 920.0 948.0 983.0
WheatHead 802.0 868.0 898.0 916.0
WheatHead 909.0 471.0 992.0 539.0
WheatHead 289.0 888.0 390.0 998.0
WheatHead 466.0 846.0 536.0 906.0
WheatHead 161.0 83.0 236.0 147.0
WheatHead 663.0 111.0 716.0 210.0
WheatHead 185.0 162.0 251.0 230.0
WheatHead 840.0 0.0 883.0 111.0
WheatHead 832.0 785.0 884.0 873.0
WheatHead 215.0 944.0 289.0 998.0
WheatHead 531.0 559.0 573.0 633.0
WheatHead 636.0 744.0 677.0 829.0
WheatHead 312.0 489.0 425.0 553.0
WheatHead 64.0 197.0 111.0 268.0
WheatHead 488.0 4.0 550.0 38.0
WheatHead 924.0 383.0 968.0 460.0
WheatHead 165.0 578.0 225.0 622.0
WheatHead 870.0 6.0 912.0 163.0
WheatHead 95.0 122.0 165.0 191.0
WheatHead 514.0 270.0 587.0 320.0
WheatHead 529.0 817.0 574.0 879.0
WheatHead 670.0 625.0 715.0 694.0
WheatHead 0.0 128.0 23.0 258.0
WheatHead 369.0 231.0 450.0 270.0
WheatHead 46.0 484.0 120.0 532.0
WheatHead 348.0 988.0 416.0 1023.0
WheatHead 835.0 225.0 868.0 282.0
WheatHead 477.0 955.0 524.0 1024.0
WheatHead 632.0 591.0 686.0 636.0
WheatHead 718.0 794.0 753.0 935.0
WheatHead 187.0 808.0 295.0 864.0
WheatHead 865.0 483.0 891.0 555.0
WheatHead 312.0 497.0 372.0 554.0
WheatHead 912.0 491.0 985.0 547.0
WheatHead 966.0 305.0 991.0 359.0
WheatHead 251.0 641.0 312.0 669.0
WheatHead 49.0 962.0 101.0 1018.0
WheatHead 1.0 916.0 60.0 963.0
WheatHead 54.0 305.0 92.0 372.0
WheatHead 38.0 860.0 95.0 879.0
WheatHead 166.0 651.0 226.0 686.0
WheatHead 637.0 827.0 673.0 888.0
WheatHead 0.0 923.0 21.0 952.0
WheatHead 832.0 333.0 865.0 374.0
WheatHead 253.0 954.0 296.0 978.0
WheatHead 147.0 192.0 214.0 237.0
WheatHead 174.0 215.0 226.0 286.0
WheatHead 914.0 576.0 970.0 604.0
WheatHead 177.0 79.0 244.0 158.0
WheatHead 25.0 893.0 145.0 944.0
WheatHead 778.0 880.0 821.0 950.0
WheatHead 322.0 705.0 365.0 757.0
WheatHead 141.0 701.0 198.0 732.0
WheatHead 434.0 652.0 502.0 694.0
WheatHead 578.0 732.0 631.0 767.0
WheatHead 430.0 788.0 486.0 827.0
WheatHead 110.0 746.0 159.0 768.0
WheatHead 774.0 464.0 854.0 527.0
WheatHead 803.0 830.0 833.0 865.0
WheatHead 477.0 909.0 558.0 971.0
WheatHead 1006.0 532.0 1024.0 604.0
