WheatHead 217.0 939.0 335.0 1024.0
WheatHead 394.0 775.0 506.0 878.0
WheatHead 266.0 642.0 363.0 785.0
WheatHead 706.0 576.0 834.0 655.0
WheatHead 104.0 215.0 284.0 345.0
WheatHead 217.0 801.0 386.0 929.0
WheatHead 55.0 866.0 193.0 1002.0
WheatHead 727.0 894.0 817.0 976.0
WheatHead 317.0 171.0 432.0 245.0
WheatHead 637.0 710.0 737.0 802.0
WheatHead 58.0 10.0 168.0 129.0
WheatHead 55.0 484.0 224.0 627.0
WheatHead 913.0 125.0 1000.0 219.0
WheatHead 367.0 369.0 464.0 476.0
WheatHead 913.0 233.0 1024.0 450.0
WheatHead 934.0 813.0 1024.0 906.0
WheatHead 640.0 535.0 732.0 619.0
WheatHead 179.0 704.0 278.0 798.0
WheatHead 882.0 683.0 959.0 778.0
WheatHead 972.0 450.0 1024.0 555.0
WheatHead 713.0 137.0 779.0 232.0
WheatHead 496.0 151.0 601.0 268.0
WheatHead 988.0 2.0 1024.0 92.0
WheatHead 2.0 307.0 76.0 412.0
WheatHead 224.0 2.0 330.0 41.0
