WheatHead 492.0 558.0 580.0 656.0
WheatHead 548.0 9.0 632.0 121.0
WheatHead 11.0 9.0 75.0 102.0
WheatHead 748.0 207.0 794.0 300.0
WheatHead 805.0 367.0 884.0 438.0
WheatHead 344.0 830.0 410.0 916.0
WheatHead 150.0 765.0 212.0 856.0
WheatHead 408.0 72.0 483.0 177.0
WheatHead 839.0 532.0 913.0 606.0
WheatHead 916.0 296.0 962.0 389.0
WheatHead 929.0 1.0 987.0 110.0
WheatHead 219.0 23.0 278.0 117.0
WheatHead 147.0 641.0 193.0 741.0
WheatHead 173.0 219.0 232.0 304.0
WheatHead 5.0 394.0 83.0 457.0
WheatHead 237.0 344.0 327.0 417.0
WheatHead 326.0 30.0 391.0 118.0
WheatHead 940.0 888.0 981.0 961.0
WheatHead 0.0 136.0 58.0 228.0
WheatHead 723.0 805.0 820.0 898.0
WheatHead 920.0 484.0 973.0 550.0
WheatHead 0.0 54.0 34.0 154.0
WheatHead 858.0 68.0 903.0 167.0
WheatHead 891.0 1.0 933.0 113.0
WheatHead 644.0 233.0 685.0 315.0
WheatHead 36.0 337.0 94.0 443.0
WheatHead 17.0 241.0 60.0 339.0
WheatHead 335.0 87.0 428.0 188.0
WheatHead 696.0 0.0 740.0 55.0
WheatHead 564.9000244140625 421.6000061035156 633.0 540.0
WheatHead 0.0 730.0 24.0 778.0
WheatHead 832.0 604.0 891.0 700.0
WheatHead 423.0 700.0 468.0 776.0
WheatHead 749.0 53.0 798.0 172.0
WheatHead 142.0 818.0 202.0 895.0
WheatHead 170.0 618.0 223.0 688.0
WheatHead 37.0 104.0 93.0 182.0
WheatHead 138.0 844.0 190.0 916.0
WheatHead 920.0 232.0 959.0 312.0
WheatHead 694.0 745.0 733.0 827.0
WheatHead 552.0 673.0 581.0 727.0
WheatHead 395.0 0.0 442.0 53.0
WheatHead 294.0 776.0 357.0 834.0
WheatHead 299.0 717.0 348.0 798.0
WheatHead 201.0 85.0 297.0 198.0
WheatHead 628.0 419.0 686.0 469.0
WheatHead 245.0 188.0 299.0 252.0
WheatHead 901.0 707.0 935.0 771.0
WheatHead 320.0 635.0 413.0 764.0
WheatHead 129.0 112.0 176.0 182.0
WheatHead 628.0 108.0 677.0 231.0
WheatHead 199.0 726.0 247.0 790.0
WheatHead 869.0 669.0 905.0 763.0
WheatHead 0.0 0.0 17.0 66.0
WheatHead 824.0 846.0 877.0 918.0
WheatHead 908.0 968.0 959.0 1002.0
WheatHead 558.0 148.0 600.0 232.0
WheatHead 191.0 0.0 232.0 43.0
WheatHead 785.0 202.0 815.0 268.0
WheatHead 611.0 839.0 666.0 884.0
WheatHead 401.0 481.0 472.0 572.0
WheatHead 95.0 465.0 148.0 537.0
WheatHead 869.0 857.0 902.0 907.0
WheatHead 622.0 518.0 666.0 576.0
WheatHead 346.0 350.0 393.0 451.0
WheatHead 273.0 0.0 308.0 39.0
WheatHead 297.0 657.0 387.0 773.0
WheatHead 140.0 1008.0 226.0 1022.0
WheatHead 895.0 911.0 957.0 953.0
WheatHead 350.0 359.0 436.0 498.0
WheatHead 948.0 573.0 1007.0 633.0
WheatHead 498.0 86.0 572.0 214.0
WheatHead 742.0 132.0 777.0 203.0
