WheatHead 24.0 839.0 103.0 897.0
WheatHead 9.0 914.0 80.0 970.0
WheatHead 22.0 970.0 98.0 1024.0
WheatHead 241.0 993.0 321.0 1024.0
WheatHead 305.0 915.0 367.0 1015.0
WheatHead 381.0 986.0 462.0 1024.0
WheatHead 453.0 960.0 526.0 1024.0
WheatHead 476.0 827.0 543.0 884.0
WheatHead 552.0 795.0 647.0 892.0
WheatHead 35.0 451.0 112.0 526.0
WheatHead 127.0 452.0 201.0 551.0
WheatHead 190.0 526.0 258.0 581.0
WheatHead 242.0 489.0 314.0 566.0
WheatHead 266.0 443.0 331.0 506.0
WheatHead 21.0 375.0 86.0 441.0
WheatHead 529.0 316.0 606.0 390.0
WheatHead 448.0 396.0 522.0 485.0
WheatHead 338.0 442.0 410.0 536.0
WheatHead 386.0 460.0 477.0 528.0
WheatHead 399.0 550.0 476.0 616.0
WheatHead 440.0 594.0 527.0 681.0
WheatHead 517.0 566.0 602.0 672.0
WheatHead 521.0 484.0 584.0 549.0
WheatHead 570.0 519.0 639.0 605.0
WheatHead 819.0 496.0 909.0 586.0
WheatHead 681.0 661.0 753.0 732.0
WheatHead 659.0 821.0 734.0 895.0
WheatHead 963.0 796.0 1024.0 895.0
WheatHead 645.0 935.0 705.0 1001.0
WheatHead 702.0 931.0 795.0 1022.0
WheatHead 906.0 595.0 952.0 651.0
WheatHead 114.0 430.0 198.0 481.0
WheatHead 497.0 514.0 546.0 569.0
WheatHead 697.0 598.0 740.0 642.0
WheatHead 698.0 890.0 752.0 941.0
WheatHead 637.0 1009.0 706.0 1024.0
WheatHead 527.0 999.0 579.0 1024.0
