WheatHead 0.0 115.0 55.0 179.0
WheatHead 0.0 0.0 45.0 62.0
WheatHead 2.0 351.0 70.0 433.0
WheatHead 62.0 488.0 159.0 560.0
WheatHead 11.0 504.0 60.0 553.0
WheatHead 0.0 851.0 63.0 931.0
WheatHead 309.0 852.0 380.0 911.0
WheatHead 305.0 768.0 380.0 844.0
WheatHead 266.0 672.0 388.0 740.0
WheatHead 165.0 623.0 257.0 717.0
WheatHead 100.0 602.0 161.0 679.0
WheatHead 12.0 580.0 75.0 634.0
WheatHead 417.0 761.0 474.0 833.0
WheatHead 505.0 754.0 560.0 804.0
WheatHead 568.0 976.0 661.0 1024.0
WheatHead 593.0 810.0 654.0 890.0
WheatHead 616.0 747.0 709.0 815.0
WheatHead 694.0 793.0 780.0 851.0
WheatHead 903.0 798.0 1023.0 874.0
WheatHead 768.0 894.0 866.0 945.0
WheatHead 781.0 941.0 912.0 1016.0
WheatHead 134.0 138.0 191.0 200.0
WheatHead 171.0 169.0 221.0 220.0
WheatHead 402.0 0.0 463.0 45.0
WheatHead 713.0 18.0 789.0 78.0
WheatHead 649.0 112.0 776.0 175.0
WheatHead 459.0 75.0 526.0 152.0
WheatHead 344.0 83.0 432.0 163.0
WheatHead 283.0 60.0 339.0 124.0
WheatHead 900.0 242.0 1011.0 343.0
WheatHead 620.0 257.0 737.0 321.0
WheatHead 601.0 321.0 680.0 400.0
WheatHead 507.0 239.0 580.0 306.0
WheatHead 410.0 374.0 493.0 437.0
WheatHead 503.0 387.0 576.0 459.0
WheatHead 283.0 393.0 381.0 445.0
WheatHead 359.0 429.0 422.0 486.0
WheatHead 357.0 493.0 434.0 552.0
WheatHead 384.0 594.0 440.0 656.0
WheatHead 527.0 548.0 600.0 615.0
WheatHead 688.0 597.0 781.0 707.0
WheatHead 897.0 658.0 983.0 718.0
WheatHead 970.0 567.0 1024.0 622.0
WheatHead 873.0 413.0 929.0 467.0
WheatHead 959.0 411.0 1024.0 480.0
WheatHead 780.0 474.0 833.0 533.0
WheatHead 382.0 33.0 473.0 101.0
WheatHead 980.0 620.0 1024.0 664.0
WheatHead 706.0 174.0 792.0 236.0
