WheatHead 252.0 0.0 307.0 80.0
WheatHead 690.0 72.0 756.0 169.0
WheatHead 247.0 486.0 315.0 578.0
WheatHead 95.0 423.0 173.0 506.0
WheatHead 425.0 99.0 466.0 181.0
WheatHead 909.0 944.0 996.0 1024.0
WheatHead 416.0 815.0 451.0 932.0
WheatHead 397.0 211.0 446.0 286.0
WheatHead 256.0 709.0 324.0 824.0
WheatHead 210.0 202.0 285.0 255.0
WheatHead 60.0 131.0 194.0 201.0
WheatHead 202.0 943.0 271.0 1007.0
WheatHead 735.0 187.0 786.0 255.0
WheatHead 47.0 491.0 106.0 585.0
WheatHead 775.0 285.0 830.0 359.0
WheatHead 597.0 0.0 660.0 64.0
WheatHead 0.0 742.0 103.0 797.0
WheatHead 608.0 532.0 653.0 606.0
WheatHead 810.0 428.0 846.0 555.0
WheatHead 341.0 50.0 375.0 154.0
WheatHead 96.0 524.0 166.0 577.0
WheatHead 127.0 827.0 248.0 924.0
WheatHead 187.0 801.0 252.0 866.0
WheatHead 0.0 488.0 15.0 529.0
WheatHead 678.0 281.0 759.0 323.0
WheatHead 0.0 267.0 21.0 315.0
WheatHead 854.0 816.0 921.0 861.0
WheatHead 476.0 1.0 525.0 54.0
WheatHead 931.0 741.0 988.0 809.0
WheatHead 339.0 536.0 401.0 578.0
WheatHead 0.0 819.0 36.0 858.0
WheatHead 0.0 216.0 47.0 284.0
WheatHead 49.0 148.0 121.0 213.0
WheatHead 610.0 206.0 667.0 260.0
WheatHead 27.0 503.0 64.0 632.0
WheatHead 88.0 582.0 174.0 618.0
WheatHead 638.0 148.0 705.0 191.0
WheatHead 64.0 197.0 141.0 249.0
WheatHead 47.0 902.0 91.0 936.0
WheatHead 14.0 926.0 81.0 972.0
WheatHead 928.0 801.0 981.0 875.0
WheatHead 432.0 296.0 483.0 356.0
WheatHead 481.0 616.0 521.0 686.0
WheatHead 823.0 277.0 851.0 350.0
WheatHead 737.0 943.0 795.0 980.0
WheatHead 122.0 935.0 187.0 996.0
WheatHead 584.0 503.0 617.0 569.0
WheatHead 615.9000244140625 785.7000122070312 668.7000122070312 895.0
WheatHead 707.0 517.0 749.0 584.0
WheatHead 337.0 615.0 397.0 674.0
WheatHead 696.0 980.0 750.0 1024.0
WheatHead 649.0 951.0 694.0 995.0
WheatHead 203.0 79.0 232.0 157.0
WheatHead 768.0 479.0 817.0 539.0
WheatHead 790.0 712.0 823.0 753.0
WheatHead 537.0 596.0 585.0 653.0
WheatHead 780.0 70.0 808.0 121.0
WheatHead 599.0 757.0 651.0 797.0
WheatHead 848.0 579.0 889.0 630.0
WheatHead 293.0 0.0 325.0 16.0
WheatHead 82.0 0.0 176.0 27.0
WheatHead 16.0 0.0 91.0 37.0
WheatHead 120.0 303.0 167.0 338.0
WheatHead 580.0 864.0 635.0 912.0
WheatHead 619.0 357.0 709.0 414.0
WheatHead 817.0 579.0 853.0 634.0
WheatHead 541.0 0.0 601.0 30.0
