WheatHead 78.0 51.0 153.0 209.0
WheatHead 12.0 18.0 67.0 126.0
WheatHead 21.0 0.0 107.0 51.0
WheatHead 0.0 374.0 51.0 429.0
WheatHead 103.0 507.0 159.0 571.0
WheatHead 146.0 460.0 216.0 522.0
WheatHead 114.0 342.0 209.0 407.0
WheatHead 187.0 185.0 268.0 283.0
WheatHead 284.0 179.0 348.0 240.0
WheatHead 271.0 240.0 317.0 292.0
WheatHead 200.0 74.0 313.0 189.0
WheatHead 178.0 81.0 227.0 157.0
WheatHead 453.0 26.0 541.0 127.0
WheatHead 742.0 88.0 795.0 219.0
WheatHead 651.0 134.0 722.0 220.0
WheatHead 613.0 225.0 697.0 321.0
WheatHead 512.0 236.0 579.0 320.0
WheatHead 309.0 404.0 365.0 496.0
WheatHead 365.0 435.0 427.0 507.0
WheatHead 598.0 449.0 664.0 520.0
WheatHead 636.0 499.0 706.0 587.0
WheatHead 720.0 444.0 788.0 512.0
WheatHead 777.0 343.0 867.0 462.0
WheatHead 620.0 354.0 673.0 430.0
WheatHead 762.0 247.0 843.0 302.0
WheatHead 896.0 213.0 986.0 321.0
WheatHead 836.0 544.0 909.0 638.0
WheatHead 765.0 507.0 833.0 561.0
WheatHead 829.0 478.0 875.0 550.0
WheatHead 737.0 586.0 823.0 672.0
WheatHead 946.0 742.0 994.0 806.0
WheatHead 626.0 709.0 707.0 768.0
WheatHead 580.0 770.0 656.0 830.0
WheatHead 522.0 754.0 587.0 829.0
WheatHead 347.0 687.0 417.0 751.0
WheatHead 228.0 557.0 306.0 664.0
WheatHead 167.0 564.0 224.0 628.0
WheatHead 215.0 686.0 283.0 750.0
WheatHead 156.0 823.0 212.0 931.0
WheatHead 310.0 899.0 373.0 997.0
WheatHead 463.0 979.0 536.0 1024.0
WheatHead 531.0 912.0 632.0 972.0
WheatHead 26.0 953.0 82.0 1009.0
WheatHead 972.0 888.0 1024.0 960.0
WheatHead 413.0 895.0 475.0 931.0
WheatHead 465.0 703.0 516.0 781.0
WheatHead 369.0 23.0 411.0 68.0
WheatHead 365.0 406.0 447.0 468.0
WheatHead 278.0 339.0 371.0 409.0
WheatHead 703.0 215.0 765.0 268.0
WheatHead 93.0 452.0 146.0 499.0
WheatHead 258.0 643.0 334.0 686.0
