WheatHead 503.0 326.0 584.0 425.0
WheatHead 656.0 45.0 734.0 114.0
WheatHead 443.0 451.0 568.0 548.0
WheatHead 497.0 126.0 635.0 203.0
WheatHead 159.0 121.0 232.0 222.0
WheatHead 898.0 77.0 969.0 137.0
WheatHead 555.0 976.0 655.0 1024.0
WheatHead 25.0 62.0 134.0 137.0
WheatHead 126.0 391.0 237.5 438.0
WheatHead 17.0 514.0 159.0 597.0
WheatHead 244.0 779.0 348.0 827.0
WheatHead 529.0 901.0 593.0 991.0
WheatHead 363.0 791.0 446.0 832.0
WheatHead 71.0 289.0 164.0 332.0
WheatHead 47.0 847.0 112.0 894.0
WheatHead 212.0 111.0 338.0 176.0
WheatHead 624.0 594.0 712.0 647.0
WheatHead 671.0 466.0 751.0 544.0
WheatHead 122.0 274.0 213.0 340.0
WheatHead 914.0 610.0 962.0 640.0
WheatHead 0.0 785.0 43.0 839.0
WheatHead 932.0 154.0 1011.0 218.0
WheatHead 687.0 589.0 750.0 633.0
WheatHead 179.0 873.0 278.0 923.0
WheatHead 582.0 253.0 630.0 286.0
WheatHead 666.0 117.0 750.0 182.0
WheatHead 461.0 615.0 535.0 652.0
WheatHead 942.0 208.0 998.0 274.0
WheatHead 593.0 555.0 702.0 605.0
WheatHead 37.0 494.0 146.0 553.0
WheatHead 303.0 35.0 428.0 121.0
WheatHead 214.0 203.0 256.0 273.0
WheatHead 920.0 839.0 983.0 871.0
WheatHead 141.0 441.0 320.0 496.0
WheatHead 0.0 405.0 40.0 449.0
WheatHead 242.0 66.0 353.0 159.0
WheatHead 346.0 289.0 432.0 341.0
WheatHead 618.0 803.0 690.0 858.0
WheatHead 350.0 468.0 419.0 514.0
WheatHead 1000.0 83.0 1024.0 131.0
WheatHead 197.0 208.0 240.0 277.0
WheatHead 188.0 491.0 261.0 542.0
WheatHead 111.0 165.0 178.0 218.0
WheatHead 811.0 119.0 900.0 166.0
WheatHead 2.0 775.0 58.0 804.0
WheatHead 288.0 886.0 368.0 926.0
WheatHead 61.0 460.0 158.0 516.0
WheatHead 948.0 517.0 1004.0 551.0
WheatHead 686.0 265.0 774.0 319.0
WheatHead 174.0 919.0 251.0 962.0
WheatHead 288.0 581.0 330.0 636.0
WheatHead 794.0 782.0 849.0 819.0
WheatHead 255.0 1.0 327.0 90.0
WheatHead 640.0 517.0 724.0 559.0
WheatHead 214.0 821.0 303.0 852.0
WheatHead 491.0 863.0 614.0 931.0
WheatHead 65.0 663.0 127.0 746.0
WheatHead 835.0 853.0 991.0 912.0
WheatHead 794.0 800.0 849.0 824.0
WheatHead 767.0 892.0 858.0 939.0
WheatHead 452.0 442.0 564.0 480.0
WheatHead 366.0 863.0 493.0 931.0
WheatHead 305.0 859.0 387.0 902.0
