WheatHead 361.0 0.0 450.0 69.0
WheatHead 565.0 892.0 649.0 949.0
WheatHead 572.0 444.0 672.0 547.0
WheatHead 0.0 198.0 42.0 264.0
WheatHead 623.0 404.0 783.0 544.0
WheatHead 0.0 754.0 43.0 836.0
WheatHead 434.0 390.0 509.0 483.0
WheatHead 912.0 330.0 1005.0 433.0
WheatHead 333.0 559.0 443.0 662.0
WheatHead 504.0 895.0 574.0 954.0
WheatHead 0.0 117.0 62.0 217.0
WheatHead 527.0 976.0 617.0 1024.0
WheatHead 417.0 37.0 483.0 109.0
WheatHead 791.0 822.0 900.0 992.0
WheatHead 340.0 264.0 422.0 344.0
WheatHead 262.0 44.0 341.0 121.0
WheatHead 235.0 528.0 322.0 618.0
WheatHead 456.0 194.0 513.0 262.0
WheatHead 295.0 359.0 380.0 441.0
WheatHead 362.0 782.0 457.0 875.0
WheatHead 558.0 699.0 643.0 776.0
WheatHead 417.0 880.0 501.0 958.0
WheatHead 151.0 0.0 241.0 57.0
WheatHead 651.0 152.0 773.0 234.0
WheatHead 0.0 360.0 67.0 458.0
WheatHead 505.0 256.0 583.0 341.0
WheatHead 0.0 901.0 46.0 979.0
WheatHead 957.0 712.0 1024.0 795.0
WheatHead 907.0 114.0 988.0 180.0
WheatHead 969.0 95.0 1024.0 153.0
WheatHead 988.0 0.0 1024.0 27.0
WheatHead 360.0 214.0 416.0 274.0
WheatHead 553.0 402.0 631.0 477.0
