WheatHead 94.0 734.0 202.0 877.0
WheatHead 332.0 622.0 483.0 737.0
WheatHead 560.0 728.0 660.0 817.0
WheatHead 760.0 647.0 878.0 770.0
WheatHead 0.0 780.0 84.0 877.0
WheatHead 354.0 767.0 484.0 869.0
WheatHead 501.0 586.0 622.0 716.0
WheatHead 683.0 560.0 775.0 645.0
WheatHead 250.0 56.0 344.0 178.0
WheatHead 742.0 355.0 844.0 453.0
WheatHead 143.0 2.0 245.0 128.0
WheatHead 603.0 377.0 697.0 462.0
WheatHead 164.0 594.0 230.0 689.0
WheatHead 0.0 523.0 69.0 597.0
WheatHead 629.0 473.0 757.0 560.0
WheatHead 634.0 2.0 743.0 118.0
WheatHead 906.0 445.0 1024.0 563.0
WheatHead 794.0 879.0 891.0 969.0
WheatHead 911.0 33.0 1024.0 179.0
WheatHead 706.0 130.0 834.0 284.0
WheatHead 706.0 238.0 806.0 330.0
WheatHead 0.0 2.0 43.0 92.0
WheatHead 624.0 476.0 680.0 535.0
WheatHead 753.0 571.0 841.0 669.0
WheatHead 403.0 350.0 492.0 446.0
WheatHead 871.0 324.0 950.0 410.0
