WheatHead 369.0 0.0 528.0 199.0
WheatHead 228.0 420.0 318.0 612.0
WheatHead 1001.0 41.0 1024.0 181.0
WheatHead 819.0 672.0 1024.0 832.0
WheatHead 150.0 730.0 275.0 864.0
WheatHead 521.0 662.0 689.0 875.0
WheatHead 740.0 219.0 841.0 305.0
WheatHead 887.0 292.0 970.0 423.0
WheatHead 1004.0 247.0 1024.0 356.0
WheatHead 864.0 192.0 913.0 269.0
WheatHead 143.0 0.0 235.0 49.0
WheatHead 1.0 0.0 67.0 15.0
WheatHead 122.0 193.0 219.0 260.0
WheatHead 165.0 124.0 238.0 187.0
WheatHead 16.0 230.0 87.0 319.0
WheatHead 105.0 301.0 163.0 446.0
WheatHead 314.0 368.0 358.0 467.0
WheatHead 72.0 719.0 190.0 783.0
WheatHead 366.0 704.0 463.0 806.0
WheatHead 308.0 814.0 390.0 925.0
WheatHead 387.0 897.0 447.0 1016.0
WheatHead 458.0 904.0 523.0 976.0
WheatHead 648.0 883.0 703.0 993.0
WheatHead 169.0 979.0 259.0 1020.0
WheatHead 91.0 911.0 200.0 959.0
WheatHead 152.0 925.0 213.0 1000.0
WheatHead 584.0 55.0 659.0 112.0
WheatHead 660.0 126.0 730.0 199.0
WheatHead 652.0 87.0 722.0 143.0
WheatHead 863.0 787.0 940.0 911.0
WheatHead 807.0 960.0 892.0 1024.0
WheatHead 953.0 881.0 1024.0 1024.0
WheatHead 57.0 950.0 139.0 1015.0
WheatHead 0.0 139.0 56.0 199.0
