WheatHead 956.0 124.0 1024.0 211.0
WheatHead 994.0 407.0 1024.0 484.0
WheatHead 960.0 485.0 1024.0 561.0
WheatHead 817.0 414.0 926.0 494.0
WheatHead 596.0 466.0 706.0 549.0
WheatHead 770.0 594.0 843.0 716.0
WheatHead 993.0 694.0 1024.0 758.0
WheatHead 855.0 868.0 962.0 963.0
WheatHead 794.0 860.0 861.0 966.0
WheatHead 570.0 824.0 709.0 901.0
WheatHead 747.0 762.0 865.0 821.0
WheatHead 519.0 752.0 611.0 801.0
WheatHead 423.0 754.0 537.0 839.0
WheatHead 177.0 764.0 282.0 816.0
WheatHead 190.0 986.0 291.0 1024.0
WheatHead 268.0 488.0 364.0 600.0
WheatHead 54.0 492.0 177.0 569.0
WheatHead 161.0 271.0 229.0 371.0
WheatHead 0.0 340.0 107.0 432.0
WheatHead 0.0 225.0 60.0 290.0
WheatHead 201.0 27.0 306.0 126.0
WheatHead 340.0 81.0 410.0 172.0
WheatHead 369.0 199.0 480.0 279.0
WheatHead 719.0 210.0 786.0 303.0
WheatHead 814.0 270.0 892.0 350.0
WheatHead 792.0 146.0 918.0 263.0
WheatHead 583.0 71.0 702.0 155.0
WheatHead 669.0 171.0 716.0 244.0
WheatHead 1017.0 1000.0 1024.0 1024.0
WheatHead 943.0 897.0 1024.0 1024.0
WheatHead 0.0 919.0 28.0 985.0
WheatHead 614.0 908.0 718.0 968.0
