WheatHead 158.0 0.0 233.0 66.0
WheatHead 207.0 0.0 287.0 49.0
WheatHead 436.0 3.0 502.0 119.0
WheatHead 1001.0 26.0 1024.0 131.0
WheatHead 953.0 198.0 1006.0 236.0
WheatHead 582.0 100.0 677.0 292.0
WheatHead 563.0 249.0 622.0 297.0
WheatHead 671.0 210.0 737.0 330.0
WheatHead 678.0 293.0 764.0 375.0
WheatHead 567.0 307.0 640.0 374.0
WheatHead 683.0 408.0 760.0 512.0
WheatHead 723.0 384.0 799.0 472.0
WheatHead 815.0 476.0 926.0 550.0
WheatHead 886.0 396.0 975.0 473.0
WheatHead 903.0 451.0 959.0 519.0
WheatHead 972.0 436.0 1024.0 579.0
WheatHead 542.0 377.0 623.0 496.0
WheatHead 525.0 481.0 603.0 539.0
WheatHead 520.0 481.0 619.0 607.0
WheatHead 703.0 537.0 766.0 626.0
WheatHead 721.0 633.0 804.0 777.0
WheatHead 883.0 626.0 963.0 714.0
WheatHead 187.0 210.0 286.0 291.0
WheatHead 192.0 285.0 270.0 355.0
WheatHead 0.0 442.0 33.0 531.0
WheatHead 317.0 983.0 434.0 1024.0
WheatHead 463.0 989.0 513.0 1024.0
WheatHead 712.0 538.0 795.0 683.0
WheatHead 554.0 536.0 634.0 629.0
