WheatHead 31.0 16.0 143.0 128.0
WheatHead 182.0 5.0 277.0 82.0
WheatHead 315.0 48.0 387.0 123.0
WheatHead 231.0 71.0 369.0 226.0
WheatHead 108.0 113.0 188.0 199.0
WheatHead 109.0 270.0 197.0 426.0
WheatHead 272.0 378.0 331.0 449.0
WheatHead 152.0 443.0 312.0 536.0
WheatHead 311.0 288.0 359.0 359.0
WheatHead 126.0 567.0 233.0 641.0
WheatHead 0.0 563.0 76.0 648.0
WheatHead 146.0 947.0 259.0 1022.0
WheatHead 300.0 540.0 439.0 672.0
WheatHead 261.0 647.0 354.0 739.0
WheatHead 415.0 338.0 482.0 408.0
WheatHead 361.0 244.0 429.0 308.0
WheatHead 405.0 88.0 539.0 190.0
WheatHead 384.0 49.0 451.0 100.0
WheatHead 476.0 207.0 579.0 312.0
WheatHead 584.0 182.0 649.0 250.0
WheatHead 643.0 122.0 743.0 254.0
WheatHead 769.0 131.0 897.0 214.0
WheatHead 771.0 199.0 848.0 318.0
WheatHead 557.0 403.0 632.0 487.0
WheatHead 457.0 548.0 564.0 702.0
WheatHead 559.0 760.0 652.0 900.0
WheatHead 502.0 766.0 590.0 851.0
WheatHead 638.0 631.0 764.0 732.0
WheatHead 630.0 568.0 709.0 640.0
WheatHead 823.0 664.0 912.0 812.0
WheatHead 719.0 860.0 892.0 996.0
WheatHead 568.0 0.0 647.0 47.0
WheatHead 641.0 3.0 726.0 48.0
WheatHead 630.0 48.0 726.0 102.0
WheatHead 924.0 537.0 1009.0 623.0
WheatHead 967.0 984.0 1021.0 1024.0
