WheatHead 513.0 271.0 581.0 350.0
WheatHead 580.0 551.0 667.0 618.0
WheatHead 544.0 109.0 619.0 187.0
WheatHead 851.0 27.0 924.0 101.0
WheatHead 584.0 714.0 677.0 783.0
WheatHead 141.0 68.0 208.0 135.0
WheatHead 359.0 262.0 477.0 331.0
WheatHead 354.0 131.0 434.0 192.0
WheatHead 691.0 259.0 815.0 331.0
WheatHead 832.0 301.0 903.0 389.0
WheatHead 815.0 111.0 871.0 215.0
WheatHead 690.0 133.0 767.0 203.0
WheatHead 209.0 643.0 302.0 718.0
WheatHead 689.0 577.0 805.0 644.0
WheatHead 558.0 402.0 653.0 495.0
WheatHead 582.0 294.0 638.0 364.0
WheatHead 477.0 931.0 565.0 984.0
WheatHead 162.0 359.0 266.0 438.0
WheatHead 394.0 394.0 458.0 438.0
WheatHead 339.0 0.0 412.0 55.0
WheatHead 494.0 192.0 544.0 260.0
WheatHead 675.0 734.0 760.0 786.0
WheatHead 856.0 483.0 946.0 533.0
WheatHead 961.0 303.0 1024.0 360.0
WheatHead 490.0 669.0 563.0 737.0
WheatHead 520.0 0.0 573.0 50.0
WheatHead 376.0 188.0 438.0 230.0
WheatHead 397.0 656.0 445.0 720.0
WheatHead 385.0 721.0 510.0 775.0
WheatHead 691.0 912.0 804.0 951.0
WheatHead 593.0 667.0 648.0 734.0
WheatHead 951.0 238.0 1008.0 303.0
WheatHead 319.0 715.0 379.0 749.0
WheatHead 932.0 176.0 976.0 256.0
WheatHead 173.0 2.0 255.0 48.0
WheatHead 918.0 785.0 1022.0 840.0
WheatHead 679.0 987.0 722.0 1024.0
WheatHead 638.0 675.0 798.0 741.0
WheatHead 822.0 725.0 924.0 802.0
WheatHead 164.0 730.0 348.0 791.0
WheatHead 965.0 693.0 1024.0 755.0
WheatHead 0.0 446.0 45.0 480.0
WheatHead 632.0 0.0 708.0 39.0
WheatHead 942.0 641.0 995.0 699.0
WheatHead 490.0 989.0 536.0 1024.0
WheatHead 16.0 685.0 94.0 740.0
WheatHead 76.0 376.0 188.0 413.0
WheatHead 406.0 634.0 462.0 670.0
WheatHead 158.0 471.0 273.0 515.0
WheatHead 585.0 489.0 695.0 536.0
WheatHead 529.0 378.0 587.0 415.0
WheatHead 55.0 678.0 184.0 720.0
WheatHead 0.0 81.0 75.0 107.0
WheatHead 38.0 496.0 110.0 535.0
WheatHead 15.0 644.0 112.0 689.0
WheatHead 0.0 129.0 98.0 199.0
WheatHead 700.0 148.0 767.0 214.0
WheatHead 588.0 0.0 693.0 55.0
WheatHead 111.0 420.0 163.0 458.0
WheatHead 72.0 732.0 184.0 794.0
WheatHead 75.0 761.0 130.0 810.0
WheatHead 0.0 770.0 85.0 813.0
WheatHead 894.0 726.0 942.0 759.0
WheatHead 705.0 609.0 769.0 660.0
WheatHead 705.0 0.0 766.0 22.0
