WheatHead 107.0 0.0 150.0 89.0
WheatHead 122.0 65.0 172.0 148.0
WheatHead 92.0 141.0 163.0 206.0
WheatHead 335.0 142.0 408.0 240.0
WheatHead 393.0 138.0 462.0 198.0
WheatHead 453.0 55.0 530.0 138.0
WheatHead 539.0 97.0 606.0 180.0
WheatHead 545.0 138.0 631.0 219.0
WheatHead 550.0 223.0 608.0 309.0
WheatHead 381.0 316.0 493.0 366.0
WheatHead 391.0 352.0 452.0 478.0
WheatHead 254.0 346.0 326.0 413.0
WheatHead 153.0 324.0 221.0 362.0
WheatHead 172.0 354.0 273.0 413.0
WheatHead 0.0 541.0 53.0 631.0
WheatHead 0.0 642.0 77.0 710.0
WheatHead 134.0 668.0 186.0 709.0
WheatHead 0.0 933.0 40.0 1024.0
WheatHead 42.0 855.0 97.0 931.0
WheatHead 62.0 765.0 122.0 830.0
WheatHead 108.0 716.0 174.0 789.0
WheatHead 168.0 836.0 216.0 975.0
WheatHead 109.0 833.0 168.0 889.0
WheatHead 209.0 758.0 276.0 834.0
WheatHead 333.0 768.0 419.0 832.0
WheatHead 367.0 858.0 462.0 952.0
WheatHead 266.0 886.0 328.0 927.0
WheatHead 206.0 840.0 303.0 897.0
WheatHead 288.0 964.0 388.0 1024.0
WheatHead 417.0 755.0 470.0 833.0
WheatHead 481.0 755.0 563.0 800.0
WheatHead 447.0 662.0 544.0 714.0
WheatHead 473.0 597.0 538.0 662.0
WheatHead 612.0 777.0 707.0 829.0
WheatHead 692.0 783.0 798.0 840.0
WheatHead 893.0 747.0 968.0 803.0
WheatHead 942.0 688.0 1024.0 735.0
WheatHead 971.0 773.0 1023.0 812.0
WheatHead 881.0 813.0 960.0 863.0
WheatHead 871.0 882.0 989.0 934.0
WheatHead 757.0 904.0 900.0 965.0
WheatHead 600.0 903.0 662.0 971.0
WheatHead 627.0 956.0 687.0 996.0
WheatHead 557.0 926.0 612.0 977.0
WheatHead 548.0 955.0 603.0 1008.0
WheatHead 508.0 863.0 570.0 925.0
WheatHead 471.0 799.0 530.0 879.0
WheatHead 509.0 791.0 597.0 855.0
WheatHead 965.0 945.0 1024.0 1003.0
WheatHead 901.0 594.0 1008.0 702.0
WheatHead 792.0 649.0 863.0 698.0
WheatHead 858.0 481.0 963.0 567.0
WheatHead 922.0 478.0 1024.0 562.0
WheatHead 606.0 317.0 710.0 366.0
WheatHead 616.0 365.0 703.0 426.0
WheatHead 679.0 439.0 770.0 494.0
WheatHead 698.0 463.0 803.0 555.0
WheatHead 744.0 309.0 859.0 388.0
WheatHead 814.0 273.0 907.0 357.0
WheatHead 968.0 279.0 1024.0 352.0
WheatHead 917.0 142.0 1024.0 214.0
WheatHead 645.0 268.0 724.0 329.0
WheatHead 794.0 0.0 903.0 36.0
WheatHead 423.0 0.0 486.0 32.0
WheatHead 454.0 11.0 566.0 65.0
WheatHead 159.0 0.0 208.0 45.0
WheatHead 131.0 354.0 217.0 408.0
WheatHead 13.0 833.0 76.0 870.0
WheatHead 376.0 890.0 426.0 957.0
WheatHead 458.0 856.0 496.0 899.0
WheatHead 417.0 24.0 500.0 76.0
WheatHead 917.0 405.0 964.0 449.0
WheatHead 882.0 559.0 932.0 598.0
WheatHead 671.0 431.0 759.0 470.0
WheatHead 806.0 498.0 836.0 525.0
WheatHead 93.0 263.0 134.0 320.0
WheatHead 509.0 271.0 555.0 320.0
WheatHead 154.0 925.0 276.0 987.0
