WheatHead 141.0 586.0 231.0 665.0
WheatHead 104.0 343.0 280.0 424.0
WheatHead 288.0 340.0 438.0 427.0
WheatHead 315.0 435.0 486.0 527.0
WheatHead 407.0 558.0 542.0 635.0
WheatHead 68.0 0.0 118.0 61.0
WheatHead 72.0 20.0 192.0 201.0
WheatHead 216.0 19.0 296.0 189.0
WheatHead 246.0 8.0 301.0 87.0
WheatHead 309.0 28.0 392.0 154.0
WheatHead 458.0 8.0 588.0 102.0
WheatHead 670.0 99.0 742.0 163.0
WheatHead 530.0 259.0 585.0 363.0
WheatHead 0.0 934.0 74.0 1011.0
WheatHead 79.0 852.0 146.0 985.0
WheatHead 41.0 707.0 90.0 768.0
WheatHead 148.0 949.0 223.0 1024.0
WheatHead 314.0 918.0 403.0 1024.0
WheatHead 429.0 850.0 507.0 942.0
WheatHead 581.0 922.0 659.0 971.0
WheatHead 492.0 937.0 634.0 1024.0
WheatHead 365.0 724.0 493.0 826.0
WheatHead 613.0 500.0 677.0 647.0
WheatHead 684.0 419.0 755.0 620.0
WheatHead 736.0 335.0 849.0 525.0
WheatHead 834.0 300.0 904.0 375.0
WheatHead 821.0 222.0 879.0 272.0
WheatHead 833.0 161.0 896.0 217.0
WheatHead 982.0 359.0 1024.0 439.0
WheatHead 887.0 419.0 969.0 521.0
WheatHead 741.0 56.0 819.0 107.0
WheatHead 670.0 0.0 747.0 61.0
WheatHead 764.0 556.0 830.0 707.0
WheatHead 863.0 589.0 925.0 650.0
WheatHead 939.0 693.0 1024.0 764.0
WheatHead 909.0 747.0 1024.0 875.0
WheatHead 851.0 826.0 937.0 933.0
WheatHead 821.0 672.0 909.0 812.0
WheatHead 779.0 748.0 835.0 840.0
