WheatHead 156.0 164.0 225.0 275.0
WheatHead 21.0 161.0 90.0 212.0
WheatHead 10.0 101.0 107.0 168.0
WheatHead 2.0 0.0 62.0 70.0
WheatHead 63.0 0.0 131.0 71.0
WheatHead 321.0 0.0 400.0 50.0
WheatHead 216.0 92.0 268.0 150.0
WheatHead 384.0 93.0 447.0 146.0
WheatHead 452.0 78.0 529.0 146.0
WheatHead 373.0 182.0 419.0 232.0
WheatHead 281.0 185.0 346.0 240.0
WheatHead 260.0 216.0 326.0 269.0
WheatHead 286.0 276.0 346.0 320.0
WheatHead 227.0 250.0 292.0 302.0
WheatHead 232.0 314.0 281.0 357.0
WheatHead 298.0 318.0 343.0 377.0
WheatHead 92.0 384.0 144.0 449.0
WheatHead 34.0 408.0 96.0 488.0
WheatHead 137.0 426.0 204.0 496.0
WheatHead 0.0 481.0 51.0 537.0
WheatHead 38.0 503.0 116.0 591.0
WheatHead 362.0 486.0 413.0 544.0
WheatHead 365.0 422.0 418.0 481.0
WheatHead 430.0 430.0 493.0 501.0
WheatHead 331.0 561.0 403.0 632.0
WheatHead 415.0 572.0 478.0 617.0
WheatHead 145.0 620.0 198.0 672.0
WheatHead 71.0 621.0 145.0 671.0
WheatHead 156.0 504.0 219.0 557.0
WheatHead 0.0 600.0 55.0 654.0
WheatHead 15.0 688.0 78.0 769.0
WheatHead 280.0 680.0 357.0 731.0
WheatHead 531.0 610.0 604.0 701.0
WheatHead 591.0 443.0 642.0 509.0
WheatHead 496.0 351.0 574.0 402.0
WheatHead 591.0 363.0 671.0 418.0
WheatHead 493.0 732.0 545.0 814.0
WheatHead 518.0 781.0 600.0 874.0
WheatHead 311.0 777.0 370.0 840.0
WheatHead 253.0 762.0 311.0 825.0
WheatHead 246.0 821.0 303.0 912.0
WheatHead 56.0 926.0 145.0 1024.0
WheatHead 275.0 915.0 340.0 1019.0
WheatHead 227.0 935.0 272.0 996.0
WheatHead 399.0 911.0 466.0 965.0
WheatHead 381.0 965.0 441.0 1024.0
WheatHead 477.0 832.0 552.0 970.0
WheatHead 549.0 972.0 645.0 1024.0
WheatHead 642.0 978.0 701.0 1024.0
WheatHead 714.0 967.0 781.0 1024.0
WheatHead 718.0 859.0 788.0 929.0
WheatHead 636.0 804.0 717.0 860.0
WheatHead 747.0 744.0 837.0 837.0
WheatHead 0.0 948.0 40.0 1016.0
WheatHead 658.0 456.0 714.0 501.0
WheatHead 692.0 507.0 751.0 567.0
WheatHead 772.0 533.0 840.0 595.0
WheatHead 781.0 470.0 841.0 530.0
WheatHead 668.0 645.0 731.0 702.0
WheatHead 641.0 684.0 691.0 736.0
WheatHead 763.0 664.0 832.0 705.0
WheatHead 833.0 668.0 888.0 716.0
WheatHead 847.0 568.0 903.0 650.0
WheatHead 889.0 615.0 944.0 661.0
WheatHead 931.0 610.0 983.0 675.0
WheatHead 970.0 535.0 1024.0 598.0
WheatHead 975.0 430.0 1024.0 485.0
WheatHead 920.0 415.0 960.0 467.0
WheatHead 828.0 428.0 904.0 468.0
WheatHead 843.0 389.0 916.0 440.0
WheatHead 739.0 272.0 804.0 332.0
WheatHead 945.0 922.0 1021.0 980.0
WheatHead 863.0 927.0 934.0 989.0
WheatHead 942.0 784.0 996.0 836.0
WheatHead 979.0 804.0 1024.0 870.0
WheatHead 950.0 294.0 1013.0 340.0
WheatHead 874.0 108.0 934.0 206.0
WheatHead 733.0 135.0 799.0 202.0
WheatHead 780.0 137.0 830.0 189.0
WheatHead 825.0 66.0 869.0 115.0
WheatHead 739.0 10.0 823.0 79.0
WheatHead 600.0 32.0 658.0 83.0
WheatHead 650.0 25.0 701.0 70.0
WheatHead 591.0 59.0 699.0 194.0
WheatHead 664.0 90.0 731.0 152.0
WheatHead 953.0 82.0 1024.0 138.0
WheatHead 870.0 44.0 959.0 114.0
WheatHead 990.0 138.0 1024.0 185.0
WheatHead 903.0 871.0 949.0 925.0
WheatHead 950.0 864.0 1012.0 918.0
WheatHead 900.0 336.0 955.0 384.0
WheatHead 430.0 194.0 468.0 243.0
WheatHead 460.0 179.0 511.0 227.0
WheatHead 609.0 503.0 662.0 555.0
WheatHead 307.0 741.0 356.0 778.0
