WheatHead 212.0 137.0 322.0 234.0
WheatHead 392.0 5.0 477.0 70.0
WheatHead 450.0 36.0 600.0 110.0
WheatHead 291.0 265.0 367.0 332.0
WheatHead 329.0 229.0 391.0 292.0
WheatHead 208.0 242.0 268.0 309.0
WheatHead 238.0 334.0 327.0 405.0
WheatHead 727.0 227.0 815.0 316.0
WheatHead 808.0 176.0 888.0 284.0
WheatHead 623.0 282.0 693.0 355.0
WheatHead 875.0 1.0 952.0 64.0
WheatHead 820.0 16.0 889.0 83.0
WheatHead 326.0 601.0 431.0 699.0
WheatHead 517.0 587.0 624.0 661.0
WheatHead 174.0 699.0 251.0 820.0
WheatHead 408.0 667.0 491.0 741.0
WheatHead 546.0 654.0 621.0 749.0
WheatHead 799.0 581.0 878.0 654.0
WheatHead 970.0 328.0 1024.0 411.0
WheatHead 914.0 688.0 995.0 783.0
WheatHead 560.0 815.0 617.0 886.0
WheatHead 397.0 853.0 502.0 939.0
WheatHead 306.0 867.0 372.0 938.0
WheatHead 240.0 745.0 306.0 842.0
WheatHead 671.0 932.0 788.0 1000.0
WheatHead 795.0 931.0 872.0 999.0
WheatHead 831.0 840.0 895.0 919.0
WheatHead 892.0 863.0 967.0 933.0
WheatHead 0.0 190.0 53.0 281.0
WheatHead 454.0 342.0 548.0 430.0
WheatHead 628.0 229.0 720.0 301.0
WheatHead 1.0 286.0 33.0 337.0
WheatHead 163.0 276.0 236.0 339.0
WheatHead 384.0 263.0 435.0 317.0
WheatHead 784.0 353.0 820.0 393.0
WheatHead 371.0 735.0 418.0 775.0
WheatHead 190.0 814.0 279.0 865.0
WheatHead 646.0 440.0 686.0 484.0
WheatHead 656.0 813.0 697.0 852.0
WheatHead 994.0 793.0 1024.0 838.0
WheatHead 975.0 920.0 1020.0 968.0
WheatHead 971.0 972.0 1020.0 1019.0
