WheatHead 0.0 0.0 29.0 74.0
WheatHead 224.0 53.0 299.0 101.0
WheatHead 267.0 137.0 353.0 214.0
WheatHead 303.0 329.0 386.0 427.0
WheatHead 337.0 189.0 409.0 271.0
WheatHead 438.0 84.0 526.0 209.0
WheatHead 188.0 406.0 248.0 463.0
WheatHead 0.0 559.0 76.0 634.0
WheatHead 189.0 474.0 240.0 551.0
WheatHead 197.0 520.0 274.0 596.0
WheatHead 299.0 623.0 368.0 736.0
WheatHead 364.0 727.0 437.0 901.0
WheatHead 264.0 604.0 311.0 662.0
WheatHead 286.0 446.0 333.0 527.0
WheatHead 246.0 870.0 302.0 956.0
WheatHead 86.0 800.0 160.0 870.0
WheatHead 471.0 900.0 578.0 995.0
WheatHead 620.0 939.0 701.0 1024.0
WheatHead 303.0 0.0 371.0 38.0
WheatHead 741.0 44.0 793.0 146.0
WheatHead 776.0 38.0 833.0 104.0
WheatHead 921.0 154.0 1006.0 211.0
WheatHead 959.0 26.0 1024.0 120.0
WheatHead 1004.0 206.0 1024.0 290.0
WheatHead 841.0 301.0 909.0 391.0
WheatHead 752.0 272.0 822.0 359.0
WheatHead 662.0 276.0 759.0 376.0
WheatHead 662.0 423.0 760.0 489.0
WheatHead 863.0 444.0 940.0 519.0
WheatHead 696.0 514.0 809.0 585.0
WheatHead 564.0 715.0 627.0 779.0
WheatHead 641.0 690.0 745.0 814.0
WheatHead 845.0 626.0 921.0 792.0
WheatHead 982.0 830.0 1024.0 905.0
WheatHead 775.0 908.0 857.0 1013.0
WheatHead 900.0 961.0 967.0 1024.0
WheatHead 856.0 517.0 909.0 565.0
WheatHead 572.0 394.0 659.0 476.0
