WheatHead 0.0 918.0 51.0 997.0
WheatHead 202.0 936.0 281.0 1020.0
WheatHead 36.0 739.0 190.0 848.0
WheatHead 964.0 951.0 1024.0 1024.0
WheatHead 602.0 875.0 681.0 937.0
WheatHead 697.0 920.0 871.0 999.0
WheatHead 595.0 624.0 662.0 712.0
WheatHead 460.0 634.0 568.0 737.0
WheatHead 337.0 487.0 442.0 571.0
WheatHead 0.0 464.0 30.0 586.0
WheatHead 423.0 225.0 545.0 309.0
WheatHead 471.0 118.0 598.0 188.0
WheatHead 103.0 17.0 353.0 90.0
WheatHead 0.0 93.0 178.0 146.0
WheatHead 0.0 0.0 30.0 56.0
WheatHead 707.0 217.0 792.0 285.0
WheatHead 848.0 116.0 949.0 195.0
WheatHead 812.0 615.0 909.0 712.0
WheatHead 745.0 563.0 827.0 648.0
WheatHead 709.0 735.0 828.0 811.0
WheatHead 739.0 701.0 815.0 745.0
WheatHead 949.0 816.0 1024.0 937.0
WheatHead 942.0 0.0 1016.0 69.0
WheatHead 666.0 450.0 775.0 536.0
WheatHead 991.0 104.0 1024.0 216.0
WheatHead 510.0 772.0 613.0 852.0
WheatHead 657.0 449.0 800.0 567.0
WheatHead 240.0 135.0 401.0 245.0
