WheatHead 913.0 629.0 973.0 718.0
WheatHead 415.0 417.0 487.0 506.0
WheatHead 827.0 666.0 894.0 759.0
WheatHead 817.0 232.0 879.0 324.0
WheatHead 925.0 64.0 987.0 147.0
WheatHead 580.0 641.0 634.0 733.0
WheatHead 720.0 468.0 768.0 554.0
WheatHead 622.0 94.0 748.0 150.0
WheatHead 238.0 947.0 300.0 1021.0
WheatHead 442.0 625.0 512.0 718.0
WheatHead 260.0 106.0 320.0 191.0
WheatHead 214.0 103.0 263.0 191.0
WheatHead 225.0 256.0 289.0 345.0
WheatHead 342.0 491.0 412.0 606.0
WheatHead 124.0 118.0 196.0 226.0
WheatHead 0.0 416.0 90.0 509.0
WheatHead 481.0 857.0 559.0 939.0
WheatHead 783.0 237.0 835.0 326.0
WheatHead 749.0 163.0 798.0 251.0
WheatHead 952.0 825.0 1021.0 903.0
WheatHead 0.0 312.0 69.0 423.0
WheatHead 716.0 236.0 793.0 348.0
WheatHead 255.0 579.0 324.0 656.0
WheatHead 172.0 24.0 229.0 116.0
WheatHead 402.0 182.0 445.0 263.0
WheatHead 0.0 81.0 54.0 167.0
WheatHead 645.0 656.0 692.0 750.0
WheatHead 409.0 786.0 474.0 866.0
WheatHead 446.0 580.0 514.0 666.0
WheatHead 699.0 346.0 745.0 432.0
WheatHead 950.0 0.0 978.0 55.0
WheatHead 432.0 887.0 494.0 958.0
WheatHead 182.0 264.0 256.0 333.0
WheatHead 678.0 561.0 753.0 640.0
WheatHead 79.0 553.0 154.0 619.0
WheatHead 929.0 212.0 963.0 304.0
WheatHead 46.0 554.0 109.0 634.0
WheatHead 843.0 802.0 891.0 861.0
WheatHead 527.0 182.0 582.0 259.0
WheatHead 223.0 197.0 285.0 292.0
WheatHead 355.0 37.0 402.0 102.0
WheatHead 912.0 565.0 956.0 658.0
WheatHead 517.0 412.0 561.0 481.0
WheatHead 542.0 667.0 602.0 745.0
WheatHead 817.0 0.0 851.0 70.0
WheatHead 791.0 182.0 862.0 222.0
WheatHead 563.0 563.0 614.0 626.0
WheatHead 225.0 579.0 288.0 649.0
WheatHead 742.0 831.0 797.0 886.0
WheatHead 0.0 540.0 47.0 602.0
WheatHead 230.0 659.0 282.0 734.0
WheatHead 561.0 723.0 595.0 816.0
WheatHead 28.0 730.0 77.0 775.0
WheatHead 401.0 722.0 467.0 752.0
WheatHead 985.0 20.0 1024.0 69.0
WheatHead 162.0 670.0 245.0 728.0
WheatHead 719.0 988.0 763.0 1024.0
WheatHead 127.0 641.0 198.0 719.0
WheatHead 377.0 93.0 484.0 229.0
WheatHead 456.0 0.0 521.0 52.0
WheatHead 1.0 137.0 35.0 212.0
WheatHead 899.0 531.0 953.0 580.0
WheatHead 744.0 650.0 804.0 728.0
WheatHead 783.0 589.0 851.0 692.0
WheatHead 800.0 567.0 859.0 638.0
WheatHead 755.0 611.0 804.0 694.0
WheatHead 595.0 157.0 683.0 281.0
