WheatHead 826.0 371.0 928.0 503.0
WheatHead 765.0 580.0 886.0 709.0
WheatHead 465.0 312.0 584.0 430.0
WheatHead 580.0 126.0 669.0 219.0
WheatHead 965.0 409.0 1024.0 481.0
WheatHead 211.0 28.0 366.0 94.0
WheatHead 557.0 894.0 611.0 1018.0
WheatHead 688.0 458.0 804.0 544.0
WheatHead 14.0 430.0 67.0 489.0
WheatHead 87.0 869.0 203.0 910.0
WheatHead 902.0 724.0 985.0 778.0
WheatHead 385.0 4.0 466.0 141.0
WheatHead 0.0 79.0 68.0 118.0
WheatHead 137.0 516.0 277.0 603.0
WheatHead 548.0 288.0 628.0 374.0
WheatHead 76.0 544.0 161.0 592.0
WheatHead 202.0 264.0 362.0 319.0
WheatHead 974.0 666.0 1017.0 730.0
WheatHead 459.0 535.0 572.0 589.0
WheatHead 675.0 673.0 775.0 701.0
WheatHead 517.0 409.0 563.0 488.0
WheatHead 986.0 128.0 1024.0 235.0
WheatHead 591.0 593.0 663.0 638.0
WheatHead 613.0 978.0 679.0 1024.0
WheatHead 383.0 562.0 527.0 645.0
WheatHead 887.0 226.0 1021.0 294.0
WheatHead 795.0 0.0 842.0 44.0
WheatHead 0.0 561.0 61.0 585.0
WheatHead 245.0 694.0 350.0 738.0
WheatHead 361.0 922.0 449.0 963.0
WheatHead 569.0 455.0 665.0 497.0
WheatHead 27.0 196.0 122.0 270.0
WheatHead 237.0 737.0 337.0 764.0
WheatHead 252.0 15.0 341.0 43.0
WheatHead 0.0 925.0 36.0 989.0
WheatHead 405.0 4.0 484.0 61.0
WheatHead 539.0 146.0 575.0 308.0
WheatHead 114.0 1.0 176.0 45.0
WheatHead 334.0 13.0 394.0 49.0
WheatHead 15.0 473.0 85.0 555.0
WheatHead 129.0 258.0 251.0 341.0
WheatHead 490.0 647.0 543.0 708.0
WheatHead 188.0 598.0 335.0 654.0
WheatHead 288.0 307.0 376.0 337.0
WheatHead 540.0 998.0 591.0 1024.0
WheatHead 578.0 575.0 648.0 627.0
WheatHead 335.0 282.0 479.0 349.0
WheatHead 0.0 989.0 44.0 1023.0
WheatHead 199.0 927.0 273.0 992.0
WheatHead 558.0 625.0 638.0 666.0
WheatHead 492.0 169.0 544.0 210.0
WheatHead 981.0 806.0 1024.0 834.0
WheatHead 101.0 906.0 330.0 957.0
WheatHead 20.0 642.0 120.0 743.0
WheatHead 431.0 555.0 559.0 620.0
WheatHead 292.0 575.0 372.0 637.0
WheatHead 346.0 591.0 459.0 651.0
WheatHead 730.0 999.0 830.0 1024.0
