WheatHead 559.0 246.0 612.0 332.0
WheatHead 347.0 354.0 422.0 436.0
WheatHead 242.0 257.0 315.0 370.0
WheatHead 0.0 662.0 36.0 776.0
WheatHead 634.0 347.0 704.0 430.0
WheatHead 358.0 732.0 419.0 812.0
WheatHead 0.0 551.0999755859375 57.20000076293945 635.0999755859375
WheatHead 973.0 188.0 1024.0 314.0
WheatHead 0.0 303.0 26.0 383.0
WheatHead 684.0 740.0 747.0 839.0
WheatHead 229.0 746.0 310.0 824.0
WheatHead 857.0 207.0 906.0 288.0
WheatHead 452.0 273.0 552.0 350.0
WheatHead 391.0 131.0 478.0 299.0
WheatHead 819.0 845.0 880.0 893.0
WheatHead 458.0 590.0 509.0 684.0
WheatHead 955.0 294.0 1005.0 373.0
WheatHead 816.0 77.0 849.0 170.0
WheatHead 745.0 308.0 798.0 387.0
WheatHead 630.0 626.0 683.0 708.0
WheatHead 455.0 874.0 531.0 914.0
WheatHead 434.0 437.0 504.0 509.0
WheatHead 965.0 590.0 998.0 660.0
WheatHead 791.0 790.0 836.0 873.0
WheatHead 157.0 645.0 236.0 683.0
WheatHead 623.0 385.0 653.0 446.0
WheatHead 174.0 366.0 219.0 436.0
WheatHead 572.0 449.0 643.0 484.0
WheatHead 589.0 665.0 660.0 715.0
WheatHead 975.0 373.0 1023.0 433.0
WheatHead 192.0 477.0 252.0 527.0
WheatHead 258.0 632.0 327.0 709.0
WheatHead 185.0 252.0 246.0 324.0
WheatHead 39.0 464.0 98.0 510.0
WheatHead 537.0 810.0 652.0 889.0
WheatHead 274.0 476.0 335.0 510.0
WheatHead 201.0 362.0 251.0 399.0
WheatHead 253.0 6.0 314.0 64.0
WheatHead 318.0 298.0 363.0 364.0
WheatHead 430.0 539.0 498.0 621.0
WheatHead 946.0 873.0 976.0 914.0
WheatHead 439.0 124.0 487.0 178.0
WheatHead 662.0 282.0 703.0 327.0
WheatHead 832.0 294.0 896.0 366.0
WheatHead 981.0 483.0 1024.0 521.0
WheatHead 465.0 422.0 559.0 458.0
WheatHead 685.0 849.0 709.0 914.0
WheatHead 223.0 409.0 278.0 461.0
WheatHead 854.0 448.0 890.0 498.0
WheatHead 559.0 751.0 619.0 811.0
WheatHead 862.0 790.0 945.0 856.0
WheatHead 734.0 26.0 787.0 82.0
WheatHead 929.0 64.0 976.0 113.0
WheatHead 738.0 784.0 772.0 860.0
WheatHead 642.0 840.0 688.0 881.0
WheatHead 676.0 545.0 730.0 583.0
WheatHead 931.0 472.0 961.0 521.0
WheatHead 789.0 417.0 823.0 459.0
WheatHead 80.0 184.0 120.0 231.0
WheatHead 0.0 131.0 86.0 174.0
WheatHead 866.0 885.0 920.0 930.0
WheatHead 256.0 125.0 306.0 180.0
WheatHead 473.0 377.0 534.0 430.0
WheatHead 61.0 964.0 137.0 1024.0
WheatHead 128.0 918.0 214.0 983.0
WheatHead 159.0 978.0 222.0 1022.0
WheatHead 240.0 986.0 314.0 1024.0
WheatHead 332.0 978.0 391.0 1024.0
WheatHead 402.0 975.0 516.0 1024.0
WheatHead 654.0 963.0 720.0 1024.0
WheatHead 694.0 985.0 759.0 1024.0
WheatHead 929.0 992.0 994.0 1024.0
