WheatHead 0.0 403.0 26.0 497.0
WheatHead 150.0 154.0 275.0 222.0
WheatHead 378.0 150.0 572.0 233.0
WheatHead 753.0 248.0 879.0 416.0
WheatHead 525.0 327.0 702.0 486.0
WheatHead 751.0 512.0 986.0 632.0
WheatHead 399.0 548.0 657.0 652.0
WheatHead 896.0 760.0 1024.0 877.0
WheatHead 0.0 595.0 126.0 717.0
WheatHead 0.0 728.0 81.0 824.0
WheatHead 130.0 969.0 239.0 1024.0
WheatHead 602.0 796.0 747.0 892.0
WheatHead 181.0 683.0 346.0 753.0
WheatHead 58.0 389.0 118.0 485.0
WheatHead 126.0 253.0 197.0 325.0
WheatHead 253.0 205.0 320.0 266.0
WheatHead 240.0 300.0 376.0 458.0
WheatHead 437.0 393.0 492.0 446.0
WheatHead 105.0 500.0 165.0 578.0
WheatHead 220.0 634.0 335.0 700.0
WheatHead 381.0 701.0 434.0 750.0
WheatHead 243.0 829.0 324.0 898.0
WheatHead 108.0 786.0 195.0 856.0
WheatHead 166.0 909.0 256.0 973.0
WheatHead 665.0 956.0 744.0 1024.0
WheatHead 346.0 843.0 444.0 921.0
WheatHead 367.0 983.0 465.0 1024.0
WheatHead 436.0 949.0 516.0 1024.0
WheatHead 345.0 757.0 445.0 833.0
WheatHead 565.0 717.0 636.0 776.0
WheatHead 627.0 524.0 717.0 609.0
WheatHead 937.0 217.0 1024.0 290.0
WheatHead 717.0 129.0 791.0 203.0
WheatHead 608.0 135.0 690.0 215.0
WheatHead 446.0 247.0 520.0 320.0
WheatHead 556.0 8.0 705.0 48.0
WheatHead 706.0 0.0 824.0 54.0
WheatHead 536.0 802.0 593.0 876.0
WheatHead 964.0 110.0 1024.0 189.0
