WheatHead 138.0 15.0 282.0 92.0
WheatHead 51.0 456.0 160.0 584.0
WheatHead 793.0 491.0 916.0 570.0
WheatHead 87.0 378.0 217.0 458.0
WheatHead 22.0 111.0 146.0 186.0
WheatHead 885.0 783.0 980.0 890.0
WheatHead 19.0 34.0 119.0 118.0
WheatHead 885.0 337.0 983.0 450.0
WheatHead 2.0 583.0 40.0 668.0
WheatHead 0.0 650.0 38.0 744.0
WheatHead 816.0 911.0 926.0 1016.0
WheatHead 937.0 612.0 1024.0 764.0
WheatHead 962.0 440.0 1024.0 517.0
WheatHead 908.0 506.0 1018.0 593.0
WheatHead 74.0 173.0 200.0 257.0
WheatHead 964.0 880.0 1024.0 980.0
WheatHead 874.0 658.0 996.0 759.0
WheatHead 9.0 461.0 64.0 540.0
WheatHead 78.0 456.0 199.0 566.0
