WheatHead 628.0 0.0 714.0 162.0
WheatHead 141.0 797.0 244.0 924.0
WheatHead 868.0 765.0 921.0 895.0
WheatHead 728.0 496.0 817.0 612.0
WheatHead 38.0 534.0 178.0 600.0
WheatHead 456.0 944.0 572.0 1008.0
WheatHead 935.0 92.0 992.0 178.0
WheatHead 593.0 457.0 715.0 527.0
WheatHead 772.0 370.0 846.0 507.0
WheatHead 602.0 963.0 715.0 1021.0
WheatHead 793.0 186.0 900.0 257.0
WheatHead 364.0 191.0 430.0 234.0
WheatHead 241.0 644.0 303.0 704.0
WheatHead 861.0 0.0 920.0 129.0
WheatHead 5.0 693.0 65.0 771.0
WheatHead 378.0 868.0 481.0 949.0
WheatHead 0.0 925.0 87.0 978.0
WheatHead 966.0 558.0 1024.0 604.0
WheatHead 445.0 641.0 517.0 684.0
WheatHead 220.0 952.0 306.0 1010.0
WheatHead 204.0 527.0 278.0 600.0
WheatHead 438.0 457.0 576.0 603.0
WheatHead 585.0 832.0 680.0 878.0
WheatHead 660.0 357.0 742.0 420.0
WheatHead 447.0 479.0 529.0 539.0
WheatHead 801.0 647.0 867.0 698.0
WheatHead 669.0 703.0 699.0 780.0
WheatHead 614.0 675.0 679.0 806.0
WheatHead 144.0 594.0 212.0 672.0
WheatHead 3.0 85.0 59.0 135.0
WheatHead 0.0 909.0 53.0 946.0
WheatHead 744.0 929.0 830.0 976.0
WheatHead 484.0 866.0 628.0 931.0
WheatHead 272.0 569.0 437.0 626.0
WheatHead 370.0 454.0 454.0 577.0
WheatHead 287.0 437.0 385.0 490.0
WheatHead 141.0 899.0 189.0 931.0
WheatHead 607.0 386.0 669.0 469.0
WheatHead 305.0 916.0 394.0 970.0
WheatHead 703.0 806.0 772.0 877.0
WheatHead 106.0 927.0 146.0 985.0
WheatHead 0.0 974.0 35.0 1022.0
WheatHead 577.0 562.0 634.0 605.0
WheatHead 63.0 864.0 125.0 939.0
WheatHead 439.0 162.0 507.0 230.0
WheatHead 555.0 613.0 660.0 677.0
WheatHead 218.0 604.0 363.0 664.0
WheatHead 753.0 393.0 869.0 444.0
WheatHead 664.0 438.0 730.0 498.0
WheatHead 658.0 531.0 766.0 597.0
WheatHead 529.0 824.0 585.0 883.0
WheatHead 949.0 586.0 999.0 629.0
