WheatHead 606.0 79.0 711.0 176.0
WheatHead 709.0 494.0 852.0 573.0
WheatHead 693.0 0.0 811.0 46.0
WheatHead 494.0 622.0 570.0 688.0
WheatHead 739.0 409.0 888.0 488.0
WheatHead 506.0 734.0 632.0 839.0
WheatHead 824.0 355.0 901.0 409.0
WheatHead 540.0 476.0 634.0 555.0
WheatHead 586.0 619.0 691.0 734.0
WheatHead 57.0 686.0 150.0 783.0
WheatHead 901.0 837.0 1018.0 926.0
WheatHead 7.0 527.0 97.0 609.0
WheatHead 414.0 0.0 517.0 58.0
WheatHead 455.0 460.0 555.0 537.0
WheatHead 424.0 281.0 560.0 360.0
WheatHead 532.0 189.0 622.0 291.0
WheatHead 678.0 163.0 834.0 232.0
WheatHead 640.0 775.0 762.0 847.0
WheatHead 642.0 924.0 729.0 1000.0
WheatHead 407.0 51.0 517.0 122.0
WheatHead 557.0 896.0 679.0 1006.0
WheatHead 673.0 647.0 755.0 719.0
WheatHead 974.0 363.0 1024.0 419.0
WheatHead 0.0 727.0 53.0 863.0
WheatHead 449.0 813.0 513.0 898.0
WheatHead 618.0 963.0 688.0 1007.0
