WheatHead 71.0 0.0 222.0 64.0
WheatHead 835.0 508.0 930.0 628.0
WheatHead 778.0 640.0 880.0 709.0
WheatHead 543.0 40.0 775.0 207.0
WheatHead 0.0 0.0 58.0 94.0
WheatHead 611.0 174.0 720.0 418.0
WheatHead 770.0 775.0 949.0 919.0
WheatHead 775.0 371.0 975.0 501.0
WheatHead 151.0 634.0 463.0 874.0
WheatHead 901.0 852.0 1024.0 977.0
WheatHead 785.0 0.0 975.0 174.0
WheatHead 58.0 853.0 476.0 1022.0
WheatHead 868.0 335.0 1024.0 441.0
WheatHead 99.0 609.0 284.0 906.0
WheatHead 990.0 724.0 1024.0 847.0
WheatHead 867.0 732.0 988.0 842.0
WheatHead 120.0 890.0 281.0 1024.0
WheatHead 762.0 176.0 885.0 273.0
WheatHead 686.0 341.0 777.0 431.0
WheatHead 676.0 178.0 745.0 240.0
