WheatHead 510.0 576.0 589.0 643.0
WheatHead 354.0 204.0 419.0 279.0
WheatHead 700.0 1.0 793.0 79.0
WheatHead 862.0 550.0 928.0 630.0
WheatHead 226.0 517.0 301.0 593.0
WheatHead 554.0 208.0 625.0 305.0
WheatHead 143.0 532.0 247.0 585.0
WheatHead 446.0 1.0 502.0 55.0
WheatHead 999.0 559.0 1024.0 638.0
WheatHead 731.0 465.0 785.0 554.0
WheatHead 927.0 1.0 1009.0 68.0
WheatHead 436.0 475.0 514.0 543.0
WheatHead 614.0 585.0 704.0 663.0
WheatHead 720.0 402.0 793.0 466.0
WheatHead 447.0 395.0 531.0 441.0
WheatHead 99.0 76.0 181.0 146.0
WheatHead 419.0 581.0 496.0 638.0
WheatHead 858.0 18.0 940.0 79.0
WheatHead 197.0 462.0 307.0 522.0
WheatHead 113.0 296.0 224.0 357.0
WheatHead 550.0 301.0 598.0 363.0
WheatHead 929.0 262.0 984.0 327.0
WheatHead 623.0 562.0 700.0 610.0
WheatHead 195.0 901.0 271.0 955.0
WheatHead 363.0 655.0 439.0 724.0
WheatHead 539.0 573.0 610.0 632.0
WheatHead 679.0 4.0 741.0 69.0
WheatHead 0.0 531.0 83.0 584.0
WheatHead 99.0 891.0 191.0 934.0
WheatHead 909.0 542.0 981.0 598.0
WheatHead 345.0 985.0 453.0 1024.0
WheatHead 68.0 749.0 132.0 782.0
WheatHead 932.0 908.0 1024.0 955.0
WheatHead 166.0 382.0 290.0 433.0
WheatHead 234.0 290.0 316.0 335.0
WheatHead 488.0 916.0 558.0 943.0
WheatHead 230.0 692.0 294.0 727.0
WheatHead 35.0 649.0 120.0 694.0
WheatHead 31.0 229.0 109.0 304.0
WheatHead 752.0 724.0 824.0 758.0
WheatHead 275.0 330.0 356.0 362.0
WheatHead 233.0 626.0 319.0 695.0
WheatHead 669.0 959.0 775.0 1011.0
WheatHead 524.0 1.0 578.0 39.0
WheatHead 632.0 648.0 705.0 688.0
WheatHead 875.0 873.0 924.0 925.0
WheatHead 84.0 643.0 191.0 680.0
WheatHead 122.0 344.0 217.0 398.0
WheatHead 0.0 561.0 38.0 609.0
WheatHead 122.0 270.0 240.0 309.0
WheatHead 0.0 200.0 41.0 237.0
WheatHead 662.0 940.0 709.0 978.0
WheatHead 499.0 732.0 550.0 771.0
WheatHead 172.0 628.0 270.0 678.0
WheatHead 652.0 505.0 723.0 548.0
WheatHead 760.0 95.0 807.0 134.0
WheatHead 27.0 373.0 124.0 410.0
WheatHead 72.0 904.0 114.0 949.0
WheatHead 779.0 980.0 874.0 1024.0
WheatHead 612.0 472.0 673.0 525.0
WheatHead 692.0 444.0 745.0 509.0
WheatHead 299.0 665.0 379.0 706.0
WheatHead 174.0 445.0 220.0 478.0
WheatHead 116.0 484.0 178.0 552.0
WheatHead 0.0 609.0 30.0 637.0
WheatHead 307.0 0.0 380.0 77.0
