WheatHead 942.0 0.0 1008.0 76.0
WheatHead 622.0 617.0 671.0 712.0
WheatHead 558.0 0.0 617.0 84.0
WheatHead 207.0 370.0 293.0 457.0
WheatHead 1010.0 352.0 1024.0 443.0
WheatHead 445.0 740.0 521.0 830.0
WheatHead 415.0 397.0 502.0 476.0
WheatHead 1.0 279.0 83.0 344.0
WheatHead 510.0 91.0 592.0 154.0
WheatHead 24.0 946.0 92.0 1022.0
WheatHead 0.0 375.0 61.0 476.0
WheatHead 86.0 260.0 171.0 331.0
WheatHead 23.0 606.0 88.0 656.0
WheatHead 337.0 955.0 400.0 1022.0
WheatHead 303.0 959.0 367.0 1022.0
WheatHead 379.0 950.0 460.0 1017.0
WheatHead 872.0 297.0 947.0 354.0
WheatHead 204.0 907.0 299.0 962.0
WheatHead 281.0 408.0 387.0 446.0
WheatHead 484.0 595.0 570.0 645.0
WheatHead 176.0 76.0 256.0 146.0
WheatHead 87.0 446.0 189.0 509.0
WheatHead 644.0 280.0 723.0 344.0
WheatHead 826.0 86.0 886.0 161.0
WheatHead 378.0 262.0 494.0 362.0
WheatHead 80.0 830.0 152.0 882.0
WheatHead 815.0 182.0 906.0 223.0
WheatHead 656.0 0.0 705.0 62.0
WheatHead 131.0 914.0 170.0 965.0
WheatHead 1.0 477.0 99.0 522.0
WheatHead 348.0 724.0 383.0 785.0
WheatHead 834.0 406.0 879.0 473.0
WheatHead 277.0 546.0 361.0 574.0
WheatHead 283.0 772.0 372.0 811.0
WheatHead 182.0 606.0 258.0 701.0
WheatHead 746.0 928.0 821.0 968.0
WheatHead 494.0 0.0 520.0 61.0
WheatHead 35.0 0.0 81.0 42.0
WheatHead 572.0 730.0 633.0 772.0
WheatHead 1.0 968.0 49.0 1022.0
WheatHead 681.0 656.0 738.0 696.0
WheatHead 243.0 69.0 374.0 107.0
WheatHead 937.0 656.0 1006.0 696.0
WheatHead 0.0 21.0 45.0 88.0
WheatHead 569.0 984.0 636.0 1022.0
WheatHead 671.0 954.0 705.0 1008.0
WheatHead 94.0 518.0 167.0 548.0
WheatHead 566.0 64.0 610.0 146.0
WheatHead 656.0 126.0 711.0 157.0
WheatHead 671.0 454.0 735.0 477.0
WheatHead 816.0 124.0 851.0 191.0
WheatHead 174.0 785.0 223.0 820.0
WheatHead 842.0 703.0 892.0 759.0
WheatHead 580.0 826.0 638.0 860.0
WheatHead 596.0 920.0 648.0 963.0
WheatHead 611.0 27.0 644.0 140.0
WheatHead 524.0 942.0 569.0 1008.0
WheatHead 834.0 960.0 936.0 1024.0
WheatHead 670.0 159.0 723.0 219.0
WheatHead 187.0 606.0 308.0 692.0
WheatHead 834.0 895.0 895.0 918.0
WheatHead 865.0 462.0 909.0 510.0
WheatHead 219.0 2.0 300.0 55.0
WheatHead 371.0 475.0 430.0 520.0
WheatHead 106.69999694824219 797.2999877929688 178.0 836.0
WheatHead 477.0 755.0 551.0 800.0
WheatHead 697.0 615.0 783.0 693.0
WheatHead 759.0 902.0 813.0 939.0
WheatHead 593.0 851.0 658.0 877.0
WheatHead 828.0 869.0 906.0 895.0
WheatHead 389.0 980.0 427.0 1024.0
WheatHead 180.0 851.0 290.0 888.0
WheatHead 319.0 958.0 385.0 1024.0
WheatHead 1.0 539.0 42.0 559.0
WheatHead 1.0 740.0 43.0 771.0
WheatHead 309.0 290.0 354.0 318.0
WheatHead 912.0 466.0 959.0 510.0
WheatHead 271.0 988.0 316.0 1014.0
WheatHead 372.0 514.0 428.0 548.0
WheatHead 631.0 52.0 677.0 105.0
