WheatHead 334.0 61.0 410.0 165.0
WheatHead 204.0 114.0 281.0 195.0
WheatHead 460.0 395.0 533.0 476.0
WheatHead 458.0 961.0 542.0 1021.0
WheatHead 274.0 446.0 352.0 512.0
WheatHead 305.0 542.0 421.0 599.0
WheatHead 633.0 379.0 682.0 476.0
WheatHead 260.0 774.0 350.0 824.0
WheatHead 352.0 932.0 434.0 1016.0
WheatHead 469.0 13.0 536.0 95.0
WheatHead 352.0 211.0 423.0 263.0
WheatHead 0.0 202.0 32.0 248.0
WheatHead 0.0 288.0 39.0 326.0
WheatHead 584.0 730.0 653.0 787.0
WheatHead 757.0 402.0 826.0 471.0
WheatHead 697.0 92.0 765.0 155.0
WheatHead 580.0 417.0 667.0 491.0
WheatHead 81.0 395.0 158.0 464.0
WheatHead 619.0 25.0 707.0 62.0
WheatHead 559.0 350.0 636.0 435.0
WheatHead 891.0 581.0 924.0 647.0
WheatHead 187.0 148.0 255.0 208.0
WheatHead 0.0 251.0 65.0 299.0
WheatHead 572.0 626.0 653.0 669.0
WheatHead 827.0 486.0 899.0 544.0
WheatHead 72.0 794.0 169.0 834.0
WheatHead 595.0 503.0 651.0 569.0
WheatHead 425.0 484.0 484.0 536.0
WheatHead 77.0 505.0 158.0 572.0
WheatHead 409.0 264.0 487.0 308.0
WheatHead 260.0 834.0 337.0 875.0
WheatHead 613.0 893.0 682.0 927.0
WheatHead 84.0 275.0 152.0 314.0
WheatHead 124.0 1.0 170.0 38.0
WheatHead 966.0 841.0 1024.0 869.0
WheatHead 720.0 685.0 786.0 720.0
WheatHead 107.0 137.0 173.0 203.0
WheatHead 544.0 558.0 619.0 589.0
WheatHead 177.0 939.0 274.0 980.0
WheatHead 402.0 637.0 465.0 666.0
WheatHead 614.0 154.0 685.0 191.0
WheatHead 724.0 453.0 791.0 498.0
WheatHead 479.0 565.0 563.0 600.0
WheatHead 13.0 644.0 95.0 679.0
WheatHead 506.0 675.0 587.0 707.0
WheatHead 320.0 350.0 395.0 393.0
WheatHead 706.0 716.0 785.0 752.0
WheatHead 584.0 264.0 659.0 299.0
WheatHead 793.0 634.0 850.0 660.0
WheatHead 42.0 909.0 90.0 948.0
WheatHead 87.0 387.0 155.0 413.0
WheatHead 774.0 282.0 813.0 341.0
WheatHead 413.0 756.0 460.0 808.0
WheatHead 159.0 672.0 242.0 716.0
WheatHead 961.0 309.0 991.0 367.0
WheatHead 225.0 349.0 290.0 378.0
WheatHead 582.0 910.0 671.0 944.0
WheatHead 598.0 58.0 648.0 113.0
WheatHead 387.0 19.0 460.0 72.0
WheatHead 199.0 136.0 268.0 210.0
WheatHead 737.0 635.0 790.0 667.0
WheatHead 563.0 801.0 619.0 828.0
WheatHead 326.0 0.0 395.0 32.0
WheatHead 7.0 621.0 76.0 646.0
WheatHead 313.0 948.0 374.0 989.0
