WheatHead 775.0 691.0 944.0 752.0
WheatHead 517.0 637.0 622.0 698.0
WheatHead 847.0 542.0 998.0 614.0
WheatHead 629.0 97.0 742.0 184.0
WheatHead 535.0 46.0 642.0 112.0
WheatHead 486.0 222.0 560.0 291.0
WheatHead 601.0 227.0 729.0 335.0
WheatHead 458.0 145.0 588.0 204.0
WheatHead 770.0 962.0 883.0 1024.0
WheatHead 565.0 552.0 640.0 614.0
WheatHead 506.0 448.0 663.0 529.0
WheatHead 719.0 271.0 867.0 335.0
WheatHead 683.0 801.0 768.0 862.0
WheatHead 670.0 616.0 780.0 719.0
WheatHead 545.0 775.0 670.0 839.0
WheatHead 614.0 353.0 811.0 481.0
WheatHead 642.0 558.0 819.0 604.0
WheatHead 709.0 870.0 798.0 924.0
WheatHead 747.0 43.0 842.0 99.0
WheatHead 750.0 473.0 867.0 550.0
WheatHead 547.0 747.0 655.0 791.0
WheatHead 924.0 734.0 1021.0 808.0
WheatHead 724.0 599.0 852.0 627.0
WheatHead 624.0 540.0 709.0 583.0
WheatHead 716.0 524.0 847.0 560.0
WheatHead 903.0 322.0 1024.0 367.0
WheatHead 476.0 0.0 562.0 46.0
WheatHead 683.0 35.0 801.0 115.0
WheatHead 716.0 0.0 847.0 51.0
WheatHead 403.0 292.0 463.0 342.0
