WheatHead 949.0 574.0 1024.0 657.0
WheatHead 766.0 688.0 988.0 831.0
WheatHead 20.0 544.0 183.0 612.0
WheatHead 50.0 338.0 199.0 406.0
WheatHead 50.0 111.0 237.0 204.0
WheatHead 607.0 201.0 807.0 295.0
WheatHead 574.0 602.0 649.0 698.0
WheatHead 0.0 28.0 159.0 127.0
WheatHead 363.0 90.0 581.0 204.0
WheatHead 696.0 442.0 950.0 532.0
WheatHead 671.0 676.0 848.0 772.0
WheatHead 949.0 0.0 1024.0 72.0
WheatHead 255.0 854.0 355.0 930.0
WheatHead 408.0 865.0 615.0 1021.0
WheatHead 370.0 0.0 608.0 79.0
WheatHead 93.0 235.0 280.0 358.0
WheatHead 247.0 918.0 344.0 1024.0
WheatHead 678.0 169.0 895.0 251.0
WheatHead 739.0 922.0 828.0 1024.0
WheatHead 720.0 572.0 975.0 662.0
WheatHead 972.0 248.0 1024.0 330.0
WheatHead 0.0 264.0 59.0 403.0
WheatHead 268.0 929.0 365.0 1024.0
WheatHead 173.0 953.0 266.0 1008.0
WheatHead 52.0 930.0 229.0 1003.0
WheatHead 59.0 836.0 186.0 962.0
WheatHead 610.0 789.0 712.0 893.0
WheatHead 767.0 264.0 929.0 367.0
WheatHead 635.0 309.0 886.0 408.0
WheatHead 791.0 377.0 936.0 445.0
WheatHead 784.0 215.0 899.0 315.0
WheatHead 606.0 564.0 692.0 637.0
