WheatHead 7.0 504.0 74.0 600.0
WheatHead 111.0 358.0 180.0 438.0
WheatHead 139.0 538.0 205.0 636.0
WheatHead 88.0 523.0 189.0 595.0
WheatHead 302.0 560.0 388.0 632.0
WheatHead 317.0 516.0 392.0 574.0
WheatHead 402.0 504.0 479.0 594.0
WheatHead 455.0 585.0 527.0 686.0
WheatHead 460.0 392.0 534.0 453.0
WheatHead 294.0 381.0 400.0 458.0
WheatHead 198.0 305.0 269.0 375.0
WheatHead 230.0 230.0 301.0 290.0
WheatHead 299.0 291.0 372.0 365.0
WheatHead 388.0 230.0 466.0 286.0
WheatHead 414.0 337.0 464.0 414.0
WheatHead 443.0 129.0 527.0 200.0
WheatHead 223.0 129.0 280.0 194.0
WheatHead 276.0 37.0 339.0 98.0
WheatHead 382.0 59.0 466.0 150.0
WheatHead 230.0 0.0 312.0 43.0
WheatHead 3.0 33.0 73.0 121.0
WheatHead 114.0 961.0 201.0 1024.0
WheatHead 0.0 878.0 44.0 950.0
WheatHead 20.0 769.0 110.0 829.0
WheatHead 205.0 899.0 291.0 961.0
WheatHead 61.0 863.0 145.0 930.0
WheatHead 235.0 963.0 320.0 1024.0
WheatHead 421.0 937.0 479.0 1023.0
WheatHead 468.0 938.0 550.0 1015.0
WheatHead 493.0 851.0 567.0 934.0
WheatHead 627.0 737.0 739.0 817.0
WheatHead 606.0 456.0 675.0 507.0
WheatHead 755.0 408.0 841.0 482.0
WheatHead 926.0 453.0 999.0 528.0
WheatHead 808.0 890.0 885.0 985.0
WheatHead 957.0 449.0 1024.0 514.0
WheatHead 966.0 791.0 1024.0 872.0
WheatHead 883.0 906.0 986.0 1024.0
WheatHead 730.0 562.0 791.0 617.0
WheatHead 762.0 123.0 836.0 215.0
WheatHead 660.0 41.0 740.0 123.0
WheatHead 765.0 7.0 840.0 85.0
WheatHead 852.0 0.0 914.0 43.0
WheatHead 109.0 68.0 158.0 118.0
WheatHead 264.0 62.0 308.0 123.0
WheatHead 720.0 88.0 773.0 143.0
WheatHead 846.0 46.0 889.0 90.0
WheatHead 0.0 947.0 47.0 1014.0
WheatHead 936.0 10.0 1024.0 99.0
WheatHead 505.0 25.0 552.0 83.0
WheatHead 419.0 273.0 487.0 325.0
