WheatHead 470.0 395.0 553.0 463.0
WheatHead 272.0 363.0 410.0 426.0
WheatHead 302.0 205.0 388.0 265.0
WheatHead 362.0 60.0 428.0 134.0
WheatHead 433.0 53.0 514.0 116.0
WheatHead 187.0 17.0 257.0 73.0
WheatHead 206.0 71.0 279.0 146.0
WheatHead 168.0 116.0 232.0 213.0
WheatHead 44.0 149.0 150.0 202.0
WheatHead 32.0 189.0 112.0 238.0
WheatHead 45.0 292.0 183.0 372.0
WheatHead 30.0 299.0 116.0 391.0
WheatHead 58.0 587.0 154.0 661.0
WheatHead 174.0 475.0 281.0 572.0
WheatHead 182.0 397.0 266.0 466.0
WheatHead 281.0 305.0 381.0 380.0
WheatHead 580.0 189.0 642.0 257.0
WheatHead 473.0 273.0 545.0 326.0
WheatHead 673.0 234.0 813.0 295.0
WheatHead 780.0 107.0 854.0 165.0
WheatHead 862.0 109.0 964.0 182.0
WheatHead 855.0 15.0 937.0 89.0
WheatHead 980.0 210.0 1024.0 301.0
WheatHead 937.0 311.0 1024.0 385.0
WheatHead 791.0 298.0 875.0 367.0
WheatHead 672.0 292.0 732.0 344.0
WheatHead 709.0 458.0 778.0 519.0
WheatHead 795.0 458.0 856.0 522.0
WheatHead 955.0 497.0 1024.0 593.0
WheatHead 914.0 681.0 991.0 751.0
WheatHead 879.0 548.0 948.0 617.0
WheatHead 722.0 639.0 822.0 744.0
WheatHead 500.0 556.0 602.0 632.0
WheatHead 326.0 527.0 425.0 589.0
WheatHead 384.0 568.0 468.0 626.0
WheatHead 388.0 626.0 459.0 688.0
WheatHead 462.0 697.0 556.0 787.0
WheatHead 305.0 612.0 380.0 681.0
WheatHead 154.0 665.0 247.0 724.0
WheatHead 26.0 714.0 112.0 807.0
WheatHead 182.0 851.0 275.0 970.0
WheatHead 6.0 931.0 83.0 1013.0
WheatHead 494.0 957.0 570.0 1024.0
WheatHead 792.0 888.0 869.0 953.0
WheatHead 761.0 959.0 885.0 1024.0
WheatHead 923.0 967.0 1001.0 1024.0
WheatHead 245.0 591.0 301.0 677.0
WheatHead 894.0 407.0 974.0 482.0
WheatHead 903.0 247.0 946.0 330.0
