WheatHead 449.0 1004.0 519.0 1024.0
WheatHead 309.0 986.0 368.0 1024.0
WheatHead 4.0 947.0 82.0 1024.0
WheatHead 149.0 923.0 230.0 1006.0
WheatHead 222.0 842.0 303.0 915.0
WheatHead 149.0 754.0 246.0 856.0
WheatHead 0.0 683.0 35.0 761.0
WheatHead 697.0 880.0 774.0 974.0
WheatHead 693.0 793.0 799.0 860.0
WheatHead 811.0 923.0 905.0 992.0
WheatHead 476.0 772.0 590.0 838.0
WheatHead 379.0 655.0 446.0 709.0
WheatHead 232.0 655.0 305.0 726.0
WheatHead 120.0 555.0 206.0 642.0
WheatHead 817.0 669.0 903.0 758.0
WheatHead 756.0 537.0 864.0 624.0
WheatHead 586.0 437.0 728.0 596.0
WheatHead 620.0 608.0 673.0 691.0
WheatHead 474.0 456.0 543.0 525.0
WheatHead 344.0 458.0 423.0 567.0
WheatHead 185.0 360.0 267.0 496.0
WheatHead 74.0 470.0 132.0 541.0
WheatHead 444.0 362.0 504.0 462.0
WheatHead 915.0 659.0 1021.0 815.0
WheatHead 898.0 801.0 965.0 886.0
WheatHead 750.0 159.0 854.0 273.0
WheatHead 809.0 60.0 880.0 114.0
WheatHead 586.0 169.0 665.0 242.0
WheatHead 498.0 78.0 563.0 147.0
WheatHead 275.0 78.0 354.0 132.0
WheatHead 251.0 125.0 325.0 204.0
WheatHead 244.0 210.0 297.0 303.0
WheatHead 0.0 139.0 104.0 244.0
WheatHead 92.0 25.0 159.0 88.0
WheatHead 342.0 185.0 393.0 249.0
WheatHead 777.0 598.0 819.0 707.0
WheatHead 215.0 62.0 382.0 133.0
