WheatHead 983.0 493.0 1024.0 591.0
WheatHead 888.0 281.0 959.0 385.0
WheatHead 575.0 186.0 706.0 251.0
WheatHead 709.0 221.0 772.0 272.0
WheatHead 686.0 263.0 760.0 329.0
WheatHead 587.0 262.0 623.0 332.0
WheatHead 619.0 251.0 667.0 352.0
WheatHead 635.0 347.0 700.0 394.0
WheatHead 694.0 390.0 778.0 439.0
WheatHead 550.0 403.0 673.0 454.0
WheatHead 626.0 439.0 701.0 497.0
WheatHead 662.0 494.0 814.0 546.0
WheatHead 733.0 537.0 804.0 601.0
WheatHead 462.0 473.0 561.0 560.0
WheatHead 459.0 401.0 540.0 483.0
WheatHead 349.0 393.0 435.0 471.0
WheatHead 379.0 299.0 473.0 370.0
WheatHead 233.0 265.0 344.0 347.0
WheatHead 246.0 287.0 307.0 359.0
WheatHead 159.0 290.0 242.0 385.0
WheatHead 355.0 58.0 442.0 197.0
WheatHead 384.0 176.0 468.0 251.0
WheatHead 408.0 241.0 470.0 283.0
WheatHead 101.0 125.0 245.0 283.0
WheatHead 320.0 572.0 394.0 670.0
WheatHead 340.0 680.0 424.0 734.0
WheatHead 332.0 772.0 460.0 834.0
WheatHead 45.0 881.0 140.0 934.0
WheatHead 14.0 924.0 90.0 993.0
WheatHead 0.0 814.0 86.0 980.0
WheatHead 128.0 929.0 239.0 1003.0
WheatHead 60.0 965.0 131.0 1022.0
WheatHead 635.0 857.0 712.0 924.0
WheatHead 736.0 953.0 811.0 1013.0
WheatHead 643.0 948.0 696.0 1024.0
WheatHead 808.0 900.0 881.0 978.0
WheatHead 113.0 439.0 183.0 512.0
WheatHead 0.0 448.0 111.0 516.0
WheatHead 0.0 331.0 103.0 417.0
WheatHead 489.0 242.0 553.0 316.0
WheatHead 529.0 301.0 573.0 349.0
WheatHead 220.0 370.0 367.0 454.0
WheatHead 212.0 438.0 301.0 511.0
