WheatHead 202.0 137.0 370.0 208.0
WheatHead 137.0 0.0 242.0 90.0
WheatHead 27.0 11.0 123.0 96.0
WheatHead 622.0 0.0 736.0 108.0
WheatHead 716.0 179.0 900.0 271.0
WheatHead 896.0 128.0 1024.0 262.0
WheatHead 915.0 362.0 1024.0 521.0
WheatHead 679.0 433.0 770.0 700.0
WheatHead 514.0 330.0 637.0 496.0
WheatHead 308.0 445.0 480.0 581.0
WheatHead 226.0 472.0 299.0 584.0
WheatHead 179.0 287.0 295.0 393.0
WheatHead 210.0 630.0 299.0 781.0
WheatHead 147.0 425.0 212.0 614.0
WheatHead 0.0 389.0 70.0 541.0
WheatHead 110.0 685.0 185.0 768.0
WheatHead 0.0 747.0 143.0 848.0
WheatHead 2.0 835.0 104.0 982.0
WheatHead 195.0 951.0 285.0 1024.0
WheatHead 350.0 838.0 480.0 984.0
WheatHead 574.0 492.0 675.0 761.0
WheatHead 577.0 802.0 740.0 907.0
WheatHead 683.0 783.0 811.0 911.0
WheatHead 880.0 720.0 982.0 834.0
WheatHead 986.0 584.0 1024.0 697.0
WheatHead 941.0 815.0 1024.0 880.0
WheatHead 915.0 866.0 1008.0 925.0
WheatHead 687.0 968.0 803.0 1024.0
WheatHead 626.0 986.0 691.0 1024.0
WheatHead 307.0 649.0 397.0 722.0
WheatHead 95.0 77.0 323.0 151.0
WheatHead 85.0 645.0 174.0 751.0
