WheatHead 897.0 27.0 969.0 119.0
WheatHead 954.0 27.0 1016.0 115.0
WheatHead 944.0 92.0 1024.0 199.0
WheatHead 781.0 110.0 924.0 194.0
WheatHead 777.0 187.0 846.0 249.0
WheatHead 828.0 243.0 930.0 340.0
WheatHead 976.0 311.0 1024.0 390.0
WheatHead 716.0 298.0 804.0 375.0
WheatHead 988.0 482.0 1024.0 546.0
WheatHead 858.0 476.0 937.0 558.0
WheatHead 878.0 654.0 1017.0 746.0
WheatHead 665.0 366.0 745.0 468.0
WheatHead 548.0 443.0 615.0 511.0
WheatHead 490.0 611.0 563.0 734.0
WheatHead 714.0 669.0 779.0 773.0
WheatHead 835.0 799.0 904.0 865.0
WheatHead 980.0 864.0 1024.0 985.0
WheatHead 806.0 942.0 895.0 1024.0
WheatHead 744.0 934.0 826.0 1011.0
WheatHead 497.0 966.0 588.0 1024.0
WheatHead 704.0 799.0 785.0 914.0
WheatHead 614.0 796.0 687.0 934.0
WheatHead 486.0 816.0 572.0 907.0
WheatHead 219.0 942.0 315.0 1024.0
WheatHead 175.0 718.0 285.0 788.0
WheatHead 220.0 505.0 362.0 654.0
WheatHead 288.0 470.0 379.0 588.0
WheatHead 357.0 452.0 430.0 529.0
WheatHead 422.0 392.0 505.0 472.0
WheatHead 190.0 375.0 267.0 492.0
WheatHead 301.0 319.0 415.0 413.0
WheatHead 377.0 277.0 448.0 350.0
WheatHead 470.0 219.0 531.0 286.0
WheatHead 509.0 119.0 580.0 252.0
WheatHead 306.0 132.0 416.0 274.0
WheatHead 181.0 210.0 268.0 279.0
WheatHead 204.0 265.0 286.0 345.0
WheatHead 63.0 152.0 206.0 260.0
WheatHead 3.0 3.0 97.0 94.0
WheatHead 64.0 379.0 128.0 436.0
WheatHead 0.0 574.0 121.0 671.0
WheatHead 0.0 889.0 49.0 945.0
WheatHead 430.0 290.0 497.0 356.0
WheatHead 533.0 608.0 585.0 668.0
WheatHead 538.0 921.0 590.0 986.0
WheatHead 841.0 953.0 890.0 1010.0
