WheatHead 355.0 0.0 456.0 124.0
WheatHead 496.0 0.0 566.0 48.0
WheatHead 265.0 211.0 354.0 300.0
WheatHead 204.0 305.0 281.0 405.0
WheatHead 188.0 428.0 287.0 540.0
WheatHead 54.0 318.0 133.0 412.0
WheatHead 0.0 446.0 80.0 559.0
WheatHead 324.0 550.0 429.0 659.0
WheatHead 144.0 519.0 314.0 588.0
WheatHead 192.0 620.0 312.0 766.0
WheatHead 303.0 711.0 419.0 887.0
WheatHead 823.0 482.0 887.0 640.0
WheatHead 927.0 452.0 1009.0 585.0
WheatHead 920.0 507.0 1024.0 577.0
WheatHead 999.0 641.0 1024.0 775.0
WheatHead 934.0 723.0 1001.0 823.0
WheatHead 930.0 603.0 974.0 662.0
WheatHead 850.0 716.0 905.0 792.0
WheatHead 675.0 898.0 740.0 1024.0
WheatHead 868.0 170.0 967.0 261.0
WheatHead 605.0 211.0 699.0 287.0
WheatHead 612.0 288.0 738.0 385.0
WheatHead 472.0 252.0 543.0 327.0
WheatHead 720.0 24.0 856.0 227.0
WheatHead 918.0 0.0 984.0 15.0
WheatHead 799.0 341.0 890.0 429.0
WheatHead 0.0 16.0 54.0 80.0
WheatHead 629.0 96.0 719.0 195.0
