WheatHead 191.0 0.0 265.0 31.0
WheatHead 0.0 0.0 80.0 67.0
WheatHead 0.0 144.0 82.0 250.0
WheatHead 168.0 154.0 248.0 228.0
WheatHead 0.0 281.0 23.0 354.0
WheatHead 158.0 315.0 244.0 386.0
WheatHead 78.0 311.0 155.0 382.0
WheatHead 38.0 261.0 125.0 312.0
WheatHead 267.0 265.0 350.0 336.0
WheatHead 0.0 405.0 29.0 495.0
WheatHead 60.0 441.0 164.0 497.0
WheatHead 187.0 456.0 285.0 542.0
WheatHead 129.0 561.0 227.0 681.0
WheatHead 3.0 636.0 89.0 724.0
WheatHead 0.0 796.0 25.0 930.0
WheatHead 313.0 896.0 391.0 1008.0
WheatHead 168.0 889.0 230.0 960.0
WheatHead 328.0 828.0 406.0 885.0
WheatHead 257.0 815.0 312.0 886.0
WheatHead 125.0 745.0 201.0 828.0
WheatHead 47.0 769.0 102.0 836.0
WheatHead 386.0 691.0 466.0 810.0
WheatHead 330.0 568.0 431.0 680.0
WheatHead 415.0 529.0 487.0 598.0
WheatHead 412.0 612.0 489.0 675.0
WheatHead 409.0 428.0 495.0 494.0
WheatHead 319.0 378.0 404.0 437.0
WheatHead 396.0 206.0 527.0 294.0
WheatHead 349.0 0.0 460.0 45.0
WheatHead 694.0 0.0 786.0 61.0
WheatHead 564.0 179.0 633.0 262.0
WheatHead 568.0 360.0 653.0 461.0
WheatHead 789.0 510.0 860.0 616.0
WheatHead 676.0 587.0 765.0 682.0
WheatHead 550.0 729.0 671.0 846.0
WheatHead 742.0 799.0 807.0 873.0
WheatHead 593.0 817.0 690.0 1024.0
WheatHead 657.0 873.0 728.0 1024.0
WheatHead 872.0 831.0 946.0 892.0
WheatHead 932.0 758.0 993.0 823.0
WheatHead 994.0 507.0 1024.0 584.0
WheatHead 906.0 0.0 1024.0 39.0
WheatHead 589.0 504.0 656.0 577.0
WheatHead 815.0 725.0 878.0 772.0
WheatHead 176.0 999.0 236.0 1024.0
WheatHead 100.0 491.0 187.0 563.0
WheatHead 72.0 529.0 126.0 592.0
WheatHead 275.0 499.0 370.0 618.0
WheatHead 268.0 587.0 328.0 636.0
