WheatHead 810.0 152.0 897.0 236.0
WheatHead 798.0 44.0 868.0 93.0
WheatHead 679.0 74.0 740.0 138.0
WheatHead 721.0 107.0 792.0 179.0
WheatHead 742.0 204.0 795.0 261.0
WheatHead 813.0 276.0 882.0 336.0
WheatHead 538.0 36.0 642.0 116.0
WheatHead 464.0 0.0 522.0 52.0
WheatHead 290.0 3.0 373.0 107.0
WheatHead 455.0 187.0 534.0 273.0
WheatHead 53.0 23.0 186.0 104.0
WheatHead 0.0 0.0 74.0 56.0
WheatHead 0.0 172.0 78.0 245.0
WheatHead 66.0 452.0 131.0 542.0
WheatHead 163.0 413.0 249.0 514.0
WheatHead 82.0 549.0 168.0 634.0
WheatHead 339.0 544.0 415.0 635.0
WheatHead 419.0 514.0 509.0 575.0
WheatHead 587.0 453.0 679.0 530.0
WheatHead 731.0 429.0 791.0 481.0
WheatHead 912.0 497.0 986.0 576.0
WheatHead 891.0 617.0 951.0 673.0
WheatHead 971.0 658.0 1024.0 732.0
WheatHead 975.0 840.0 1021.0 936.0
WheatHead 888.0 787.0 957.0 839.0
WheatHead 778.0 754.0 852.0 834.0
WheatHead 597.0 645.0 651.0 712.0
WheatHead 631.0 643.0 697.0 702.0
WheatHead 646.0 736.0 746.0 803.0
WheatHead 602.0 860.0 692.0 926.0
WheatHead 616.0 944.0 686.0 1002.0
WheatHead 533.0 938.0 624.0 990.0
WheatHead 263.0 984.0 348.0 1024.0
WheatHead 460.0 874.0 539.0 971.0
WheatHead 426.0 761.0 515.0 829.0
WheatHead 490.0 705.0 576.0 778.0
WheatHead 149.0 632.0 224.0 709.0
WheatHead 38.0 662.0 111.0 721.0
WheatHead 41.0 804.0 122.0 874.0
WheatHead 273.0 836.0 337.0 904.0
WheatHead 883.0 566.0 929.0 614.0
