WheatHead 909.0 349.0 990.0 433.0
WheatHead 101.0 274.0 215.0 326.0
WheatHead 566.0 432.0 643.0 496.0
WheatHead 981.0 755.0 1024.0 799.0
WheatHead 52.0 668.0 176.0 736.0
WheatHead 453.0 122.0 531.0 178.0
WheatHead 283.0 740.0 397.0 800.0
WheatHead 861.0 701.0 961.0 766.0
WheatHead 495.0 1.0 635.0 64.0
WheatHead 751.0 9.0 841.0 72.0
WheatHead 12.0 32.0 141.0 96.0
WheatHead 270.0 598.0 357.0 629.0
WheatHead 316.0 24.0 378.0 110.0
WheatHead 650.0 881.0 756.0 963.0
WheatHead 839.0 412.0 903.0 458.0
WheatHead 0.0 274.0 83.0 331.0
WheatHead 446.0 749.0 522.0 786.0
WheatHead 374.0 341.0 504.0 397.0
WheatHead 878.0 546.0 957.0 604.0
WheatHead 245.0 751.0 324.0 801.0
WheatHead 57.0 725.0 196.0 770.0
WheatHead 495.0 931.0 597.0 974.0
WheatHead 773.0 0.0 848.0 55.0
WheatHead 47.0 521.0 158.0 587.0
WheatHead 330.0 397.0 451.0 447.0
WheatHead 637.0 322.0 746.0 385.0
WheatHead 371.0 0.0 509.0 62.0
WheatHead 192.0 16.0 301.0 65.0
WheatHead 147.0 803.0 290.0 864.0
WheatHead 759.0 70.0 847.0 129.0
WheatHead 207.0 857.0 331.0 891.0
WheatHead 31.0 864.0 155.0 928.0
WheatHead 822.0 769.0 911.0 827.0
WheatHead 6.0 833.0 148.0 871.0
WheatHead 384.0 88.0 444.0 144.0
WheatHead 423.0 394.0 521.0 425.0
WheatHead 446.0 892.0 558.0 940.0
WheatHead 790.0 521.0 856.0 573.0
WheatHead 101.0 670.0 186.0 708.0
WheatHead 211.0 189.0 307.0 227.0
WheatHead 0.0 875.0 64.0 918.0
WheatHead 774.0 389.0 844.0 440.0
WheatHead 904.0 853.0 1000.0 893.0
WheatHead 0.0 467.0 85.0 508.0
WheatHead 625.0 0.0 694.0 31.0
WheatHead 352.0 816.0 471.0 854.0
WheatHead 116.0 426.0 252.0 475.0
WheatHead 937.0 480.0 1023.0 534.0
WheatHead 136.0 765.0 227.0 805.0
WheatHead 0.0 757.0 45.0 819.0
WheatHead 0.0 421.0 76.0 470.0
WheatHead 481.0 527.0 549.0 560.0
WheatHead 485.0 226.0 547.0 268.0
WheatHead 460.0 855.0 530.0 888.0
WheatHead 645.0 523.0 709.0 567.0
WheatHead 262.0 797.0 350.0 858.0
WheatHead 230.0 155.0 311.0 195.0
WheatHead 4.0 490.0 119.0 524.0
WheatHead 549.0 851.0 655.0 911.0
WheatHead 808.0 824.0 904.0 872.0
WheatHead 0.0 371.0 47.0 416.0
WheatHead 769.0 833.0 818.0 876.0
WheatHead 6.0 8.0 76.0 51.0
WheatHead 2.0 335.0 80.0 363.0
WheatHead 263.0 819.0 352.0 851.0
WheatHead 289.0 0.0 348.0 36.0
WheatHead 159.0 0.0 207.0 22.0
WheatHead 709.0 1.0 753.0 42.0
WheatHead 895.0 496.0 950.0 535.0
