WheatHead 853.0 427.0 919.0 519.0
WheatHead 101.0 407.0 168.0 514.0
WheatHead 593.0 68.0 681.0 189.0
WheatHead 918.0 0.0 988.0 84.0
WheatHead 527.0 528.0 657.0 626.0
WheatHead 716.0 714.0 816.0 798.0
WheatHead 300.0 188.0 374.0 255.0
WheatHead 473.0 135.0 546.0 210.0
WheatHead 146.0 776.0 261.0 840.0
WheatHead 44.0 69.0 145.0 167.0
WheatHead 120.0 0.0 209.0 119.0
WheatHead 446.0 312.0 536.0 357.0
WheatHead 309.0 101.0 364.0 173.0
WheatHead 255.0 880.0 380.0 953.0
WheatHead 346.0 574.0 423.0 635.0
WheatHead 327.0 540.0 422.0 591.0
WheatHead 356.0 394.0 496.0 530.0
WheatHead 155.0 477.0 274.0 540.0
WheatHead 446.0 182.0 547.0 248.0
WheatHead 341.0 36.0 397.0 136.0
WheatHead 151.0 222.0 230.0 285.0
WheatHead 572.0 412.0 649.0 503.0
WheatHead 158.0 608.0 321.0 662.0
WheatHead 550.0 445.0 611.0 517.0
WheatHead 248.0 10.0 346.0 84.0
WheatHead 895.0 50.0 974.0 158.0
WheatHead 544.0 881.0 659.0 943.0
WheatHead 165.0 536.0 223.0 615.0
WheatHead 0.0 439.0 75.0 488.0
WheatHead 312.0 989.0 380.0 1022.0
WheatHead 514.0 101.0 557.0 174.0
WheatHead 724.0 169.0 802.0 232.0
WheatHead 660.0 828.0 722.0 880.0
WheatHead 409.0 879.0 460.0 912.0
WheatHead 391.0 226.0 479.0 271.0
WheatHead 836.0 509.0 895.0 584.0
WheatHead 686.0 892.0 759.0 953.0
WheatHead 49.0 522.0 151.0 570.0
WheatHead 976.0 473.0 1024.0 552.0
WheatHead 50.0 391.0 103.0 445.0
WheatHead 465.0 572.0 531.0 602.0
WheatHead 21.0 864.0 75.0 907.0
WheatHead 712.0 432.0 763.0 492.0
WheatHead 341.0 442.0 420.0 479.0
WheatHead 626.0 850.0 688.0 896.0
WheatHead 278.0 527.0 334.0 573.0
WheatHead 831.0 1.0 887.0 55.0
WheatHead 309.0 787.0 365.0 823.0
WheatHead 0.0 558.0 55.0 597.0
WheatHead 1.0 899.0 45.0 924.0
WheatHead 776.0 923.0 842.0 963.0
WheatHead 544.0 391.0 630.0 446.0
WheatHead 872.0 571.0 916.0 640.0
WheatHead 607.0 1000.0 644.0 1022.0
WheatHead 533.0 0.0 576.0 50.0
WheatHead 868.0 943.0 927.0 997.0
WheatHead 83.0 702.0 121.0 735.0
