WheatHead 960.0 189.0 1012.0 254.0
WheatHead 798.0 90.0 858.0 172.0
WheatHead 849.0 254.0 905.0 302.0
WheatHead 635.0 266.0 694.0 311.0
WheatHead 546.0 193.0 615.0 258.0
WheatHead 477.0 193.0 534.0 247.0
WheatHead 507.0 157.0 555.0 208.0
WheatHead 393.0 112.0 440.0 163.0
WheatHead 333.0 146.0 388.0 189.0
WheatHead 352.0 179.0 419.0 219.0
WheatHead 277.0 114.0 326.0 178.0
WheatHead 289.0 65.0 406.0 143.0
WheatHead 945.0 395.0 1019.0 445.0
WheatHead 769.0 617.0 885.0 673.0
WheatHead 821.0 377.0 884.0 451.0
WheatHead 806.0 425.0 862.0 494.0
WheatHead 878.0 408.0 933.0 467.0
WheatHead 889.0 359.0 944.0 403.0
WheatHead 645.0 483.0 698.0 551.0
WheatHead 549.0 430.0 606.0 485.0
WheatHead 486.0 387.0 542.0 462.0
WheatHead 509.0 380.0 553.0 431.0
WheatHead 496.0 309.0 578.0 355.0
WheatHead 362.0 376.0 430.0 423.0
WheatHead 331.0 319.0 388.0 365.0
WheatHead 280.0 264.0 351.0 317.0
WheatHead 269.0 307.0 328.0 366.0
WheatHead 216.0 355.0 260.0 397.0
WheatHead 160.0 204.0 209.0 272.0
WheatHead 123.0 79.0 192.0 144.0
WheatHead 47.0 228.0 103.0 261.0
WheatHead 22.0 304.0 100.0 390.0
WheatHead 0.0 472.0 56.0 520.0
WheatHead 88.0 538.0 152.0 595.0
WheatHead 0.0 554.0 85.0 602.0
WheatHead 43.0 601.0 153.0 654.0
WheatHead 171.0 632.0 239.0 680.0
WheatHead 124.0 686.0 189.0 742.0
WheatHead 71.0 709.0 120.0 769.0
WheatHead 145.0 746.0 210.0 783.0
WheatHead 190.0 714.0 264.0 795.0
WheatHead 221.0 747.0 302.0 830.0
WheatHead 174.0 792.0 234.0 837.0
WheatHead 262.0 698.0 330.0 759.0
WheatHead 246.0 834.0 309.0 900.0
WheatHead 373.0 623.0 441.0 724.0
WheatHead 337.0 651.0 384.0 713.0
WheatHead 404.0 503.0 477.0 576.0
WheatHead 452.0 621.0 516.0 676.0
WheatHead 537.0 651.0 616.0 728.0
WheatHead 604.0 688.0 665.0 785.0
WheatHead 656.0 710.0 737.0 762.0
WheatHead 765.0 664.0 813.0 703.0
WheatHead 757.0 709.0 811.0 769.0
WheatHead 783.0 697.0 828.0 755.0
WheatHead 804.0 713.0 878.0 766.0
WheatHead 784.0 750.0 860.0 822.0
WheatHead 843.0 772.0 900.0 832.0
WheatHead 864.0 894.0 927.0 982.0
WheatHead 909.0 897.0 985.0 1012.0
WheatHead 800.0 971.0 868.0 1024.0
WheatHead 802.0 902.0 856.0 979.0
WheatHead 610.0 860.0 662.0 919.0
WheatHead 550.0 908.0 639.0 1011.0
WheatHead 507.0 736.0 602.0 795.0
WheatHead 570.0 765.0 647.0 834.0
WheatHead 466.0 737.0 509.0 787.0
WheatHead 62.0 991.0 162.0 1024.0
WheatHead 210.0 180.0 267.0 234.0
WheatHead 174.0 296.0 209.0 342.0
WheatHead 835.0 976.0 875.0 1024.0
WheatHead 747.0 247.0 790.0 288.0
WheatHead 782.0 233.0 826.0 288.0
WheatHead 742.0 548.0 763.0 588.0
WheatHead 494.0 709.0 547.0 767.0
WheatHead 536.0 778.0 622.0 830.0
WheatHead 719.0 592.0 775.0 625.0
WheatHead 760.0 605.0 797.0 650.0
WheatHead 927.0 483.0 963.0 518.0
WheatHead 989.0 463.0 1013.0 491.0
