WheatHead 358.0 109.0 538.0 214.0
WheatHead 393.0 41.0 538.0 126.0
WheatHead 773.0 0.0 877.0 96.0
WheatHead 971.0 0.0 1024.0 60.0
WheatHead 574.0 448.0 678.0 572.0
WheatHead 664.0 201.0 783.0 305.0
WheatHead 363.0 299.0 478.0 395.0
WheatHead 113.0 297.0 269.0 391.0
WheatHead 141.0 182.0 284.0 290.0
WheatHead 26.0 474.0 130.0 623.0
WheatHead 16.0 768.0 222.0 899.0
WheatHead 385.0 806.0 601.0 919.0
WheatHead 992.0 252.0 1024.0 356.0
WheatHead 854.0 749.0 945.0 883.0
WheatHead 711.0 745.0 813.0 858.0
WheatHead 706.0 557.0 847.0 689.0
WheatHead 888.0 102.0 976.0 189.0
WheatHead 35.0 253.0 131.0 350.0
WheatHead 0.0 285.0 54.0 395.0
WheatHead 588.0 836.0 713.0 918.0
WheatHead 594.0 964.0 663.0 1024.0
WheatHead 797.0 475.0 863.0 565.0
WheatHead 888.0 518.0 969.0 604.0
WheatHead 956.0 629.0 1024.0 700.0
WheatHead 931.0 370.0 999.0 438.0
