WheatHead 48.0 808.0 173.0 865.0
WheatHead 767.0 90.0 889.0 208.0
WheatHead 134.0 175.0 233.0 215.0
WheatHead 491.0 226.0 578.0 305.0
WheatHead 552.0 376.0 622.0 528.0
WheatHead 419.0 503.0 531.0 560.0
WheatHead 356.0 322.0 441.0 372.0
WheatHead 920.0 550.0 984.0 628.0
WheatHead 636.0 819.0 756.0 885.0
WheatHead 697.0 708.0 798.0 777.0
WheatHead 708.0 456.0 793.0 529.0
WheatHead 192.0 88.0 272.0 148.0
WheatHead 0.0 550.0 82.0 594.0
WheatHead 917.0 823.0 1014.0 876.0
WheatHead 794.0 102.0 879.0 155.0
WheatHead 834.0 182.0 909.0 260.0
WheatHead 998.0 495.0 1024.0 545.0
WheatHead 565.0 74.0 677.0 149.0
WheatHead 516.0 837.0 633.0 879.0
WheatHead 240.0 229.0 318.0 269.0
WheatHead 432.0 564.0 522.0 605.0
WheatHead 596.0 775.0 747.0 828.0
WheatHead 787.0 499.0 849.0 557.0
WheatHead 584.0 558.0 683.0 643.0
WheatHead 987.0 769.0 1024.0 821.0
WheatHead 251.0 549.0 362.0 606.0
WheatHead 783.0 580.0 854.0 606.0
WheatHead 95.0 240.0 194.0 293.0
WheatHead 524.0 576.0 624.0 632.0
WheatHead 503.0 601.0 566.0 644.0
WheatHead 0.0 196.0 109.0 262.0
WheatHead 525.0 804.0 646.0 857.0
WheatHead 0.0 708.0 62.0 755.0
WheatHead 679.0 961.0 766.0 1010.0
WheatHead 262.0 900.0 389.0 940.0
WheatHead 880.0 777.0 990.0 814.0
WheatHead 265.0 715.0 327.0 772.0
WheatHead 83.0 171.0 231.0 249.0
WheatHead 720.0 550.0 776.0 599.0
WheatHead 12.0 971.0 148.0 1018.0
WheatHead 1009.0 277.0 1024.0 308.0
WheatHead 932.0 473.0 1004.0 524.0
WheatHead 738.0 885.0 837.0 923.0
WheatHead 346.0 569.0 413.0 612.0
WheatHead 796.0 594.0 865.0 622.0
WheatHead 538.0 681.0 624.0 722.0
WheatHead 823.0 66.0 887.0 110.0
WheatHead 931.0 956.0 1024.0 993.0
WheatHead 0.0 511.0 37.0 542.0
WheatHead 335.0 539.0 410.0 579.0
WheatHead 76.0 5.0 178.0 36.0
WheatHead 880.0 347.0 936.0 385.0
WheatHead 61.0 202.0 165.0 239.0
WheatHead 98.0 567.0 216.0 617.0
WheatHead 78.0 548.0 219.0 609.0
WheatHead 825.0 562.0 918.0 603.0
WheatHead 137.0 81.0 278.0 136.0
WheatHead 380.0 74.0 463.0 162.0
WheatHead 875.0 97.0 998.0 200.0
