WheatHead 176.0 601.0 271.0 778.0
WheatHead 939.0 811.0 1024.0 911.0
WheatHead 612.0 430.0 712.0 512.0
WheatHead 704.0 811.0 778.0 895.0
WheatHead 948.0 341.0 1024.0 425.0
WheatHead 404.0 125.0 653.0 230.0
WheatHead 911.0 547.0 1021.0 757.0
WheatHead 261.0 788.0 366.0 919.0
WheatHead 647.0 89.0 753.0 181.0
WheatHead 138.0 244.0 324.0 438.0
WheatHead 629.0 0.0 796.0 117.0
WheatHead 770.0 240.0 942.0 468.0
WheatHead 361.0 1.0 552.0 174.0
WheatHead 140.0 803.0 212.0 875.0
WheatHead 2.0 855.0 140.0 1008.0
WheatHead 894.0 0.0 1012.0 102.0
WheatHead 40.0 271.0 179.0 519.0
WheatHead 23.0 742.0 309.0 1022.0
WheatHead 706.0 235.0 806.0 339.0
WheatHead 832.0 431.0 1022.0 582.0
WheatHead 412.0 966.0 506.0 1024.0
WheatHead 2.0 430.0 59.0 540.0
