WheatHead 145.0 63.0 307.0 158.0
WheatHead 0.0 111.0 60.0 196.0
WheatHead 81.0 135.0 159.0 219.0
WheatHead 4.0 269.0 77.0 427.0
WheatHead 86.0 308.0 134.0 376.0
WheatHead 0.0 674.0 59.0 795.0
WheatHead 0.0 508.0 60.0 599.0
WheatHead 119.0 445.0 267.0 544.0
WheatHead 226.0 566.0 421.0 675.0
WheatHead 271.0 713.0 387.0 834.0
WheatHead 112.0 914.0 208.0 1020.0
WheatHead 312.0 967.0 402.0 1024.0
WheatHead 739.0 0.0 814.0 18.0
WheatHead 835.0 1.0 963.0 116.0
WheatHead 965.0 0.0 1024.0 26.0
WheatHead 548.0 43.0 650.0 156.0
WheatHead 318.0 143.0 477.0 228.0
WheatHead 541.0 196.0 619.0 245.0
WheatHead 535.0 237.0 606.0 286.0
WheatHead 439.0 244.0 577.0 342.0
WheatHead 425.0 307.0 506.0 393.0
WheatHead 424.0 494.0 582.0 614.0
WheatHead 647.0 608.0 764.0 694.0
WheatHead 534.0 899.0 607.0 1024.0
WheatHead 445.0 784.0 532.0 983.0
WheatHead 539.0 742.0 637.0 906.0
WheatHead 760.0 956.0 818.0 1004.0
WheatHead 816.0 654.0 922.0 780.0
WheatHead 894.0 768.0 985.0 930.0
WheatHead 854.0 796.0 909.0 875.0
WheatHead 805.0 804.0 896.0 986.0
WheatHead 881.0 876.0 968.0 1024.0
WheatHead 987.0 818.0 1024.0 993.0
WheatHead 937.0 525.0 1013.0 609.0
WheatHead 892.0 294.0 971.0 368.0
WheatHead 976.0 394.0 1024.0 516.0
WheatHead 760.0 180.0 840.0 263.0
WheatHead 654.0 62.0 816.0 143.0
