WheatHead 1.0 933.0 70.0 1021.0
WheatHead 15.0 710.0 96.0 814.0
WheatHead 68.0 652.0 148.0 712.0
WheatHead 7.0 510.0 95.0 590.0
WheatHead 26.0 297.0 90.0 433.0
WheatHead 95.0 335.0 170.0 423.0
WheatHead 308.0 163.0 384.0 259.0
WheatHead 664.0 10.0 728.0 89.0
WheatHead 552.0 8.0 652.0 207.0
WheatHead 629.0 140.0 678.0 201.0
WheatHead 801.0 97.0 873.0 177.0
WheatHead 607.0 206.0 698.0 290.0
WheatHead 712.0 263.0 771.0 363.0
WheatHead 664.0 461.0 767.0 547.0
WheatHead 779.0 554.0 863.0 629.0
WheatHead 679.0 566.0 787.0 634.0
WheatHead 686.0 631.0 783.0 707.0
WheatHead 536.0 671.0 615.0 751.0
WheatHead 380.0 651.0 450.0 739.0
WheatHead 310.0 706.0 388.0 802.0
WheatHead 410.0 770.0 540.0 895.0
WheatHead 667.0 787.0 758.0 1024.0
WheatHead 872.0 739.0 955.0 818.0
WheatHead 733.0 38.0 838.0 140.0
WheatHead 0.0 543.0 26.0 605.0
WheatHead 981.0 677.0 1023.0 797.0
