WheatHead 949.0 25.0 1024.0 169.0
WheatHead 994.0 851.0 1024.0 911.0
WheatHead 887.0 860.0 1024.0 969.0
WheatHead 814.0 875.0 882.0 934.0
WheatHead 715.0 965.0 790.0 1024.0
WheatHead 286.0 884.0 414.0 964.0
WheatHead 314.0 802.0 486.0 903.0
WheatHead 133.0 698.0 314.0 799.0
WheatHead 372.0 638.0 545.0 709.0
WheatHead 415.0 555.0 560.0 665.0
WheatHead 585.0 687.0 702.0 807.0
WheatHead 567.0 694.0 624.0 787.0
WheatHead 616.0 541.0 707.0 684.0
WheatHead 654.0 589.0 744.0 688.0
WheatHead 821.0 714.0 923.0 800.0
WheatHead 916.0 746.0 1023.0 802.0
WheatHead 935.0 692.0 1024.0 766.0
WheatHead 937.0 524.0 1012.0 680.0
WheatHead 870.0 576.0 933.0 718.0
WheatHead 873.0 511.0 929.0 589.0
WheatHead 998.0 392.0 1024.0 468.0
WheatHead 836.0 295.0 919.0 376.0
WheatHead 159.0 858.0 256.0 987.0
WheatHead 134.0 971.0 213.0 1024.0
WheatHead 0.0 937.0 64.0 1024.0
WheatHead 0.0 693.0 68.0 847.0
WheatHead 0.0 567.0 130.0 684.0
WheatHead 137.0 414.0 230.0 488.0
WheatHead 23.0 235.0 89.0 387.0
WheatHead 0.0 448.0 58.0 541.0
WheatHead 119.0 317.0 286.0 397.0
WheatHead 370.0 309.0 440.0 365.0
WheatHead 494.0 396.0 568.0 467.0
WheatHead 421.0 253.0 541.0 317.0
WheatHead 638.0 194.0 776.0 288.0
WheatHead 807.0 126.0 897.0 272.0
WheatHead 669.0 0.0 774.0 146.0
WheatHead 828.0 0.0 930.0 137.0
WheatHead 894.0 0.0 980.0 130.0
WheatHead 111.0 0.0 232.0 44.0
WheatHead 2.0 0.0 67.0 38.0
WheatHead 49.0 129.0 169.0 197.0
WheatHead 120.0 85.0 227.0 191.0
WheatHead 209.0 187.0 335.0 256.0
WheatHead 385.0 189.0 621.0 250.0
WheatHead 77.0 197.0 134.0 287.0
WheatHead 733.0 516.0 785.0 572.0
WheatHead 803.0 472.0 899.0 600.0
WheatHead 402.0 411.0 462.0 464.0
WheatHead 307.0 474.0 372.0 536.0
