WheatHead 86.0 283.0 164.0 359.0
WheatHead 185.0 331.0 243.0 395.0
WheatHead 208.0 175.0 262.0 253.0
WheatHead 310.0 193.0 387.0 286.0
WheatHead 280.0 66.0 354.0 149.0
WheatHead 418.0 26.0 499.0 144.0
WheatHead 526.0 56.0 594.0 135.0
WheatHead 709.0 88.0 788.0 189.0
WheatHead 658.0 277.0 729.0 365.0
WheatHead 798.0 302.0 884.0 385.0
WheatHead 862.0 402.0 926.0 474.0
WheatHead 933.0 433.0 990.0 503.0
WheatHead 732.0 429.0 788.0 516.0
WheatHead 695.0 458.0 758.0 530.0
WheatHead 492.0 365.0 567.0 448.0
WheatHead 47.0 208.0 98.0 254.0
WheatHead 77.0 0.0 149.0 85.0
WheatHead 161.0 98.0 213.0 145.0
WheatHead 0.0 602.0 47.0 671.0
WheatHead 34.0 698.0 90.0 774.0
WheatHead 0.0 722.0 62.0 840.0
WheatHead 123.0 638.0 190.0 725.0
WheatHead 204.0 606.0 268.0 692.0
WheatHead 851.0 0.0 905.0 90.0
WheatHead 918.0 0.0 969.0 52.0
WheatHead 873.0 134.0 934.0 195.0
WheatHead 717.0 557.0 778.0 639.0
WheatHead 776.0 519.0 862.0 573.0
WheatHead 858.0 582.0 927.0 653.0
WheatHead 701.0 684.0 787.0 739.0
WheatHead 550.0 541.0 630.0 605.0
WheatHead 515.0 587.0 582.0 671.0
WheatHead 570.0 608.0 651.0 665.0
WheatHead 555.0 688.0 620.0 751.0
WheatHead 435.0 730.0 519.0 802.0
WheatHead 426.0 833.0 503.0 915.0
WheatHead 253.0 751.0 350.0 834.0
WheatHead 145.0 948.0 240.0 1024.0
WheatHead 63.0 867.0 145.0 938.0
WheatHead 518.0 960.0 610.0 1024.0
WheatHead 785.0 826.0 869.0 884.0
WheatHead 376.0 692.0 443.0 744.0
WheatHead 494.0 790.0 564.0 841.0
WheatHead 985.0 845.0 1023.0 916.0
WheatHead 0.0 232.0 65.0 287.0
WheatHead 76.0 977.0 112.0 1024.0
WheatHead 274.0 872.0 310.0 904.0
WheatHead 454.0 259.0 502.0 298.0
WheatHead 941.0 495.0 996.0 565.0
WheatHead 880.0 311.0 931.0 341.0
WheatHead 972.0 15.0 1018.0 58.0
WheatHead 313.0 41.0 357.0 87.0
WheatHead 780.0 582.0 838.0 631.0
