WheatHead 865.0 637.0 970.0 711.0
WheatHead 903.0 755.0 990.0 837.0
WheatHead 952.0 529.0 1024.0 614.0
WheatHead 97.0 619.0 186.0 714.0
WheatHead 593.0 427.0 686.0 527.0
WheatHead 94.0 394.0 184.0 488.0
WheatHead 522.0 949.0 606.0 1024.0
WheatHead 44.0 977.0 118.0 1024.0
WheatHead 335.0 18.0 401.0 99.0
WheatHead 430.0 143.0 542.0 271.0
WheatHead 442.0 542.0 535.0 609.0
WheatHead 156.0 279.0 238.0 389.0
WheatHead 291.0 857.0 384.0 926.0
WheatHead 714.0 227.0 829.0 386.0
WheatHead 72.0 796.0 168.0 896.0
WheatHead 734.0 115.0 808.0 217.0
WheatHead 770.0 494.0 852.0 583.0
WheatHead 824.0 337.0 919.0 435.0
WheatHead 793.0 601.0 875.0 696.0
WheatHead 458.0 442.0 532.0 532.0
WheatHead 314.0 775.0 389.0 849.0
WheatHead 8.0 2.0 70.0 84.0
WheatHead 576.0 15.0 641.0 109.0
WheatHead 537.0 778.0 637.0 870.0
WheatHead 179.0 166.0 335.0 250.0
WheatHead 758.0 928.0 902.0 1023.0
WheatHead 308.0 942.0 403.0 1021.0
WheatHead 241.0 510.0 314.0 572.0
WheatHead 858.0 64.0 931.0 143.0
WheatHead 939.0 284.0 1024.0 419.0
WheatHead 455.0 48.0 537.0 140.0
WheatHead 163.0 81.0 245.0 168.0
WheatHead 86.0 0.0 149.0 62.0
WheatHead 312.0 652.0 401.0 737.0
WheatHead 5.0 207.0 120.0 327.0
WheatHead 742.0 2.0 837.0 102.0
WheatHead 2.0 652.0 79.0 737.0
