WheatHead 893.0 43.0 976.0 110.0
WheatHead 514.0 944.0 645.0 1021.0
WheatHead 946.0 159.0 1024.0 279.0
WheatHead 949.0 793.0 1024.0 867.0
WheatHead 797.0 56.0 886.0 122.0
WheatHead 289.0 2.0 371.0 61.0
WheatHead 890.0 916.0 975.0 993.0
WheatHead 38.0 468.0 171.0 629.0
WheatHead 256.0 573.0 325.0 650.0
WheatHead 389.0 458.0 463.0 573.0
WheatHead 130.0 793.0 263.0 875.0
WheatHead 811.0 742.0 870.0 888.0
WheatHead 847.0 291.0 931.0 378.0
WheatHead 791.0 504.0 857.0 586.0
WheatHead 890.0 737.0 975.0 826.0
WheatHead 294.0 826.0 384.0 947.0
WheatHead 148.0 855.0 227.0 935.0
WheatHead 655.0 307.0 757.0 384.0
