WheatHead 686.0 778.0 760.0 849.0
WheatHead 376.0 99.0 473.0 194.0
WheatHead 627.0 418.0 706.0 518.0
WheatHead 491.0 0.0 586.0 58.0
WheatHead 422.0 276.0 514.0 376.0
WheatHead 555.0 191.0 627.0 283.0
WheatHead 537.0 588.0 629.0 668.0
WheatHead 431.0 836.0 503.0 923.0
WheatHead 688.0 950.0 810.0 1009.0
WheatHead 691.0 634.0 785.0 693.0
WheatHead 422.0 197.0 509.0 286.0
WheatHead 256.0 30.0 340.0 138.0
WheatHead 296.0 348.0 424.0 471.0
WheatHead 622.0 84.0 737.0 158.0
WheatHead 471.0 478.0 573.0 565.0
WheatHead 716.0 837.0 801.0 934.0
WheatHead 565.0 811.0 642.0 901.0
WheatHead 266.0 92.0 384.0 192.0
WheatHead 531.0 174.0 610.0 244.0
WheatHead 624.0 872.0 704.0 947.0
WheatHead 568.0 913.0 632.0 995.0
WheatHead 399.0 938.0 444.0 1022.0
WheatHead 535.0 944.0 609.0 1024.0
WheatHead 332.0 522.0 396.0 592.0
WheatHead 601.0 156.0 667.0 220.0
