WheatHead 570.0 221.0 638.0 325.0
WheatHead 30.0 154.0 95.0 246.0
WheatHead 687.0 232.0 740.0 318.0
WheatHead 74.0 653.0 149.0 738.0
WheatHead 838.0 19.0 907.0 98.0
WheatHead 945.0 305.0 994.0 403.0
WheatHead 91.0 24.0 173.0 120.0
WheatHead 557.0 612.0 607.0 694.0
WheatHead 138.0 671.0 205.0 753.0
WheatHead 85.0 773.0 153.0 828.0
WheatHead 805.0 196.0 852.0 282.0
WheatHead 193.0 527.0 296.0 616.0
WheatHead 338.0 279.0 390.0 357.0
WheatHead 816.0 355.0 873.0 432.0
WheatHead 17.0 58.0 84.0 132.0
WheatHead 281.0 694.0 377.0 750.0
WheatHead 71.0 478.0 142.0 593.0
WheatHead 541.0 360.0 602.0 436.0
WheatHead 977.0 46.0 1024.0 151.0
WheatHead 466.0 632.0 523.0 701.0
WheatHead 518.0 747.0 630.0 819.0
WheatHead 397.0 35.0 451.0 101.0
WheatHead 170.0 99.0 241.0 162.0
WheatHead 593.0 672.0 641.0 757.0
WheatHead 36.0 392.0 111.0 441.0
WheatHead 847.0 431.0 898.0 478.0
WheatHead 117.0 826.0 218.0 916.0
WheatHead 142.0 410.0 212.0 450.0
WheatHead 132.0 19.0 210.0 86.0
WheatHead 652.0 692.0 702.0 762.0
WheatHead 613.0 750.0 672.0 817.0
WheatHead 489.0 857.0 536.0 920.0
WheatHead 3.0 310.0 48.0 370.0
WheatHead 494.0 404.0 563.0 444.0
WheatHead 615.0 446.0 716.0 493.0
WheatHead 623.0 646.0 669.0 720.0
WheatHead 796.0 686.0 836.0 753.0
WheatHead 712.0 767.0 760.0 852.0
WheatHead 903.0 319.0 942.0 415.0
WheatHead 865.0 779.0 911.0 859.0
WheatHead 49.0 17.0 105.0 91.0
WheatHead 502.0 60.0 582.0 113.0
WheatHead 762.0 831.0 812.0 866.0
WheatHead 749.0 412.0 775.0 485.0
WheatHead 827.0 828.0 873.0 871.0
WheatHead 582.0 0.0 614.0 60.0
WheatHead 864.0 452.0 935.0 497.0
WheatHead 318.0 712.0 414.0 769.0
WheatHead 931.0 86.0 985.0 136.0
WheatHead 341.0 407.0 398.0 463.0
WheatHead 166.0 0.0 222.0 45.0
WheatHead 611.0 392.0 675.0 449.0
WheatHead 867.0 832.0 958.0 887.0
WheatHead 699.0 695.0 737.0 761.0
WheatHead 744.0 778.0 808.0 820.0
WheatHead 433.0 700.0 478.0 756.0
WheatHead 168.0 768.0 254.0 819.0
WheatHead 492.0 798.0 571.0 855.0
WheatHead 701.0 47.0 744.0 87.0
WheatHead 55.0 0.0 94.0 30.0
WheatHead 494.0 135.0 542.0 179.0
WheatHead 659.0 62.0 708.0 117.0
WheatHead 775.0 296.0 822.0 363.0
WheatHead 606.0 44.0 674.0 130.0
WheatHead 987.0 0.0 1024.0 64.0
WheatHead 0.0 0.0 57.0 61.0
WheatHead 795.0 894.0 860.0 909.0
WheatHead 795.0 273.0 848.0 345.0
WheatHead 222.0 816.0 274.0 841.0
WheatHead 74.0 471.0 145.0 518.0
WheatHead 808.0 512.0 846.0 544.0
WheatHead 246.0 435.0 284.0 475.0
WheatHead 629.0 34.0 659.0 150.0
WheatHead 284.0 122.0 349.0 203.0
WheatHead 2.0 913.0 98.0 984.0
WheatHead 44.0 835.0 77.0 873.0
WheatHead 52.0 855.0 141.0 898.0
WheatHead 353.0 984.0 466.0 1024.0
WheatHead 401.0 942.0 459.0 1024.0
WheatHead 455.0 953.0 504.0 1021.0
WheatHead 584.0 880.0 625.0 929.0
WheatHead 351.0 851.0 452.0 916.0
WheatHead 772.0 1003.0 865.0 1024.0
WheatHead 723.0 904.0 776.0 990.0
WheatHead 861.0 943.0 907.0 1013.0
WheatHead 0.0 479.0 40.0 520.0
