WheatHead 354.0 18.0 426.0 105.0
WheatHead 473.0 30.0 557.0 103.0
WheatHead 69.0 99.0 196.0 200.0
WheatHead 74.0 160.0 126.0 212.0
WheatHead 165.0 180.0 240.0 227.0
WheatHead 131.0 268.0 198.0 317.0
WheatHead 70.0 295.0 141.0 349.0
WheatHead 0.0 317.0 86.0 374.0
WheatHead 395.0 228.0 453.0 277.0
WheatHead 447.0 204.0 519.0 265.0
WheatHead 471.0 266.0 549.0 344.0
WheatHead 559.0 194.0 627.0 318.0
WheatHead 579.0 308.0 629.0 362.0
WheatHead 609.0 260.0 714.0 322.0
WheatHead 680.0 213.0 735.0 275.0
WheatHead 793.0 246.0 858.0 302.0
WheatHead 860.0 180.0 929.0 238.0
WheatHead 903.0 176.0 982.0 239.0
WheatHead 960.0 179.0 1024.0 314.0
WheatHead 997.0 130.0 1024.0 186.0
WheatHead 788.0 70.0 848.0 126.0
WheatHead 836.0 43.0 888.0 96.0
WheatHead 727.0 127.0 795.0 189.0
WheatHead 503.0 108.0 576.0 156.0
WheatHead 452.0 118.0 504.0 167.0
WheatHead 848.0 359.0 960.0 432.0
WheatHead 701.0 381.0 855.0 436.0
WheatHead 967.0 343.0 1024.0 393.0
WheatHead 978.0 417.0 1024.0 490.0
WheatHead 159.0 447.0 215.0 526.0
WheatHead 0.0 561.0 66.0 608.0
WheatHead 52.0 557.0 197.0 657.0
WheatHead 198.0 550.0 281.0 600.0
WheatHead 346.0 516.0 438.0 578.0
WheatHead 458.0 546.0 523.0 601.0
WheatHead 488.0 477.0 550.0 557.0
WheatHead 571.0 501.0 639.0 570.0
WheatHead 392.0 408.0 501.0 466.0
WheatHead 594.0 382.0 656.0 437.0
WheatHead 406.0 333.0 494.0 387.0
WheatHead 275.0 331.0 358.0 393.0
WheatHead 382.0 580.0 463.0 658.0
WheatHead 526.0 571.0 612.0 669.0
WheatHead 736.0 579.0 863.0 645.0
WheatHead 890.0 571.0 931.0 608.0
WheatHead 1011.0 570.0 1024.0 627.0
WheatHead 468.0 713.0 557.0 874.0
WheatHead 507.0 732.0 567.0 817.0
WheatHead 646.0 740.0 691.0 834.0
WheatHead 695.0 698.0 754.0 829.0
WheatHead 822.0 773.0 867.0 830.0
WheatHead 780.0 744.0 825.0 815.0
WheatHead 718.0 799.0 788.0 870.0
WheatHead 718.0 892.0 778.0 980.0
WheatHead 813.0 882.0 881.0 983.0
WheatHead 253.0 653.0 321.0 784.0
WheatHead 321.0 804.0 396.0 878.0
WheatHead 190.0 873.0 249.0 1011.0
WheatHead 331.0 923.0 410.0 1024.0
WheatHead 236.0 944.0 314.0 996.0
WheatHead 279.0 972.0 329.0 1024.0
WheatHead 19.0 912.0 94.0 957.0
WheatHead 28.0 949.0 163.0 1024.0
WheatHead 494.0 974.0 589.0 1024.0
WheatHead 632.0 997.0 721.0 1024.0
WheatHead 959.0 761.0 1017.0 810.0
WheatHead 790.0 427.0 887.0 483.0
WheatHead 784.0 684.0 858.0 731.0
WheatHead 385.0 728.0 440.0 776.0
WheatHead 447.0 675.0 503.0 739.0
WheatHead 397.0 828.0 445.0 879.0
WheatHead 85.0 416.0 142.0 485.0
WheatHead 0.0 986.0 53.0 1024.0
WheatHead 247.0 6.0 287.0 87.0
WheatHead 249.0 343.0 292.0 389.0
WheatHead 500.0 405.0 550.0 449.0
WheatHead 341.0 486.0 413.0 530.0
WheatHead 238.0 582.0 300.0 629.0
WheatHead 91.0 651.0 126.0 685.0
WheatHead 287.0 706.0 349.0 797.0
WheatHead 479.0 884.0 527.0 970.0
WheatHead 40.0 87.0 117.0 135.0
WheatHead 54.0 286.0 103.0 348.0
WheatHead 959.0 95.0 987.0 126.0
WheatHead 923.0 235.0 999.0 276.0
WheatHead 838.0 285.0 900.0 332.0
WheatHead 966.0 490.0 1016.0 536.0
WheatHead 138.0 490.0 194.0 546.0
WheatHead 492.0 171.0 545.0 221.0
WheatHead 917.0 0.0 978.0 42.0
WheatHead 0.0 820.0 49.0 867.0
WheatHead 768.0 483.0 836.0 522.0
WheatHead 691.0 290.0 744.0 369.0
