WheatHead 1.0 115.0 137.0 183.0
WheatHead 109.0 0.0 174.0 31.0
WheatHead 744.0 1.0 807.0 107.0
WheatHead 689.0 0.0 763.0 139.0
WheatHead 861.0 109.0 930.0 163.0
WheatHead 918.0 53.0 976.0 155.0
WheatHead 965.0 225.0 1024.0 331.0
WheatHead 616.0 214.0 698.0 311.0
WheatHead 723.0 296.0 820.0 351.0
WheatHead 809.0 245.0 894.0 289.0
WheatHead 882.0 250.0 947.0 335.0
WheatHead 903.0 322.0 987.0 372.0
WheatHead 969.0 372.0 1024.0 421.0
WheatHead 907.0 441.0 1024.0 494.0
WheatHead 752.0 541.0 819.0 605.0
WheatHead 844.0 342.0 918.0 419.0
WheatHead 761.0 352.0 842.0 414.0
WheatHead 573.0 355.0 628.0 404.0
WheatHead 523.0 348.0 593.0 467.0
WheatHead 535.0 309.0 579.0 348.0
WheatHead 535.0 150.0 591.0 254.0
WheatHead 577.0 240.0 631.0 308.0
WheatHead 616.0 166.0 735.0 225.0
WheatHead 819.0 132.0 950.0 226.0
WheatHead 515.0 583.0 625.0 679.0
WheatHead 709.0 726.0 751.0 774.0
WheatHead 820.0 722.0 902.0 832.0
WheatHead 802.0 820.0 894.0 873.0
WheatHead 783.0 705.0 837.0 786.0
WheatHead 955.0 905.0 1024.0 992.0
WheatHead 852.0 992.0 930.0 1024.0
WheatHead 902.0 934.0 964.0 986.0
WheatHead 864.0 946.0 913.0 985.0
WheatHead 804.0 899.0 859.0 967.0
WheatHead 737.0 881.0 802.0 957.0
WheatHead 611.0 860.0 698.0 934.0
WheatHead 645.0 934.0 694.0 995.0
WheatHead 563.0 929.0 626.0 984.0
WheatHead 161.0 745.0 240.0 853.0
WheatHead 0.0 822.0 156.0 888.0
WheatHead 159.0 948.0 340.0 1001.0
WheatHead 1.0 963.0 64.0 1008.0
WheatHead 531.0 999.0 612.0 1024.0
WheatHead 321.0 395.0 381.0 447.0
WheatHead 316.0 272.0 364.0 334.0
WheatHead 120.0 229.0 247.0 293.0
WheatHead 76.0 327.0 189.0 377.0
WheatHead 80.0 379.0 197.0 470.0
WheatHead 271.0 860.0 341.0 904.0
