WheatHead 3.0 0.0 95.0 40.0
WheatHead 379.0 0.0 461.0 35.0
WheatHead 514.0 0.0 582.0 46.0
WheatHead 179.0 86.0 241.0 160.0
WheatHead 262.0 28.0 325.0 104.0
WheatHead 333.0 42.0 450.0 121.0
WheatHead 457.0 80.0 551.0 193.0
WheatHead 339.0 150.0 461.0 225.0
WheatHead 582.0 108.0 639.0 193.0
WheatHead 507.0 245.0 590.0 304.0
WheatHead 439.0 282.0 501.0 355.0
WheatHead 372.0 320.0 430.0 377.0
WheatHead 279.0 288.0 361.0 344.0
WheatHead 150.0 234.0 233.0 310.0
WheatHead 172.0 324.0 250.0 439.0
WheatHead 104.0 419.0 158.0 483.0
WheatHead 351.0 411.0 458.0 480.0
WheatHead 433.0 432.0 523.0 485.0
WheatHead 537.0 458.0 635.0 547.0
WheatHead 181.0 539.0 247.0 624.0
WheatHead 169.0 611.0 212.0 692.0
WheatHead 271.0 501.0 349.0 562.0
WheatHead 375.0 497.0 443.0 586.0
WheatHead 456.0 539.0 525.0 603.0
WheatHead 510.0 606.0 632.0 673.0
WheatHead 254.0 603.0 317.0 676.0
WheatHead 312.0 604.0 385.0 685.0
WheatHead 280.0 702.0 340.0 793.0
WheatHead 346.0 685.0 446.0 746.0
WheatHead 218.0 835.0 285.0 907.0
WheatHead 21.0 718.0 121.0 843.0
WheatHead 282.0 850.0 355.0 952.0
WheatHead 403.0 883.0 472.0 943.0
WheatHead 442.0 780.0 522.0 861.0
WheatHead 483.0 825.0 559.0 876.0
WheatHead 525.0 768.0 580.0 818.0
WheatHead 515.0 904.0 584.0 957.0
WheatHead 439.0 971.0 498.0 1024.0
WheatHead 577.0 978.0 656.0 1024.0
WheatHead 610.0 910.0 680.0 968.0
WheatHead 697.0 853.0 828.0 958.0
WheatHead 964.0 606.0 1024.0 726.0
WheatHead 891.0 657.0 996.0 792.0
WheatHead 885.0 617.0 959.0 690.0
WheatHead 718.0 560.0 789.0 622.0
WheatHead 667.0 704.0 788.0 782.0
WheatHead 807.0 756.0 886.0 830.0
WheatHead 681.0 611.0 777.0 712.0
WheatHead 803.0 657.0 868.0 704.0
WheatHead 889.0 555.0 984.0 614.0
WheatHead 737.0 446.0 817.0 520.0
WheatHead 829.0 487.0 932.0 555.0
WheatHead 927.0 449.0 1024.0 501.0
WheatHead 858.0 391.0 932.0 459.0
WheatHead 709.0 377.0 788.0 435.0
WheatHead 854.0 185.0 1024.0 300.0
WheatHead 845.0 91.0 912.0 159.0
WheatHead 958.0 0.0 1024.0 72.0
WheatHead 0.0 872.0 33.0 916.0
WheatHead 462.0 709.0 526.0 763.0
WheatHead 685.0 0.0 748.0 20.0
