WheatHead 437.0 269.0 540.0 365.0
WheatHead 90.0 865.0 206.0 990.0
WheatHead 769.0 0.0 837.0 134.0
WheatHead 670.0 958.0 738.0 1024.0
WheatHead 835.0 838.0 968.0 1024.0
WheatHead 682.0 816.0 976.0 984.0
WheatHead 603.0 0.0 708.0 54.0
WheatHead 573.0 905.0 684.0 991.0
WheatHead 146.0 289.0 248.0 408.0
WheatHead 229.0 277.0 321.0 429.0
WheatHead 424.0 377.0 517.0 470.0
WheatHead 0.0 357.0 149.0 579.0
WheatHead 710.0 165.0 787.0 303.0
WheatHead 448.0 616.0 567.0 739.0
WheatHead 823.0 58.0 919.0 186.0
WheatHead 697.0 0.0 756.0 57.0
WheatHead 490.0 431.0 596.0 540.0
WheatHead 0.0 205.0 122.0 334.0
WheatHead 0.0 640.0 210.0 739.0
WheatHead 286.0 111.0 436.0 214.0
WheatHead 964.0 609.0 1024.0 723.0
WheatHead 842.0 683.0 986.0 799.0
WheatHead 966.0 750.0 1024.0 806.0
WheatHead 857.0 757.0 965.0 840.0
WheatHead 597.0 514.0 737.0 781.0
WheatHead 569.0 332.0 660.0 422.0
