WheatHead 409.0 591.0 527.0 652.0
WheatHead 750.0 861.0 868.0 927.0
WheatHead 638.0 38.0 724.0 92.0
WheatHead 913.0 1.0 1022.0 69.0
WheatHead 543.0 353.0 584.0 439.0
WheatHead 739.0 190.0 887.0 284.0
WheatHead 481.0 47.0 570.0 128.0
WheatHead 943.0 402.0 1024.0 461.0
WheatHead 387.0 673.0 487.0 718.0
WheatHead 46.0 457.0 170.0 512.0
WheatHead 970.0 819.0 1024.0 866.0
WheatHead 861.0 72.0 927.0 163.0
WheatHead 638.0 118.0 784.0 176.0
WheatHead 969.0 965.0 1024.0 1017.0
WheatHead 215.0 10.0 309.0 61.0
WheatHead 387.0 72.0 506.0 154.0
WheatHead 767.0 34.0 866.0 102.0
WheatHead 193.0 984.0 292.0 1021.0
WheatHead 251.0 501.0 334.0 548.0
WheatHead 723.0 766.0 826.0 814.0
WheatHead 917.0 154.0 1024.0 204.0
WheatHead 40.0 838.0 188.0 894.0
WheatHead 285.0 745.0 456.0 805.0
WheatHead 5.0 902.0 133.0 943.0
WheatHead 857.0 390.0 935.0 443.0
WheatHead 962.0 249.0 1024.0 286.0
WheatHead 297.0 20.0 467.0 63.0
WheatHead 571.0 958.0 679.0 1024.0
WheatHead 598.0 677.0 703.0 759.0
WheatHead 479.0 652.0 617.0 729.0
WheatHead 1000.0 339.0 1024.0 413.0
WheatHead 622.0 432.0 723.0 470.0
WheatHead 704.0 382.0 813.0 431.0
WheatHead 484.0 1.0 550.0 46.0
WheatHead 0.0 965.0 132.0 1009.0
WheatHead 51.0 36.0 181.0 106.0
WheatHead 756.0 430.0 836.0 469.0
WheatHead 380.0 716.0 487.0 757.0
WheatHead 174.0 921.0 309.0 955.0
WheatHead 0.0 996.0 51.0 1021.0
WheatHead 695.0 962.0 833.0 998.0
WheatHead 744.0 0.0 816.0 40.0
WheatHead 925.0 672.0 1021.0 712.0
WheatHead 621.0 281.0 697.0 341.0
WheatHead 731.0 364.0 813.0 404.0
WheatHead 962.0 116.0 1024.0 154.0
WheatHead 126.0 796.0 242.0 830.0
WheatHead 446.0 927.0 580.0 967.0
WheatHead 276.0 101.0 385.0 148.0
WheatHead 300.0 943.0 440.0 983.0
WheatHead 1.0 30.0 84.0 91.0
WheatHead 37.0 172.0 145.0 205.0
WheatHead 633.0 309.0 719.0 368.0
WheatHead 0.0 0.0 36.0 40.0
WheatHead 0.0 279.0 141.0 335.0
WheatHead 194.0 742.0 274.0 770.0
WheatHead 110.0 356.0 207.0 402.0
WheatHead 784.0 701.0 995.0 793.0
WheatHead 737.0 349.0 804.0 374.0
WheatHead 331.0 982.0 435.0 1015.0
WheatHead 154.0 367.0 326.0 435.0
WheatHead 12.0 134.0 129.0 175.0
WheatHead 58.0 41.0 173.0 122.0
WheatHead 705.0 625.0 848.0 696.0
WheatHead 753.0 654.0 833.0 712.0
WheatHead 726.0 683.0 828.0 734.0
WheatHead 277.0 994.0 426.0 1024.0
