WheatHead 172.0 325.0 398.0 482.0
WheatHead 5.0 378.0 151.0 481.0
WheatHead 957.0 407.0 1024.0 481.0
WheatHead 124.0 210.0 272.0 287.0
WheatHead 17.0 619.0 133.0 719.0
WheatHead 215.0 149.0 358.0 236.0
WheatHead 847.0 74.0 949.0 138.0
WheatHead 77.0 525.0 240.0 598.0
WheatHead 847.0 0.0 991.0 43.0
WheatHead 834.0 271.0 970.0 371.0
WheatHead 44.0 255.0 151.0 335.0
WheatHead 64.0 86.0 231.0 158.0
WheatHead 97.0 906.0 253.0 975.0
WheatHead 773.0 580.0 927.0 662.0
WheatHead 2.0 713.0 99.0 832.0
WheatHead 12.0 521.0 109.0 587.0
WheatHead 0.0 755.0 61.0 870.0
WheatHead 885.0 296.0 1024.0 366.0
