WheatHead 359.0 169.0 430.0 274.0
WheatHead 819.0 349.0 892.0 425.0
WheatHead 527.0 920.0 642.0 977.0
WheatHead 334.0 903.0 425.0 997.0
WheatHead 441.0 451.0 510.0 531.0
WheatHead 248.0 0.0 376.0 92.0
WheatHead 80.0 864.0 183.0 931.0
WheatHead 566.0 164.0 636.0 238.0
WheatHead 346.0 462.0 456.0 506.0
WheatHead 502.0 230.0 619.0 408.0
WheatHead 102.0 71.0 224.0 149.0
WheatHead 102.0 480.0 200.0 575.0
WheatHead 0.0 283.0 79.0 345.0
WheatHead 229.0 594.0 360.0 643.0
WheatHead 248.0 849.0 399.0 924.0
WheatHead 690.0 704.0 774.0 754.0
WheatHead 916.0 390.0 968.0 453.0
WheatHead 423.0 699.0 579.0 761.0
WheatHead 860.0 188.0 924.0 260.0
WheatHead 827.0 270.0 901.0 327.0
WheatHead 75.0 322.0 158.0 374.0
WheatHead 952.0 974.0 1024.0 1024.0
WheatHead 871.0 243.0 979.0 316.0
WheatHead 326.0 333.0 446.0 377.0
WheatHead 751.0 983.0 890.0 1024.0
WheatHead 0.0 985.0 103.0 1024.0
WheatHead 318.0 302.0 422.0 340.0
WheatHead 760.0 275.0 865.0 337.0
WheatHead 351.0 666.0 436.0 722.0
WheatHead 387.0 730.0 530.0 804.0
WheatHead 602.0 974.0 686.0 1024.0
WheatHead 1.0 189.0 41.0 283.0
WheatHead 102.0 277.0 202.0 319.0
WheatHead 950.0 461.0 993.0 522.0
WheatHead 0.0 745.0 105.0 791.0
WheatHead 165.0 872.0 336.0 947.0
WheatHead 909.0 470.0 1024.0 598.0
WheatHead 270.0 667.0 381.0 783.0
WheatHead 620.0 175.0 695.0 249.0
WheatHead 767.0 235.0 850.0 274.0
WheatHead 540.0 233.0 634.0 279.0
WheatHead 96.0 110.0 144.0 273.0
WheatHead 234.0 435.0 286.0 499.0
WheatHead 180.0 769.0 303.0 825.0
WheatHead 0.0 303.0 52.0 512.0
WheatHead 984.0 953.0 1024.0 993.0
WheatHead 120.0 367.0 236.0 434.0
WheatHead 545.0 703.0 696.0 752.0
WheatHead 884.0 996.0 972.0 1024.0
WheatHead 360.0 1005.0 446.0 1024.0
WheatHead 877.0 264.0 962.0 330.0
WheatHead 449.0 231.0 523.0 309.0
WheatHead 764.0 417.0 821.0 488.0
WheatHead 215.0 283.0 331.0 365.0
WheatHead 766.0 426.0 867.0 476.0
WheatHead 233.0 694.0 301.0 743.0
WheatHead 141.0 303.0 242.0 388.0
WheatHead 498.0 458.0 651.0 561.0
WheatHead 290.0 728.0 365.0 777.0
WheatHead 456.0 398.0 552.0 451.0
WheatHead 354.0 433.0 451.0 478.0
WheatHead 592.0 316.0 661.0 464.0
WheatHead 715.0 273.0 781.0 317.0
WheatHead 579.0 406.0 675.0 445.0
WheatHead 329.0 633.0 550.0 685.0
WheatHead 749.0 86.0 793.0 128.0
WheatHead 399.0 731.0 519.0 776.0
WheatHead 6.0 545.0 86.0 591.0
WheatHead 787.0 807.0 851.0 846.0
WheatHead 980.0 779.0 1024.0 840.0
WheatHead 567.0 827.0 627.0 875.0
WheatHead 814.0 703.0 911.0 759.0
WheatHead 872.0 672.0 934.0 715.0
WheatHead 654.0 643.0 799.0 708.0
WheatHead 558.0 636.0 663.0 697.0
WheatHead 914.0 356.0 976.0 415.0
WheatHead 1001.0 333.0 1024.0 380.0
WheatHead 28.0 384.0 142.0 518.0
WheatHead 0.0 144.0 31.0 190.0
WheatHead 106.0 4.0 205.0 75.0
WheatHead 29.0 0.0 84.0 49.0
WheatHead 185.0 0.0 254.0 69.0
