WheatHead 320.0 0.0 381.0 32.0
WheatHead 154.0 132.0 236.0 194.0
WheatHead 238.0 184.0 296.0 251.0
WheatHead 743.0 27.0 807.0 102.0
WheatHead 565.0 183.0 685.0 272.0
WheatHead 774.0 232.0 845.0 325.0
WheatHead 519.0 352.0 593.0 423.0
WheatHead 686.0 354.0 772.0 433.0
WheatHead 219.0 352.0 351.0 410.0
WheatHead 0.0 334.0 77.0 386.0
WheatHead 136.0 360.0 220.0 437.0
WheatHead 41.0 414.0 122.0 487.0
WheatHead 156.0 458.0 219.0 502.0
WheatHead 115.0 501.0 189.0 557.0
WheatHead 157.0 548.0 232.0 658.0
WheatHead 3.0 489.0 81.0 568.0
WheatHead 5.0 620.0 51.0 712.0
WheatHead 375.0 546.0 456.0 614.0
WheatHead 373.0 733.0 431.0 812.0
WheatHead 283.0 781.0 334.0 854.0
WheatHead 241.0 798.0 288.0 851.0
WheatHead 151.0 806.0 212.0 863.0
WheatHead 79.0 851.0 155.0 914.0
WheatHead 13.0 787.0 95.0 866.0
WheatHead 578.0 583.0 640.0 650.0
WheatHead 683.0 505.0 747.0 561.0
WheatHead 713.0 542.0 763.0 594.0
WheatHead 790.0 552.0 855.0 609.0
WheatHead 768.0 473.0 846.0 530.0
WheatHead 658.0 809.0 714.0 900.0
WheatHead 555.0 855.0 650.0 991.0
WheatHead 450.0 902.0 509.0 1024.0
WheatHead 361.0 970.0 422.0 1017.0
WheatHead 380.0 865.0 425.0 953.0
WheatHead 240.0 855.0 328.0 953.0
WheatHead 62.0 912.0 125.0 990.0
WheatHead 188.0 949.0 257.0 1024.0
WheatHead 0.0 924.0 39.0 978.0
WheatHead 0.0 986.0 46.0 1019.0
WheatHead 723.0 919.0 788.0 1003.0
WheatHead 818.0 869.0 890.0 919.0
WheatHead 875.0 803.0 937.0 909.0
WheatHead 828.0 697.0 919.0 791.0
WheatHead 842.0 499.0 941.0 565.0
WheatHead 886.0 429.0 996.0 480.0
WheatHead 961.0 474.0 1024.0 546.0
WheatHead 979.0 742.0 1024.0 882.0
WheatHead 827.0 930.0 948.0 1022.0
WheatHead 927.0 358.0 1010.0 423.0
WheatHead 921.0 220.0 987.0 299.0
WheatHead 970.0 0.0 1024.0 54.0
