WheatHead 441.0 0.0 616.0 96.0
WheatHead 874.0 0.0 947.0 29.0
WheatHead 838.0 139.0 933.0 244.0
WheatHead 976.0 121.0 1024.0 200.0
WheatHead 888.0 366.0 992.0 478.0
WheatHead 765.0 519.0 902.0 602.0
WheatHead 598.0 258.0 687.0 346.0
WheatHead 224.0 128.0 342.0 275.0
WheatHead 43.0 350.0 195.0 535.0
WheatHead 318.0 381.0 397.0 572.0
WheatHead 431.0 486.0 537.0 626.0
WheatHead 43.0 677.0 141.0 866.0
WheatHead 220.0 707.0 326.0 884.0
WheatHead 376.0 813.0 444.0 911.0
WheatHead 460.0 874.0 570.0 1024.0
WheatHead 732.0 712.0 858.0 828.0
WheatHead 872.0 705.0 1000.0 825.0
WheatHead 92.0 559.0 193.0 665.0
WheatHead 49.0 973.0 134.0 1024.0
WheatHead 795.0 789.0 940.0 891.0
