WheatHead 378.0 739.0 540.0 865.0
WheatHead 0.0 250.0 28.0 335.0
WheatHead 581.0 345.0 688.0 412.0
WheatHead 0.0 803.0 43.0 898.0
WheatHead 289.0 179.0 458.0 240.0
WheatHead 803.0 957.0 890.0 1024.0
WheatHead 588.0 422.0 734.0 586.0
WheatHead 89.0 609.0 143.0 701.0
WheatHead 0.0 556.0 69.0 636.0
WheatHead 363.0 985.0 517.0 1024.0
WheatHead 384.0 924.0 506.0 977.0
WheatHead 824.0 693.0 1024.0 770.0
WheatHead 363.0 604.0 488.0 716.0
WheatHead 350.0 867.0 414.0 949.0
WheatHead 727.0 348.0 816.0 424.0
WheatHead 143.0 706.0 222.0 752.0
WheatHead 140.0 970.0 309.0 1024.0
WheatHead 867.0 517.0 1024.0 673.0
WheatHead 163.0 304.0 314.0 450.0
WheatHead 755.0 2.0 995.0 128.0
WheatHead 885.0 378.0 988.0 442.0
WheatHead 235.0 693.0 481.0 778.0
WheatHead 179.0 0.0 278.0 88.0
WheatHead 742.0 209.0 852.0 366.0
WheatHead 798.0 104.0 949.0 253.0
WheatHead 140.0 849.0 384.0 942.0
WheatHead 834.0 442.0 1000.0 488.0
WheatHead 773.0 412.0 896.0 680.0
WheatHead 209.0 768.0 289.0 842.0
WheatHead 283.0 1.0 402.0 86.0
WheatHead 908.0 808.0 1024.0 921.0
WheatHead 122.0 803.0 240.0 852.0
WheatHead 18.0 961.0 108.0 1024.0
WheatHead 409.0 0.0 637.0 23.0
WheatHead 110.0 803.0 171.0 1024.0
WheatHead 696.0 529.0 796.0 663.0
WheatHead 94.0 862.0 220.0 929.0
WheatHead 122.0 2.0 202.0 43.0
WheatHead 240.0 309.0 325.0 396.0
WheatHead 270.0 0.0 329.0 84.0
WheatHead 885.0 2.0 939.0 125.0
WheatHead 985.0 107.0 1024.0 156.0
WheatHead 768.0 363.0 839.0 435.0
WheatHead 821.0 381.0 872.0 442.0
WheatHead 289.0 808.0 363.0 919.0
WheatHead 194.0 842.0 250.0 906.0
