WheatHead 4.0 387.0 156.0 513.0
WheatHead 48.0 453.0 148.0 541.0
WheatHead 24.0 627.0 124.0 702.0
WheatHead 168.0 348.0 414.0 450.0
WheatHead 336.0 409.0 497.0 532.0
WheatHead 484.0 308.0 587.0 406.0
WheatHead 474.0 570.0 569.0 639.0
WheatHead 215.0 593.0 283.0 671.0
WheatHead 307.0 618.0 408.0 699.0
WheatHead 459.0 659.0 536.0 736.0
WheatHead 316.0 760.0 398.0 870.0
WheatHead 416.0 589.0 479.0 675.0
WheatHead 453.0 518.0 526.0 595.0
WheatHead 347.0 967.0 456.0 1024.0
WheatHead 319.0 146.0 474.0 230.0
WheatHead 280.0 38.0 455.0 141.0
WheatHead 574.0 0.0 676.0 219.0
WheatHead 765.0 292.0 856.0 405.0
WheatHead 767.0 408.0 858.0 483.0
WheatHead 715.0 478.0 774.0 539.0
WheatHead 858.0 564.0 912.0 622.0
WheatHead 912.0 547.0 1024.0 611.0
WheatHead 661.0 626.0 756.0 706.0
WheatHead 778.0 668.0 873.0 729.0
WheatHead 933.0 263.0 1023.0 389.0
WheatHead 879.0 799.0 957.0 975.0
WheatHead 457.0 472.0 554.0 547.0
WheatHead 537.0 418.0 599.0 473.0
WheatHead 31.0 37.0 100.0 109.0
WheatHead 531.0 0.0 586.0 52.0
WheatHead 231.0 0.0 277.0 37.0
WheatHead 177.0 0.0 227.0 37.0
WheatHead 1001.0 162.0 1024.0 274.0
WheatHead 989.0 443.0 1024.0 522.0
WheatHead 210.0 448.0 306.0 540.0
