WheatHead 757.0 59.0 815.0 138.0
WheatHead 763.0 227.0 825.0 305.0
WheatHead 821.0 404.0 889.0 524.0
WheatHead 665.0 251.0 729.0 362.0
WheatHead 530.0 169.0 604.0 275.0
WheatHead 604.0 64.0 671.0 153.0
WheatHead 681.0 56.0 748.0 168.0
WheatHead 186.0 190.0 276.0 276.0
WheatHead 139.0 238.0 208.0 288.0
WheatHead 40.0 292.0 119.0 372.0
WheatHead 36.0 361.0 126.0 432.0
WheatHead 0.0 161.0 88.0 221.0
WheatHead 0.0 100.0 59.0 163.0
WheatHead 496.0 374.0 597.0 443.0
WheatHead 440.0 408.0 501.0 486.0
WheatHead 392.0 519.0 474.0 585.0
WheatHead 586.0 522.0 662.0 619.0
WheatHead 717.0 627.0 817.0 697.0
WheatHead 881.0 793.0 955.0 862.0
WheatHead 785.0 762.0 855.0 838.0
WheatHead 619.0 765.0 699.0 828.0
WheatHead 447.0 705.0 511.0 784.0
WheatHead 385.0 762.0 440.0 832.0
WheatHead 258.0 661.0 331.0 740.0
WheatHead 279.0 561.0 342.0 634.0
WheatHead 347.0 643.0 410.0 706.0
WheatHead 97.0 580.0 187.0 658.0
WheatHead 98.0 676.0 186.0 748.0
WheatHead 264.0 894.0 333.0 961.0
WheatHead 204.0 922.0 247.0 986.0
WheatHead 4.0 634.0 67.0 727.0
WheatHead 17.0 530.0 89.0 617.0
WheatHead 1.0 777.0 60.0 828.0
WheatHead 312.0 263.0 364.0 317.0
WheatHead 458.0 320.0 483.0 361.0
WheatHead 383.0 397.0 428.0 424.0
WheatHead 795.0 107.0 833.0 170.0
WheatHead 788.0 109.0 813.0 172.0
WheatHead 320.0 773.0 366.0 842.0
