WheatHead 906.0 524.0 988.0 614.0
WheatHead 760.0 302.0 852.0 396.0
WheatHead 458.0 140.0 558.0 217.0
WheatHead 934.0 706.0 1024.0 793.0
WheatHead 989.0 451.0 1024.0 510.0
WheatHead 793.0 737.0 901.0 844.0
WheatHead 971.0 231.0 1024.0 296.0
WheatHead 785.0 6.0 970.0 97.0
WheatHead 903.0 803.0 1003.0 878.0
WheatHead 849.0 238.0 931.0 345.0
WheatHead 706.0 442.0 762.0 504.0
WheatHead 960.0 168.0 1024.0 240.0
WheatHead 721.0 545.0 857.0 632.0
WheatHead 665.0 606.0 765.0 691.0
WheatHead 796.0 174.0 870.0 232.0
WheatHead 565.0 391.0 673.0 478.0
WheatHead 939.0 363.0 1024.0 442.0
WheatHead 983.0 522.0 1024.0 596.0
WheatHead 844.0 578.0 939.0 665.0
WheatHead 911.0 634.0 980.0 701.0
WheatHead 750.0 647.0 829.0 724.0
