WheatHead 0.0 545.0 59.0 627.0
WheatHead 0.0 294.0 102.0 400.0
WheatHead 69.0 413.0 165.0 500.0
WheatHead 269.0 492.0 356.0 583.0
WheatHead 127.0 765.0 240.0 884.0
WheatHead 446.0 817.0 567.0 889.0
WheatHead 507.0 876.0 589.0 972.0
WheatHead 540.0 566.0 668.0 861.0
WheatHead 410.0 385.0 555.0 478.0
WheatHead 308.0 338.0 386.0 441.0
WheatHead 224.0 218.0 338.0 366.0
WheatHead 380.0 194.0 442.0 319.0
WheatHead 428.0 228.0 492.0 316.0
WheatHead 521.0 103.0 607.0 197.0
WheatHead 497.0 52.0 581.0 115.0
WheatHead 140.0 1.0 322.0 40.0
WheatHead 220.0 28.0 287.0 77.0
WheatHead 333.0 1.0 536.0 58.0
WheatHead 358.0 40.0 434.0 106.0
WheatHead 682.0 0.0 749.0 69.0
WheatHead 977.0 54.0 1024.0 231.0
WheatHead 958.0 1.0 1010.0 98.0
WheatHead 726.0 466.0 836.0 541.0
WheatHead 834.0 465.0 921.0 556.0
WheatHead 901.0 471.0 971.0 562.0
WheatHead 868.0 584.0 925.0 669.0
WheatHead 895.0 622.0 968.0 698.0
WheatHead 944.0 666.0 1024.0 812.0
WheatHead 955.0 531.0 1022.0 608.0
WheatHead 972.0 428.0 1024.0 725.0
WheatHead 913.0 847.0 1022.0 934.0
WheatHead 923.0 337.0 987.0 399.0
WheatHead 794.0 0.0 844.0 18.0
WheatHead 1005.0 764.0 1024.0 826.0
