WheatHead 175.0 118.0 293.0 236.0
WheatHead 74.0 176.0 227.0 271.0
WheatHead 360.0 0.0 450.0 69.0
WheatHead 307.0 34.0 383.0 101.0
WheatHead 1.0 200.0 60.0 285.0
WheatHead 3.0 291.0 45.0 349.0
WheatHead 1.0 331.0 87.0 432.0
WheatHead 157.0 300.0 314.0 356.0
WheatHead 172.0 358.0 248.0 427.0
WheatHead 467.0 115.0 552.0 261.0
WheatHead 552.0 259.0 629.0 325.0
WheatHead 297.0 514.0 376.0 614.0
WheatHead 117.0 463.0 192.0 536.0
WheatHead 105.0 536.0 218.0 625.0
WheatHead 47.0 562.0 97.0 649.0
WheatHead 0.0 494.0 100.0 646.0
WheatHead 109.0 772.0 188.0 846.0
WheatHead 4.0 768.0 73.0 839.0
WheatHead 326.0 986.0 434.0 1024.0
WheatHead 379.0 801.0 464.0 926.0
WheatHead 319.0 736.0 384.0 808.0
WheatHead 381.0 742.0 482.0 808.0
WheatHead 402.0 686.0 554.0 791.0
WheatHead 421.0 567.0 496.0 649.0
WheatHead 566.0 654.0 712.0 728.0
WheatHead 680.0 538.0 816.0 650.0
WheatHead 659.0 901.0 723.0 995.0
WheatHead 667.0 757.0 782.0 837.0
WheatHead 775.0 797.0 917.0 857.0
WheatHead 806.0 858.0 964.0 953.0
WheatHead 943.0 978.0 1017.0 1023.0
WheatHead 973.0 835.0 1024.0 906.0
WheatHead 892.0 699.0 953.0 775.0
WheatHead 948.0 695.0 1024.0 768.0
WheatHead 920.0 549.0 987.0 635.0
WheatHead 934.0 461.0 989.0 558.0
WheatHead 1000.0 440.0 1024.0 583.0
WheatHead 918.0 201.0 1010.0 297.0
WheatHead 997.0 59.0 1024.0 212.0
WheatHead 584.0 467.0 666.0 627.0
WheatHead 34.0 12.0 83.0 84.0
WheatHead 1.0 5.0 58.0 120.0
WheatHead 699.0 57.0 768.0 120.0
WheatHead 55.0 0.0 118.0 26.0
WheatHead 726.0 0.0 824.0 24.0
WheatHead 0.0 623.0 72.0 673.0
WheatHead 0.0 853.0 44.0 925.0
WheatHead 0.0 926.0 26.0 969.0
