WheatHead 0.0 360.0 74.0 442.0
WheatHead 83.0 230.0 197.0 378.0
WheatHead 186.0 236.0 269.0 283.0
WheatHead 287.0 125.0 366.0 186.0
WheatHead 520.0 175.0 586.0 240.0
WheatHead 515.0 214.0 582.0 311.0
WheatHead 486.0 285.0 541.0 356.0
WheatHead 450.0 324.0 534.0 422.0
WheatHead 328.0 318.0 415.0 409.0
WheatHead 261.0 266.0 378.0 378.0
WheatHead 112.0 441.0 266.0 535.0
WheatHead 157.0 336.0 208.0 431.0
WheatHead 139.0 281.0 258.0 370.0
WheatHead 267.0 403.0 370.0 482.0
WheatHead 273.0 466.0 344.0 541.0
WheatHead 731.0 395.0 806.0 485.0
WheatHead 815.0 350.0 903.0 423.0
WheatHead 858.0 147.0 951.0 251.0
WheatHead 301.0 615.0 367.0 675.0
WheatHead 175.0 716.0 255.0 829.0
WheatHead 244.0 675.0 372.0 730.0
WheatHead 287.0 716.0 376.0 770.0
WheatHead 287.0 821.0 410.0 932.0
WheatHead 260.0 882.0 326.0 973.0
WheatHead 188.0 919.0 263.0 1017.0
WheatHead 442.0 728.0 504.0 789.0
WheatHead 684.0 628.0 869.0 719.0
WheatHead 675.0 754.0 736.0 826.0
WheatHead 643.0 796.0 714.0 947.0
WheatHead 591.0 834.0 650.0 909.0
WheatHead 781.0 728.0 860.0 801.0
WheatHead 732.0 775.0 821.0 850.0
WheatHead 811.0 801.0 909.0 891.0
WheatHead 931.0 807.0 1019.0 925.0
WheatHead 872.0 698.0 1004.0 781.0
WheatHead 943.0 354.0 1006.0 417.0
WheatHead 72.0 805.0 194.0 861.0
WheatHead 313.0 173.0 370.0 240.0
WheatHead 0.0 445.0 38.0 491.0
WheatHead 313.0 272.0 421.0 349.0
WheatHead 849.0 782.0 898.0 861.0
WheatHead 925.0 832.0 1024.0 939.0
