WheatHead 652.0 225.0 711.0 339.0
WheatHead 533.0 218.0 595.0 326.0
WheatHead 854.0 1.0 943.0 60.0
WheatHead 111.0 401.0 212.0 488.0
WheatHead 933.0 75.0 1018.0 131.0
WheatHead 174.0 370.0 299.0 454.0
WheatHead 614.0 46.0 709.0 111.0
WheatHead 165.0 251.0 334.0 379.0
WheatHead 664.0 634.0 789.0 708.0
WheatHead 327.0 0.0 416.0 49.0
WheatHead 120.0 139.0 247.0 192.0
WheatHead 884.0 61.0 954.0 187.0
WheatHead 265.0 739.0 383.0 790.0
WheatHead 913.0 772.0 1010.0 819.0
WheatHead 860.0 233.0 968.0 331.0
WheatHead 618.0 0.0 738.0 68.0
WheatHead 243.0 613.0 329.0 675.0
WheatHead 173.0 673.0 299.0 743.0
WheatHead 27.0 25.0 126.0 116.0
WheatHead 800.0 126.0 851.0 241.0
WheatHead 210.0 464.0 278.0 539.0
WheatHead 23.0 181.0 146.0 245.0
WheatHead 253.0 144.0 368.0 196.0
WheatHead 173.0 400.0 264.0 475.0
WheatHead 4.0 722.0 62.0 783.0
WheatHead 780.0 234.0 839.0 318.0
WheatHead 10.0 503.0 76.0 610.0
WheatHead 8.0 831.0 189.0 921.0
WheatHead 795.0 327.0 873.0 361.0
WheatHead 405.0 312.0 468.0 361.0
WheatHead 421.0 299.0 582.0 385.0
WheatHead 486.0 419.0 657.0 495.0
WheatHead 618.0 563.0 775.0 635.0
WheatHead 503.0 658.0 708.0 716.0
WheatHead 946.0 451.0 1022.0 502.0
WheatHead 158.0 812.0 236.0 856.0
WheatHead 4.0 360.0 148.0 407.0
WheatHead 489.0 350.0 608.0 405.0
WheatHead 361.0 290.0 436.0 427.0
WheatHead 81.0 569.0 146.0 618.0
WheatHead 1007.0 502.0 1024.0 517.0
WheatHead 662.0 805.0 812.0 846.0
WheatHead 107.0 357.0 187.0 394.0
WheatHead 421.0 275.0 498.0 328.0
WheatHead 273.0 173.0 367.0 234.0
WheatHead 742.0 731.0 802.0 766.0
WheatHead 0.0 705.0 132.0 752.0
WheatHead 5.0 666.7000122070312 108.30000305175781 710.0
WheatHead 140.0 936.0 259.0 974.0
WheatHead 0.0 401.0 54.0 441.0
WheatHead 799.0 90.0 900.0 136.0
WheatHead 905.0 617.0 1005.0 665.0
WheatHead 363.0 221.0 479.0 298.0
WheatHead 824.0 279.0 951.0 341.0
WheatHead 764.0 994.0 859.0 1024.0
WheatHead 0.0 1003.0 35.0 1022.0
WheatHead 2.0 786.0 67.0 831.0
WheatHead 921.0 1.0 961.0 39.0
WheatHead 699.0 991.0 766.0 1024.0
WheatHead 904.0 448.0 966.0 507.0
WheatHead 727.0 826.0 816.0 858.0
WheatHead 546.0 397.0 637.0 459.0
WheatHead 647.0 592.0 748.0 652.0
WheatHead 563.0 31.0 626.0 86.0
