WheatHead 536.0 520.0 613.0 606.0
WheatHead 876.0 424.0 935.0 516.0
WheatHead 745.0 865.0 827.0 957.0
WheatHead 2.0 795.0 75.0 868.0
WheatHead 4.0 185.0 98.0 279.0
WheatHead 630.0 596.0 716.0 692.0
WheatHead 9.0 342.0 105.0 393.0
WheatHead 925.0 229.0 1015.0 327.0
WheatHead 96.0 603.0 217.0 692.0
WheatHead 916.0 926.0 1021.0 996.0
WheatHead 999.0 106.0 1024.0 177.0
WheatHead 245.0 547.0 345.0 640.0
WheatHead 537.0 879.0 584.0 948.0
WheatHead 481.0 17.0 546.0 90.0
WheatHead 468.0 505.0 540.0 576.0
WheatHead 348.0 672.0 436.0 740.0
WheatHead 294.0 126.0 417.0 173.0
WheatHead 237.0 699.0 353.0 768.0
WheatHead 972.0 533.0 1024.0 618.0
WheatHead 544.0 271.0 600.0 374.0
WheatHead 191.0 204.0 256.0 273.0
WheatHead 542.0 427.0 644.0 485.0
WheatHead 416.0 948.0 473.0 1008.0
WheatHead 873.0 372.0 943.0 427.0
WheatHead 681.0 879.0 719.0 965.0
WheatHead 361.0 55.0 436.0 155.0
WheatHead 428.0 772.0 538.0 853.0
WheatHead 99.0 30.0 211.0 111.0
WheatHead 120.0 937.0 197.0 983.0
WheatHead 212.0 308.0 297.0 372.0
WheatHead 401.0 167.0 477.0 221.0
WheatHead 452.0 601.0 559.0 677.0
WheatHead 714.0 574.0 793.0 632.0
WheatHead 322.0 0.0 402.0 79.0
WheatHead 205.0 433.0 295.0 492.0
WheatHead 6.0 629.0 60.0 666.0
WheatHead 630.0 869.0 730.0 901.0
WheatHead 862.0 652.0 917.0 685.0
WheatHead 970.0 121.0 1024.0 237.0
WheatHead 38.0 446.0 130.0 549.0
WheatHead 491.0 120.0 548.0 167.0
WheatHead 39.0 425.0 126.0 490.0
WheatHead 0.0 914.0 53.0 942.0
WheatHead 0.0 557.0 81.0 589.0
WheatHead 263.0 933.0 319.0 1004.0
WheatHead 670.0 159.0 719.0 199.0
WheatHead 38.0 928.0 142.0 970.0
WheatHead 660.0 314.0 739.0 356.0
WheatHead 1.0 884.0 66.0 931.0
WheatHead 584.0 151.0 648.0 189.0
WheatHead 1.0 987.0 47.0 1021.0
WheatHead 494.0 213.0 602.0 281.0
WheatHead 449.0 580.0 506.0 602.0
WheatHead 200.0 1003.0 264.0 1024.0
WheatHead 199.0 953.0 286.0 1015.0
WheatHead 0.0 811.0 32.0 866.0
WheatHead 286.0 993.0 373.0 1024.0
WheatHead 786.0 92.0 830.0 135.0
WheatHead 888.0 957.0 931.0 1024.0
WheatHead 794.0 755.0 847.0 800.0
WheatHead 309.0 678.0 402.0 744.0
WheatHead 374.0 742.0 435.0 778.0
WheatHead 186.0 496.0 230.0 592.0
WheatHead 768.0 744.0 833.0 777.0
WheatHead 129.0 854.0 263.0 943.0
WheatHead 494.0 945.0 610.0 993.0
WheatHead 797.0 869.0 866.0 912.0
WheatHead 490.0 0.0 545.0 23.0
WheatHead 284.0 327.0 352.0 391.0
