WheatHead 655.0 946.0 719.0 1021.0
WheatHead 764.0 278.0 839.0 371.0
WheatHead 693.0 608.0 780.0 678.0
WheatHead 196.0 521.0 259.0 606.0
WheatHead 401.0 81.0 476.0 163.0
WheatHead 214.0 6.0 308.0 62.0
WheatHead 604.0 64.0 662.0 159.0
WheatHead 0.0 512.0 47.0 619.0
WheatHead 566.0 579.0 677.0 661.0
WheatHead 232.0 518.0 330.0 572.0
WheatHead 641.0 83.0 726.0 157.0
WheatHead 363.0 351.0 469.0 474.0
WheatHead 896.0 736.0 999.0 828.0
WheatHead 65.0 455.0 152.0 546.0
WheatHead 36.0 25.0 99.0 102.0
WheatHead 140.0 653.0 218.0 760.0
WheatHead 830.0 610.0 909.0 667.0
WheatHead 768.0 781.0 896.0 827.0
WheatHead 705.0 894.0 837.0 944.0
WheatHead 867.0 670.0 976.0 730.0
WheatHead 185.0 758.0 267.0 836.0
WheatHead 273.0 673.0 378.0 760.0
WheatHead 863.0 86.0 924.0 204.0
WheatHead 787.0 151.0 865.0 218.0
WheatHead 978.0 53.0 1024.0 132.0
WheatHead 772.0 8.0 866.0 91.0
WheatHead 379.0 263.0 420.0 350.0
WheatHead 865.0 354.0 957.0 435.0
WheatHead 93.0999984741211 581.7999877929688 205.1999969482422 660.2999877929688
WheatHead 643.0 709.0 724.0 756.0
WheatHead 259.0 402.0 360.0 456.0
WheatHead 413.0 230.0 516.0 338.0
WheatHead 350.0 94.0 404.0 139.0
WheatHead 677.0 648.0 740.0 704.0
WheatHead 312.0 460.0 400.0 537.0
WheatHead 169.0 348.0 271.0 456.0
WheatHead 776.0 484.0 877.0 531.0
WheatHead 726.0 158.0 780.0 229.0
WheatHead 261.0 855.0 363.0 928.0
WheatHead 886.0 561.0 948.0 593.0
WheatHead 431.0 999.0 532.0 1017.0
WheatHead 540.0 42.0 608.0 87.0
WheatHead 740.0 107.0 793.0 184.0
WheatHead 172.0 888.0 264.0 920.0
WheatHead 992.0 234.0 1024.0 266.0
WheatHead 88.0 693.0 187.0 771.0
WheatHead 920.0 996.0 974.0 1019.0
WheatHead 439.0 1.0 486.0 39.0
WheatHead 615.0 736.0 670.0 808.0
WheatHead 176.0 5.0 238.0 104.0
WheatHead 716.0 323.0 778.0 394.0
WheatHead 0.0 600.0 50.0 636.0
WheatHead 570.0 712.0 649.0 801.0
WheatHead 29.0 389.0 108.0 436.0
WheatHead 593.0 23.0 659.0 53.0
WheatHead 266.0 137.0 352.0 177.0
WheatHead 472.0 211.0 561.0 278.0
WheatHead 977.0 51.0 1024.0 99.0
WheatHead 838.0 711.0 920.0 753.0
WheatHead 441.0 548.0 507.0 578.0
WheatHead 198.0 76.0 282.0 142.0
WheatHead 674.0 741.0 759.0 819.0
WheatHead 995.0 0.0 1024.0 94.0
WheatHead 422.0 720.0 510.0 777.0
WheatHead 699.0 724.0 748.0 761.0
WheatHead 860.0 1.0 906.0 34.0
WheatHead 490.0 125.0 543.0 150.0
WheatHead 988.0 169.0 1019.0 238.0
WheatHead 798.0 737.0 879.0 815.0
WheatHead 296.0 340.0 385.0 410.0
WheatHead 775.0 687.0 856.0 736.0
WheatHead 758.0 711.0 820.0 750.0
WheatHead 318.0 748.0 410.0 807.0
WheatHead 0.0 350.0 61.0 410.0
WheatHead 920.0 661.0 982.0 712.0
