WheatHead 29.0 0.0 133.0 43.0
WheatHead 142.0 0.0 216.0 78.0
WheatHead 0.0 54.0 68.0 143.0
WheatHead 12.0 258.0 112.0 361.0
WheatHead 191.0 242.0 274.0 381.0
WheatHead 273.0 319.0 338.0 416.0
WheatHead 22.0 497.0 94.0 574.0
WheatHead 0.0 574.0 39.0 657.0
WheatHead 108.0 986.0 167.0 1024.0
WheatHead 333.0 801.0 408.0 927.0
WheatHead 196.0 784.0 257.0 897.0
WheatHead 114.0 770.0 202.0 872.0
WheatHead 321.0 650.0 413.0 706.0
WheatHead 144.0 596.0 257.0 684.0
WheatHead 98.0 570.0 162.0 631.0
WheatHead 159.0 534.0 233.0 612.0
WheatHead 245.0 480.0 315.0 554.0
WheatHead 369.0 425.0 454.0 502.0
WheatHead 516.0 342.0 615.0 424.0
WheatHead 586.0 497.0 717.0 576.0
WheatHead 573.0 666.0 646.0 719.0
WheatHead 642.0 688.0 704.0 747.0
WheatHead 344.0 245.0 412.0 306.0
WheatHead 451.0 184.0 532.0 252.0
WheatHead 615.0 305.0 682.0 379.0
WheatHead 228.0 88.0 292.0 161.0
WheatHead 354.0 0.0 434.0 49.0
WheatHead 458.0 0.0 566.0 79.0
WheatHead 502.0 63.0 588.0 143.0
WheatHead 807.0 0.0 868.0 51.0
WheatHead 718.0 39.0 796.0 103.0
WheatHead 958.0 0.0 1024.0 51.0
WheatHead 678.0 203.0 772.0 273.0
WheatHead 764.0 246.0 811.0 298.0
WheatHead 901.0 243.0 956.0 306.0
WheatHead 946.0 276.0 1004.0 367.0
WheatHead 704.0 459.0 762.0 534.0
WheatHead 656.0 570.0 713.0 623.0
WheatHead 784.0 464.0 848.0 528.0
WheatHead 894.0 602.0 958.0 660.0
WheatHead 900.0 672.0 1000.0 742.0
WheatHead 691.0 991.0 805.0 1024.0
WheatHead 426.0 623.0 491.0 696.0
WheatHead 509.0 249.0 581.0 335.0
WheatHead 975.0 522.0 1024.0 583.0
WheatHead 733.0 0.0 790.0 35.0
WheatHead 270.0 743.0 327.0 799.0
WheatHead 721.0 419.0 793.0 532.0
WheatHead 764.0 682.0 842.0 784.0
WheatHead 14.0 197.0 73.0 257.0
