WheatHead 55.0 258.0 155.0 366.0
WheatHead 0.0 449.0 114.0 541.0
WheatHead 21.0 541.0 130.0 612.0
WheatHead 224.0 541.0 348.0 630.0
WheatHead 413.0 630.0 588.0 783.0
WheatHead 263.0 722.0 366.0 799.0
WheatHead 216.0 651.0 305.0 718.0
WheatHead 60.0 637.0 145.0 714.0
WheatHead 104.0 789.0 246.0 868.0
WheatHead 37.0 905.0 123.0 1024.0
WheatHead 134.0 980.0 198.0 1024.0
WheatHead 484.0 813.0 584.0 898.0
WheatHead 795.0 687.0 927.0 761.0
WheatHead 819.0 572.0 925.0 671.0
WheatHead 677.0 439.0 756.0 618.0
WheatHead 805.0 313.0 911.0 449.0
WheatHead 976.0 419.0 1024.0 521.0
WheatHead 947.0 514.0 1017.0 626.0
WheatHead 519.0 163.0 647.0 269.0
WheatHead 886.0 100.0 1006.0 212.0
WheatHead 569.0 25.0 681.0 118.0
WheatHead 807.0 6.0 965.0 147.0
WheatHead 903.0 756.0 1010.0 860.0
WheatHead 813.0 902.0 903.0 1006.0
WheatHead 0.0 116.0 152.0 250.0
WheatHead 104.0 380.0 239.0 484.0
