WheatHead 0.0 773.0 57.0 881.0
WheatHead 906.0 88.0 1014.0 201.0
WheatHead 378.0 808.0 486.0 901.0
WheatHead 314.0 650.0 431.0 731.0
WheatHead 153.0 222.0 253.0 313.0
WheatHead 782.0 966.0 890.0 1008.0
WheatHead 225.0 760.0 337.0 857.0
WheatHead 268.0 460.0 360.0 545.0
WheatHead 624.0 760.0 701.0 842.0
WheatHead 709.0 412.0 816.0 517.0
WheatHead 895.0 308.0 960.0 358.0
WheatHead 680.0 407.0 724.0 460.0
WheatHead 238.0 173.0 333.0 276.0
WheatHead 129.0 138.0 235.0 233.0
WheatHead 747.0 30.0 826.0 130.0
WheatHead 846.0 548.0 964.0 602.0
WheatHead 734.0 683.0 837.0 750.0
WheatHead 507.0 477.0 583.0 554.0
WheatHead 197.0 668.0 309.0 791.0
WheatHead 188.0 1.0 281.0 62.0
WheatHead 931.0 457.0 990.0 496.0
WheatHead 829.0 240.0 924.0 307.0
WheatHead 814.0 122.0 875.0 225.0
WheatHead 721.0 621.0 795.0 665.0
WheatHead 613.0 831.0 695.0 923.0
