WheatHead 236.0 0.0 364.0 63.0
WheatHead 172.0 98.0 266.0 216.0
WheatHead 39.0 5.0 156.0 141.0
WheatHead 0.0 119.0 62.0 247.0
WheatHead 316.0 137.0 408.0 228.0
WheatHead 75.0 210.0 204.0 331.0
WheatHead 11.0 392.0 106.0 474.0
WheatHead 626.0 323.0 720.0 425.0
WheatHead 531.0 158.0 591.0 224.0
WheatHead 437.0 425.0 521.0 513.0
WheatHead 109.0 596.0 242.0 668.0
WheatHead 233.0 554.0 320.0 641.0
WheatHead 385.0 489.0 444.0 569.0
WheatHead 440.0 528.0 534.0 601.0
WheatHead 520.0 489.0 611.0 551.0
WheatHead 605.0 503.0 692.0 603.0
WheatHead 313.0 657.0 415.0 772.0
WheatHead 92.0 933.0 173.0 1015.0
WheatHead 188.0 906.0 280.0 982.0
WheatHead 261.0 856.0 328.0 941.0
WheatHead 441.0 780.0 554.0 862.0
WheatHead 488.0 847.0 609.0 914.0
WheatHead 963.0 820.0 1024.0 974.0
WheatHead 858.0 697.0 938.0 772.0
WheatHead 843.0 637.0 913.0 707.0
WheatHead 615.0 682.0 694.0 815.0
WheatHead 668.0 743.0 788.0 947.0
WheatHead 856.0 422.0 963.0 526.0
WheatHead 811.0 359.0 896.0 441.0
WheatHead 679.0 268.0 823.0 350.0
WheatHead 703.0 110.0 811.0 196.0
WheatHead 811.0 83.0 913.0 175.0
WheatHead 954.0 0.0 1024.0 60.0
WheatHead 676.0 0.0 800.0 67.0
WheatHead 843.0 774.0 911.0 852.0
WheatHead 27.0 332.0 163.0 407.0
WheatHead 205.0 926.0 331.0 1011.0
WheatHead 712.0 231.0 785.0 396.0
WheatHead 893.0 12.0 946.0 75.0
WheatHead 694.0 524.0 748.0 595.0
