WheatHead 654.0 157.0 747.0 253.0
WheatHead 698.0 115.0 793.0 195.0
WheatHead 757.0 195.0 916.0 281.0
WheatHead 725.0 264.0 807.0 331.0
WheatHead 920.0 337.0 1016.0 418.0
WheatHead 564.0 296.0 658.0 358.0
WheatHead 624.0 313.0 727.0 389.0
WheatHead 309.0 180.0 463.0 247.0
WheatHead 444.0 230.0 544.0 313.0
WheatHead 243.0 256.0 342.0 314.0
WheatHead 193.0 195.0 283.0 260.0
WheatHead 362.0 254.0 443.0 326.0
WheatHead 101.0 224.0 167.0 295.0
WheatHead 154.0 286.0 230.0 352.0
WheatHead 32.0 279.0 134.0 372.0
WheatHead 0.0 374.0 59.0 445.0
WheatHead 423.0 47.0 512.0 144.0
WheatHead 768.0 0.0 858.0 79.0
WheatHead 78.0 885.0 154.0 982.0
WheatHead 245.0 949.0 340.0 1024.0
WheatHead 284.0 912.0 370.0 1005.0
WheatHead 321.0 823.0 426.0 922.0
WheatHead 251.0 829.0 329.0 914.0
WheatHead 257.0 724.0 333.0 814.0
WheatHead 302.0 675.0 377.0 772.0
WheatHead 475.0 591.0 524.0 722.0
WheatHead 574.0 665.0 645.0 799.0
WheatHead 516.0 781.0 613.0 852.0
WheatHead 504.0 858.0 593.0 941.0
WheatHead 706.0 952.0 796.0 1024.0
WheatHead 649.0 798.0 762.0 881.0
WheatHead 680.0 713.0 834.0 793.0
WheatHead 963.0 798.0 1024.0 916.0
WheatHead 135.0 414.0 245.0 481.0
WheatHead 178.0 559.0 257.0 626.0
WheatHead 182.0 497.0 286.0 570.0
WheatHead 70.0 692.0 138.0 765.0
WheatHead 108.0 807.0 200.0 874.0
WheatHead 406.0 718.0 485.0 798.0
WheatHead 359.0 328.0 438.0 408.0
WheatHead 836.0 692.0 912.0 768.0
WheatHead 736.0 871.0 823.0 933.0
WheatHead 610.0 859.0 677.0 920.0
WheatHead 919.0 4.0 1019.0 60.0
