WheatHead 63.0 31.0 113.0 84.0
WheatHead 85.0 160.0 204.0 225.0
WheatHead 150.0 219.0 230.0 280.0
WheatHead 266.0 6.0 330.0 80.0
WheatHead 486.0 37.0 549.0 104.0
WheatHead 531.0 125.0 588.0 198.0
WheatHead 157.0 425.0 235.0 516.0
WheatHead 171.0 492.0 252.0 578.0
WheatHead 137.0 566.0 192.0 641.0
WheatHead 222.0 530.0 288.0 592.0
WheatHead 343.0 494.0 407.0 562.0
WheatHead 471.0 499.0 529.0 566.0
WheatHead 340.0 628.0 420.0 692.0
WheatHead 218.0 660.0 290.0 713.0
WheatHead 70.0 755.0 156.0 821.0
WheatHead 35.0 901.0 119.0 975.0
WheatHead 467.0 973.0 522.0 1024.0
WheatHead 930.0 934.0 1006.0 1018.0
WheatHead 545.0 620.0 629.0 697.0
WheatHead 565.0 550.0 630.0 603.0
WheatHead 690.0 585.0 745.0 658.0
WheatHead 747.0 589.0 819.0 659.0
WheatHead 806.0 565.0 900.0 659.0
WheatHead 841.0 471.0 921.0 541.0
WheatHead 968.0 1.0 1021.0 55.0
WheatHead 790.0 150.0 875.0 221.0
WheatHead 670.0 72.0 784.0 146.0
WheatHead 706.0 21.0 764.0 76.0
WheatHead 600.0 37.0 662.0 90.0
WheatHead 519.0 0.0 596.0 62.0
WheatHead 944.0 759.0 997.0 811.0
WheatHead 798.0 734.0 863.0 794.0
WheatHead 578.0 987.0 645.0 1023.0
WheatHead 0.0 632.0 46.0 698.0
WheatHead 353.0 590.0 404.0 646.0
WheatHead 176.0 204.0 218.0 236.0
WheatHead 366.0 64.0 411.0 103.0
WheatHead 669.0 0.0 750.0 47.0
WheatHead 927.0 0.0 972.0 45.0
WheatHead 0.0 870.0 39.0 951.0
WheatHead 609.0 200.0 652.0 248.0
WheatHead 713.0 67.0 778.0 103.0
WheatHead 231.0 583.0 285.0 625.0
