WheatHead 851.0 215.0 1024.0 352.0
WheatHead 803.0 49.0 929.0 159.0
WheatHead 941.0 105.0 1000.0 198.0
WheatHead 438.0 6.0 504.0 84.0
WheatHead 526.0 161.0 722.0 224.0
WheatHead 485.0 101.0 560.0 173.0
WheatHead 361.0 111.0 470.0 175.0
WheatHead 362.0 175.0 460.0 251.0
WheatHead 566.0 239.0 659.0 319.0
WheatHead 646.0 262.0 716.0 329.0
WheatHead 591.0 347.0 699.0 414.0
WheatHead 133.0 0.0 269.0 58.0
WheatHead 66.0 78.0 213.0 168.0
WheatHead 127.0 174.0 277.0 243.0
WheatHead 176.0 219.0 257.0 287.0
WheatHead 145.0 256.0 208.0 339.0
WheatHead 19.0 328.0 118.0 385.0
WheatHead 123.0 355.0 242.0 417.0
WheatHead 112.0 402.0 175.0 447.0
WheatHead 296.0 283.0 378.0 357.0
WheatHead 3.0 85.0 59.0 164.0
WheatHead 223.0 606.0 328.0 668.0
WheatHead 201.0 661.0 261.0 732.0
WheatHead 174.0 735.0 287.0 829.0
WheatHead 220.0 821.0 339.0 903.0
WheatHead 314.0 720.0 384.0 788.0
WheatHead 373.0 574.0 446.0 686.0
WheatHead 397.0 714.0 489.0 810.0
WheatHead 511.0 692.0 631.0 762.0
WheatHead 579.0 644.0 643.0 721.0
WheatHead 626.0 526.0 727.0 616.0
WheatHead 777.0 372.0 847.0 531.0
WheatHead 843.0 391.0 914.0 518.0
WheatHead 768.0 594.0 881.0 676.0
WheatHead 795.0 617.0 900.0 690.0
WheatHead 867.0 649.0 955.0 717.0
WheatHead 825.0 740.0 918.0 808.0
WheatHead 792.0 788.0 860.0 852.0
WheatHead 900.0 804.0 967.0 859.0
WheatHead 768.0 941.0 848.0 1024.0
WheatHead 582.0 946.0 665.0 1012.0
WheatHead 396.0 870.0 501.0 945.0
WheatHead 144.0 899.0 223.0 963.0
WheatHead 269.0 890.0 358.0 964.0
WheatHead 814.0 238.0 886.0 296.0
WheatHead 305.0 438.0 371.0 493.0
WheatHead 479.0 967.0 524.0 1019.0
WheatHead 484.0 850.0 518.0 901.0
WheatHead 504.0 728.0 633.0 795.0
WheatHead 680.0 656.0 713.0 698.0
WheatHead 936.0 571.0 997.0 668.0
