WheatHead 0.0 0.0 82.0 92.0
WheatHead 104.0 0.0 185.0 17.0
WheatHead 234.0 23.0 299.0 106.0
WheatHead 297.0 0.0 376.0 17.0
WheatHead 39.0 165.0 132.0 269.0
WheatHead 134.0 163.0 248.0 336.0
WheatHead 53.0 348.0 128.0 435.0
WheatHead 0.0 350.0 23.0 442.0
WheatHead 651.0 17.0 732.0 102.0
WheatHead 685.0 141.0 772.0 249.0
WheatHead 600.0 155.0 655.0 222.0
WheatHead 584.0 214.0 642.0 279.0
WheatHead 462.0 301.0 549.0 395.0
WheatHead 555.0 309.0 635.0 372.0
WheatHead 602.0 391.0 667.0 460.0
WheatHead 835.0 167.0 935.0 256.0
WheatHead 867.0 0.0 944.0 23.0
WheatHead 844.0 318.0 888.0 388.0
WheatHead 807.0 514.0 878.0 586.0
WheatHead 756.0 730.0 838.0 821.0
WheatHead 13.0 451.0 92.0 579.0
WheatHead 102.0 474.0 175.0 537.0
WheatHead 0.0 622.0 51.0 720.0
WheatHead 11.0 882.0 78.0 951.0
WheatHead 139.0 709.0 210.0 795.0
WheatHead 155.0 817.0 238.0 891.0
WheatHead 116.0 935.0 208.0 1019.0
WheatHead 37.0 965.0 103.0 1024.0
WheatHead 377.0 714.0 462.0 797.0
WheatHead 466.0 803.0 541.0 902.0
WheatHead 301.0 872.0 399.0 982.0
WheatHead 588.0 854.0 651.0 958.0
WheatHead 646.0 817.0 697.0 898.0
WheatHead 933.0 763.0 1014.0 870.0
WheatHead 996.0 748.0 1024.0 817.0
WheatHead 995.0 352.0 1024.0 425.0
WheatHead 1004.0 98.0 1024.0 179.0
WheatHead 917.0 76.0 1002.0 149.0
WheatHead 46.0 68.0 214.0 136.0
WheatHead 299.0 359.0 378.0 476.0
WheatHead 123.0 291.0 209.0 347.0
WheatHead 193.0 97.0 280.0 178.0
WheatHead 174.0 0.0 258.0 74.0
WheatHead 751.0 198.0 844.0 286.0
WheatHead 867.0 602.0 931.0 667.0
WheatHead 801.0 963.0 876.0 1024.0
WheatHead 899.0 974.0 990.0 1024.0
WheatHead 1004.0 792.0 1024.0 909.0
