WheatHead 48.0 117.0 157.0 214.0
WheatHead 48.0 197.0 197.0 279.0
WheatHead 156.0 333.0 326.0 439.0
WheatHead 507.0 238.0 588.0 370.0
WheatHead 603.0 266.0 740.0 373.0
WheatHead 662.0 82.0 809.0 179.0
WheatHead 588.0 398.0 695.0 561.0
WheatHead 462.0 466.0 532.0 550.0
WheatHead 424.0 590.0 549.0 688.0
WheatHead 742.0 429.0 798.0 524.0
WheatHead 795.0 400.0 891.0 487.0
WheatHead 937.0 510.0 1024.0 630.0
WheatHead 722.0 570.0 825.0 652.0
WheatHead 550.0 686.0 653.0 799.0
WheatHead 349.0 795.0 508.0 862.0
WheatHead 135.0 870.0 286.0 939.0
WheatHead 16.0 945.0 120.0 1006.0
WheatHead 376.0 956.0 462.0 1024.0
WheatHead 760.0 859.0 867.0 1001.0
WheatHead 916.0 959.0 1024.0 1024.0
WheatHead 0.0 572.0 38.0 660.0
WheatHead 293.0 166.0 379.0 249.0
WheatHead 884.0 0.0 959.0 73.0
WheatHead 722.0 0.0 853.0 68.0
