WheatHead 65.0 0.0 208.0 45.0
WheatHead 281.0 112.0 356.0 185.0
WheatHead 118.0 147.0 193.0 232.0
WheatHead 4.0 161.0 86.0 238.0
WheatHead 238.0 374.0 397.0 482.0
WheatHead 76.0 364.0 155.0 444.0
WheatHead 514.0 181.0 581.0 242.0
WheatHead 543.0 92.0 687.0 188.0
WheatHead 569.0 0.0 683.0 58.0
WheatHead 779.0 0.0 856.0 31.0
WheatHead 748.0 35.0 825.0 108.0
WheatHead 823.0 110.0 923.0 214.0
WheatHead 525.0 271.0 622.0 344.0
WheatHead 289.0 218.0 401.0 318.0
WheatHead 462.0 326.0 559.0 468.0
WheatHead 220.0 543.0 305.0 633.0
WheatHead 104.0 581.0 173.0 663.0
WheatHead 0.0 267.0 45.0 386.0
WheatHead 618.0 637.0 693.0 752.0
WheatHead 622.0 547.0 712.0 655.0
WheatHead 683.0 444.0 768.0 551.0
WheatHead 356.0 770.0 417.0 854.0
WheatHead 431.0 754.0 529.0 838.0
WheatHead 92.0 777.0 179.0 900.0
WheatHead 0.0 724.0 43.0 811.0
WheatHead 0.0 632.0 23.0 705.0
WheatHead 120.0 947.0 216.0 1024.0
WheatHead 246.0 850.0 325.0 947.0
WheatHead 395.0 907.0 494.0 976.0
WheatHead 712.0 683.0 774.0 789.0
WheatHead 835.0 649.0 966.0 833.0
WheatHead 923.0 905.0 1024.0 998.0
WheatHead 803.0 384.0 956.0 474.0
WheatHead 1006.0 179.0 1024.0 253.0
WheatHead 18.0 0.0 66.0 81.0
WheatHead 875.0 235.0 980.0 322.0
