WheatHead 608.0 521.0 675.0 652.0
WheatHead 613.0 371.0 680.0 453.0
WheatHead 584.0 282.0 670.0 356.0
WheatHead 745.0 308.0 779.0 496.0
WheatHead 674.0 776.0 770.0 856.0
WheatHead 509.0 643.0 579.0 713.0
WheatHead 622.0 748.0 695.0 916.0
WheatHead 26.0 397.0 88.0 462.0
WheatHead 0.0 515.0 63.0 674.0
WheatHead 852.0 394.0 1003.0 464.0
WheatHead 2.0 26.0 76.0 111.0
WheatHead 478.0 346.0 561.0 429.0
WheatHead 953.0 29.0 1024.0 99.0
WheatHead 492.0 53.0 630.0 131.0
WheatHead 81.0 48.0 153.0 104.0
WheatHead 557.0 585.0 641.0 908.0
WheatHead 557.0 0.0 666.0 62.0
WheatHead 808.0 581.0 1024.0 661.0
WheatHead 303.0 875.0 476.0 962.0
WheatHead 0.0 781.0 41.0 885.0
WheatHead 390.0 397.0 494.0 470.0
WheatHead 231.0 377.0 319.0 445.0
WheatHead 704.0 87.0 817.0 187.0
WheatHead 857.0 678.0 990.0 757.0
WheatHead 721.0 653.0 856.0 728.0
WheatHead 705.0 717.0 928.0 803.0
WheatHead 837.0 796.0 1019.0 869.0
WheatHead 774.0 856.0 895.0 925.0
WheatHead 888.0 884.0 997.0 941.0
WheatHead 885.0 961.0 957.0 1022.0
WheatHead 955.0 951.0 1024.0 1021.0
WheatHead 701.0 382.0 770.0 437.0
WheatHead 713.0 332.0 767.0 374.0
WheatHead 727.0 346.0 815.0 421.0
WheatHead 765.0 272.0 882.0 327.0
WheatHead 749.0 191.0 858.0 267.0
WheatHead 190.0 13.0 374.0 99.0
WheatHead 823.0 0.0 870.0 21.0
WheatHead 80.0 351.0 157.0 416.0
WheatHead 4.0 327.0 57.0 399.0
WheatHead 151.0 894.0 200.0 926.0
WheatHead 2.0 1009.0 31.0 1024.0
WheatHead 6.0 0.0 76.0 33.0
