WheatHead 843.0 125.0 928.0 222.0
WheatHead 895.0 562.0 964.0 657.0
WheatHead 484.0 312.0 573.0 372.0
WheatHead 365.0 30.0 458.0 113.0
WheatHead 170.0 517.0 282.0 576.0
WheatHead 13.0 587.0 118.0 653.0
WheatHead 326.0 899.0 437.0 978.0
WheatHead 842.0 522.0 906.0 601.0
WheatHead 574.0 522.0 667.0 582.0
WheatHead 562.0 28.0 629.0 202.0
WheatHead 656.0 248.0 774.0 311.0
WheatHead 180.0 641.0 318.0 701.0
WheatHead 547.0 221.0 655.0 293.0
WheatHead 121.0 233.0 203.0 279.0
WheatHead 830.0 567.0 895.0 629.0
WheatHead 0.0 932.0 92.0 982.0
WheatHead 163.0 919.0 301.0 972.0
WheatHead 188.0 432.0 338.0 551.0
WheatHead 241.0 172.0 390.0 238.0
WheatHead 556.0 791.0 651.0 818.0
WheatHead 849.0 184.0 918.0 258.0
WheatHead 1003.0 601.0 1024.0 653.0
WheatHead 428.0 606.0 540.0 674.0
WheatHead 334.0 479.0 445.0 556.0
WheatHead 986.0 432.0 999.0 514.0
WheatHead 708.0 605.0 802.0 636.0
WheatHead 564.0 540.0 659.0 614.0
WheatHead 557.0 909.0 624.0 971.0
WheatHead 637.0 989.0 730.0 1024.0
WheatHead 120.0 900.0 211.0 933.0
WheatHead 800.0 5.0 927.0 42.0
WheatHead 695.0 667.0 805.0 731.0
WheatHead 771.0 165.0 839.0 207.0
WheatHead 742.0 331.0 802.0 386.0
WheatHead 230.0 605.0 365.0 654.0
WheatHead 414.0 791.0 495.0 839.0
WheatHead 0.0 873.0 52.0 944.0
WheatHead 715.0 970.0 783.0 1014.0
WheatHead 136.0 671.0 251.0 770.0
WheatHead 430.0 905.0 521.0 943.0
WheatHead 96.0 649.0 178.0 711.0
WheatHead 868.0 622.0 927.0 669.0
WheatHead 343.0 555.0 439.0 617.0
WheatHead 828.0 213.0 903.0 268.0
WheatHead 348.0 512.0 450.0 600.0
WheatHead 207.0 579.0 282.0 613.0
WheatHead 526.0 518.0 586.0 576.0
WheatHead 139.0 589.0 214.0 641.0
WheatHead 655.0 634.0 787.0 692.0
WheatHead 415.0 688.0 482.0 727.0
WheatHead 850.0 497.0 936.0 546.0
WheatHead 331.0 680.0 414.0 727.0
WheatHead 537.0 680.0 639.0 748.0
