WheatHead 66.0 117.0 159.0 197.0
WheatHead 58.0 6.0 126.0 64.0
WheatHead 509.0 561.0 589.0 634.0
WheatHead 850.0 473.0 935.0 567.0
WheatHead 958.0 170.0 1006.0 274.0
WheatHead 229.0 23.0 289.0 116.0
WheatHead 63.0 615.0 185.0 699.0
WheatHead 0.0 928.0 66.0 983.0
WheatHead 356.0 38.0 400.0 116.0
WheatHead 800.0 496.0 835.0 578.0
WheatHead 831.0 0.0 866.0 53.0
WheatHead 615.0 31.0 682.0 98.0
WheatHead 955.0 832.0 999.0 914.0
WheatHead 693.0 572.0 746.0 632.0
WheatHead 245.0 746.0 316.0 783.0
WheatHead 109.0 106.0 178.0 152.0
WheatHead 0.0 522.0 64.0 574.0
WheatHead 449.0 705.0 528.0 761.0
WheatHead 331.0 555.0 374.0 619.0
WheatHead 903.0 948.0 957.0 988.0
WheatHead 836.0 637.0 902.0 679.0
WheatHead 349.0 554.0 383.0 617.0
WheatHead 262.0 587.0 342.0 638.0
WheatHead 49.0 577.0 135.0 613.0
WheatHead 567.0 574.0 621.0 617.0
WheatHead 922.0 711.0 1020.0 764.0
WheatHead 574.0 301.0 629.0 364.0
WheatHead 584.0 270.0 673.0 308.0
WheatHead 546.0 476.0 604.0 546.0
WheatHead 8.0 387.0 60.0 438.0
WheatHead 718.0 902.0 786.0 959.0
WheatHead 483.0 262.0 533.0 303.0
WheatHead 572.0 0.0 667.0 39.0
WheatHead 785.0 622.0 841.0 678.0
WheatHead 86.0 1003.0 152.0 1022.0
WheatHead 0.0 75.0 60.0 116.0
WheatHead 451.0 637.0 524.0 694.0
WheatHead 802.0 320.0 843.0 379.0
WheatHead 492.0 393.0 553.0 426.0
WheatHead 585.0 654.0 667.0 722.0
WheatHead 973.0 623.0 1024.0 684.0
WheatHead 359.0 490.0 413.0 554.0
WheatHead 763.0 357.0 817.0 402.0
WheatHead 771.0 675.0 827.0 730.0
WheatHead 602.0 507.0 652.0 558.0
WheatHead 522.0 963.0 578.0 1021.0
WheatHead 157.0 65.0 207.0 116.0
WheatHead 581.0 283.0 667.0 322.0
WheatHead 382.0 589.0 430.0 645.0
WheatHead 65.0 884.0 143.0 932.0
WheatHead 571.5999755859375 705.0999755859375 641.9000244140625 768.2000122070312
WheatHead 811.0 563.0 853.0 596.0
WheatHead 954.0 687.0 1024.0 742.0
WheatHead 677.0 540.0 722.0 576.0
WheatHead 0.0 79.0 46.0 122.0
WheatHead 308.0 239.0 401.0 311.0
WheatHead 562.0 540.0 619.0 580.0
WheatHead 679.0 229.0 752.0 258.0
WheatHead 686.0 214.0 760.0 238.0
WheatHead 704.0 250.0 782.0 288.0
WheatHead 0.0 669.0 28.0 712.0
WheatHead 161.0 39.0 210.0 79.0
WheatHead 152.0 954.0 222.0 994.0
WheatHead 268.0 259.0 381.0 334.0
WheatHead 359.0 0.0 425.0 26.0
WheatHead 977.0 874.0 1024.0 940.0
WheatHead 725.0 668.0 775.0 744.0
