WheatHead 197.0 150.0 313.0 316.0
WheatHead 336.0 257.0 404.0 340.0
WheatHead 423.0 276.0 474.0 329.0
WheatHead 410.0 133.0 484.0 247.0
WheatHead 537.0 105.0 605.0 238.0
WheatHead 522.0 227.0 624.0 325.0
WheatHead 615.0 118.0 671.0 204.0
WheatHead 744.0 180.0 829.0 268.0
WheatHead 859.0 223.0 929.0 326.0
WheatHead 905.0 249.0 982.0 342.0
WheatHead 860.0 381.0 927.0 436.0
WheatHead 890.0 534.0 980.0 688.0
WheatHead 740.0 683.0 825.0 761.0
WheatHead 748.0 755.0 800.0 823.0
WheatHead 819.0 765.0 894.0 884.0
WheatHead 833.0 725.0 899.0 783.0
WheatHead 690.0 503.0 770.0 632.0
WheatHead 646.0 630.0 703.0 690.0
WheatHead 560.0 524.0 653.0 620.0
WheatHead 372.0 565.0 549.0 680.0
WheatHead 277.0 606.0 358.0 699.0
WheatHead 351.0 716.0 500.0 784.0
WheatHead 623.0 817.0 686.0 882.0
WheatHead 568.0 855.0 624.0 926.0
WheatHead 788.0 974.0 864.0 1024.0
WheatHead 789.0 889.0 855.0 976.0
WheatHead 869.0 904.0 930.0 978.0
WheatHead 542.0 963.0 601.0 1024.0
WheatHead 414.0 965.0 464.0 1024.0
WheatHead 273.0 886.0 339.0 944.0
WheatHead 200.0 757.0 281.0 837.0
WheatHead 86.0 736.0 180.0 848.0
WheatHead 160.0 496.0 219.0 632.0
WheatHead 105.0 516.0 152.0 605.0
WheatHead 109.0 419.0 189.0 481.0
WheatHead 137.0 348.0 221.0 407.0
WheatHead 230.0 363.0 281.0 441.0
WheatHead 272.0 441.0 328.0 523.0
WheatHead 392.0 451.0 484.0 523.0
WheatHead 488.0 422.0 537.0 482.0
WheatHead 365.0 357.0 411.0 429.0
WheatHead 404.0 367.0 464.0 437.0
WheatHead 67.0 126.0 164.0 199.0
WheatHead 0.0 185.0 71.0 257.0
WheatHead 92.0 27.0 149.0 90.0
WheatHead 206.0 62.0 324.0 116.0
WheatHead 326.0 94.0 382.0 153.0
WheatHead 213.0 0.0 269.0 49.0
WheatHead 955.0 0.0 1021.0 77.0
WheatHead 29.0 840.0 77.0 938.0
WheatHead 465.0 679.0 548.0 727.0
WheatHead 554.0 735.0 612.0 778.0
WheatHead 820.0 508.0 943.0 602.0
WheatHead 776.0 487.0 865.0 548.0
