WheatHead 6.0 363.0 86.0 437.0
WheatHead 40.0 443.0 118.0 548.0
WheatHead 0.0 837.0 38.0 1016.0
WheatHead 154.0 847.0 224.0 922.0
WheatHead 185.0 714.0 264.0 815.0
WheatHead 279.0 763.0 358.0 829.0
WheatHead 301.0 860.0 381.0 927.0
WheatHead 384.0 896.0 453.0 959.0
WheatHead 382.0 975.0 452.0 1024.0
WheatHead 702.0 899.0 791.0 1024.0
WheatHead 818.0 691.0 884.0 744.0
WheatHead 897.0 544.0 1024.0 656.0
WheatHead 960.0 668.0 1020.0 731.0
WheatHead 617.0 552.0 680.0 651.0
WheatHead 680.0 627.0 772.0 698.0
WheatHead 197.0 314.0 309.0 374.0
WheatHead 159.0 66.0 239.0 137.0
WheatHead 425.0 0.0 543.0 38.0
WheatHead 712.0 63.0 780.0 150.0
WheatHead 780.0 133.0 860.0 268.0
WheatHead 631.0 223.0 721.0 301.0
WheatHead 541.0 329.0 620.0 417.0
WheatHead 430.0 156.0 500.0 227.0
WheatHead 264.0 373.0 388.0 458.0
WheatHead 273.0 432.0 367.0 535.0
WheatHead 359.0 541.0 449.0 658.0
WheatHead 486.0 501.0 559.0 595.0
WheatHead 686.0 512.0 780.0 575.0
WheatHead 761.0 462.0 838.0 549.0
WheatHead 638.0 391.0 703.0 466.0
WheatHead 766.0 310.0 830.0 417.0
WheatHead 819.0 393.0 867.0 444.0
WheatHead 900.0 393.0 942.0 507.0
WheatHead 680.0 802.0 761.0 866.0
WheatHead 799.0 964.0 866.0 1021.0
WheatHead 949.0 37.0 1024.0 106.0
WheatHead 627.0 0.0 691.0 32.0
WheatHead 203.0 491.0 271.0 558.0
WheatHead 737.0 388.0 795.0 443.0
WheatHead 620.0 302.0 700.0 366.0
WheatHead 370.0 679.0 442.0 738.0
WheatHead 371.0 751.0 411.0 811.0
