WheatHead 256.0 765.0 376.0 867.0
WheatHead 949.0 832.0 1024.0 988.0
WheatHead 230.0 128.0 335.0 243.0
WheatHead 627.0 604.0 737.0 727.0
WheatHead 576.0 860.0 724.0 995.0
WheatHead 256.0 250.0 394.0 348.0
WheatHead 793.0 325.0 949.0 494.0
WheatHead 727.0 253.0 852.0 368.0
WheatHead 102.0 327.0 248.0 468.0
WheatHead 714.0 898.0 826.0 1005.0
WheatHead 117.0 0.0 222.0 104.0
WheatHead 880.0 125.0 972.0 212.0
WheatHead 645.0 373.0 780.0 504.0
WheatHead 872.0 61.0 988.0 135.0
WheatHead 12.0 66.0 117.0 199.0
WheatHead 855.0 870.0 941.0 1003.0
WheatHead 2.0 0.0 94.0 15.0
WheatHead 612.0 0.0 714.0 63.0
