WheatHead 0.0 0.0 4.0 6.0
WheatHead 4.0 64.0 105.0 142.0
WheatHead 99.0 231.0 166.0 282.0
WheatHead 307.0 166.0 373.0 226.0
WheatHead 314.0 24.0 424.0 117.0
WheatHead 451.0 36.0 564.0 138.0
WheatHead 644.0 154.0 725.0 229.0
WheatHead 593.0 199.0 652.0 255.0
WheatHead 685.0 103.0 760.0 168.0
WheatHead 622.0 13.0 703.0 78.0
WheatHead 774.0 35.0 826.0 116.0
WheatHead 364.0 244.0 454.0 318.0
WheatHead 388.0 342.0 456.0 421.0
WheatHead 303.0 393.0 362.0 472.0
WheatHead 198.0 453.0 269.0 521.0
WheatHead 132.0 370.0 230.0 442.0
WheatHead 37.0 334.0 118.0 397.0
WheatHead 45.0 489.0 153.0 640.0
WheatHead 516.0 311.0 607.0 372.0
WheatHead 628.0 287.0 707.0 358.0
WheatHead 605.0 404.0 728.0 498.0
WheatHead 608.0 503.0 689.0 574.0
WheatHead 748.0 519.0 823.0 606.0
WheatHead 733.0 620.0 797.0 685.0
WheatHead 846.0 518.0 943.0 610.0
WheatHead 821.0 237.0 892.0 325.0
WheatHead 878.0 330.0 989.0 407.0
WheatHead 892.0 52.0 973.0 167.0
WheatHead 0.0 742.0 53.0 846.0
WheatHead 84.0 741.0 164.0 803.0
WheatHead 117.0 811.0 194.0 864.0
WheatHead 167.0 862.0 243.0 921.0
WheatHead 37.0 950.0 211.0 1024.0
WheatHead 220.0 967.0 278.0 1024.0
WheatHead 352.0 939.0 427.0 1004.0
WheatHead 422.0 734.0 499.0 805.0
WheatHead 251.0 667.0 334.0 748.0
WheatHead 396.0 661.0 485.0 726.0
WheatHead 554.0 725.0 647.0 813.0
WheatHead 686.0 718.0 759.0 789.0
WheatHead 708.0 822.0 768.0 898.0
WheatHead 769.0 825.0 831.0 890.0
WheatHead 627.0 834.0 699.0 911.0
WheatHead 845.0 715.0 937.0 811.0
WheatHead 922.0 801.0 1024.0 885.0
WheatHead 919.0 628.0 982.0 695.0
WheatHead 951.0 439.0 1024.0 525.0
WheatHead 917.0 234.0 1018.0 296.0
WheatHead 411.0 537.0 468.0 589.0
WheatHead 3.0 149.0 85.0 209.0
WheatHead 704.0 974.0 769.0 1024.0
WheatHead 802.0 989.0 880.0 1024.0
WheatHead 561.0 472.0 627.0 526.0
WheatHead 105.0 604.0 193.0 675.0
