WheatHead 816.0 45.0 923.0 135.0
WheatHead 570.0 15.0 704.0 99.0
WheatHead 273.0 857.0 366.0 967.0
WheatHead 645.0 317.0 770.0 396.0
WheatHead 732.0 437.0 865.0 517.0
WheatHead 194.0 69.0 266.0 148.0
WheatHead 768.0 560.0 883.0 647.0
WheatHead 122.0 509.0 199.0 591.0
WheatHead 614.0 770.0 768.0 865.0
WheatHead 901.0 243.0 993.0 309.0
WheatHead 235.0 596.0 409.0 683.0
WheatHead 711.0 634.0 783.0 691.0
WheatHead 476.0 122.0 573.0 184.0
WheatHead 12.0 427.0 74.0 514.0
WheatHead 576.0 663.0 683.0 762.0
WheatHead 5.0 179.0 84.0 248.0
WheatHead 701.0 714.0 814.0 801.0
WheatHead 327.0 701.0 458.0 780.0
WheatHead 261.0 94.0 407.0 215.0
WheatHead 0.0 719.0 43.0 808.0
WheatHead 412.0 0.0 499.0 2.0
WheatHead 448.0 391.0 599.0 512.0
WheatHead 89.0 0.0 189.0 43.0
WheatHead 501.0 744.0 593.0 806.0
WheatHead 709.0 197.0 791.0 261.0
WheatHead 64.0 832.0 135.0 893.0
WheatHead 471.0 174.0 591.0 240.0
WheatHead 0.0 156.0 5.0 248.0
WheatHead 668.0 947.0 744.0 1011.0
WheatHead 768.0 888.0 872.0 970.0
WheatHead 76.0 279.0 158.0 348.0
WheatHead 442.0 499.0 532.0 558.0
WheatHead 906.0 376.0 1021.0 435.0
WheatHead 344.0 408.0 424.0 457.0
WheatHead 681.0 24.0 742.0 75.0
WheatHead 202.0 652.0 296.0 716.0
WheatHead 545.0 944.0 650.0 1016.0
WheatHead 56.0 43.0 148.0 102.0
WheatHead 373.0 760.0 481.0 819.0
WheatHead 913.0 611.0 1021.0 698.0
WheatHead 0.0 793.0 61.0 872.0
WheatHead 207.0 939.0 307.0 1024.0
WheatHead 816.0 678.0 924.0 757.0
WheatHead 465.0 977.0 555.0 1024.0
WheatHead 875.0 655.0 967.0 711.0
WheatHead 512.0 832.0 634.0 893.0
WheatHead 199.0 394.0 276.0 458.0
WheatHead 217.0 893.0 279.0 952.0
WheatHead 954.0 504.0 1024.0 573.0
WheatHead 348.0 506.0 458.0 552.0
WheatHead 555.0 514.0 647.0 588.0
WheatHead 506.0 599.0 599.0 642.0
WheatHead 422.0 593.0 501.0 632.0
WheatHead 399.0 834.0 532.0 898.0
WheatHead 539.0 979.0 629.0 1024.0
WheatHead 926.0 949.0 1024.0 1021.0
WheatHead 199.0 573.0 248.0 665.0
WheatHead 291.0 532.0 355.0 596.0
WheatHead 970.0 460.0 1024.0 512.0
WheatHead 965.0 309.0 1024.0 371.0
WheatHead 122.0 235.0 184.0 286.0
WheatHead 846.0 780.0 975.0 876.0
WheatHead 1.0 499.0 45.0 570.0
