WheatHead 25.0 689.0 124.0 759.0
WheatHead 753.0 547.0 827.0 629.0
WheatHead 263.0 663.0 317.0 794.0
WheatHead 501.0 774.0 569.0 845.0
WheatHead 334.0 79.0 431.0 154.0
WheatHead 898.0 30.0 974.0 87.0
WheatHead 156.0 540.0 238.0 616.0
WheatHead 755.0 417.0 798.0 513.0
WheatHead 357.0 202.0 449.0 295.0
WheatHead 572.0 282.0 652.0 341.0
WheatHead 318.0 39.0 398.0 96.0
WheatHead 371.0 339.0 424.0 412.0
WheatHead 726.0 335.0 764.0 425.0
WheatHead 0.0 806.0 55.0 891.0
WheatHead 208.0 445.0 281.0 517.0
WheatHead 0.0 412.0 68.0 496.0
WheatHead 951.0 153.0 999.0 249.0
WheatHead 604.0 904.0 677.0 965.0
WheatHead 914.0 370.0 1016.0 438.0
WheatHead 555.0 344.0 653.0 413.0
WheatHead 111.0 1.0 196.0 65.0
WheatHead 43.0 498.0 118.0 602.0
WheatHead 444.0 650.0 530.0 710.0
WheatHead 0.0 580.0 94.0 686.0
WheatHead 929.0 891.0 975.0 949.0
WheatHead 950.0 825.0 1024.0 889.0
WheatHead 804.0 10.0 858.0 62.0
WheatHead 659.0 849.0 722.0 922.0
WheatHead 524.0 132.0 595.0 230.0
WheatHead 741.0 129.0 810.0 197.0
WheatHead 658.0 329.0 697.0 387.0
WheatHead 372.0 973.0 409.0 1024.0
WheatHead 600.0 665.0 674.0 727.0
WheatHead 699.0 835.0 767.0 887.0
WheatHead 99.0 581.0 161.0 668.0
WheatHead 821.0 973.0 878.0 1018.0
WheatHead 271.0 259.0 322.0 305.0
WheatHead 447.0 929.0 509.0 989.0
WheatHead 879.0 966.0 954.0 1010.0
WheatHead 641.0 91.0 697.0 190.0
WheatHead 813.0 904.0 873.0 981.0
WheatHead 771.0 879.0 817.0 942.0
WheatHead 780.0 348.0 845.0 401.0
WheatHead 203.0 498.0 251.0 539.0
WheatHead 0.0 120.0 52.0 174.0
WheatHead 587.0 688.0 629.0 744.0
WheatHead 0.0 545.0 63.0 600.0
WheatHead 281.0 54.0 338.0 83.0
WheatHead 145.0 631.0 190.0 692.0
WheatHead 585.0 409.0 642.0 549.0
WheatHead 478.0 344.0 533.0 402.0
WheatHead 887.0 813.0 950.0 878.0
WheatHead 523.0 660.0 581.0 724.0
WheatHead 322.0 809.0 392.0 863.0
