WheatHead 878.0 830.0 1008.0 940.0
WheatHead 807.0 313.0 922.0 418.0
WheatHead 258.0 762.0 440.0 870.0
WheatHead 141.0 10.0 223.0 120.0
WheatHead 315.0 693.0 476.0 768.0
WheatHead 56.0 0.0 135.0 48.0
WheatHead 703.0 531.0 797.0 628.0
WheatHead 600.0 568.0 701.0 662.0
WheatHead 762.0 51.0 841.0 132.0
WheatHead 276.0 343.0 399.0 527.0
WheatHead 845.0 695.0 922.0 761.0
WheatHead 410.0 321.0 499.0 450.0
WheatHead 87.0 803.0 168.0 883.0
WheatHead 455.0 936.0 637.0 1024.0
WheatHead 761.0 940.0 848.0 1024.0
WheatHead 975.0 614.0 1024.0 696.0
WheatHead 153.0 759.0 230.0 818.0
WheatHead 719.0 325.0 789.0 390.0
WheatHead 0.0 848.0 138.0 939.0
WheatHead 611.0 980.0 696.0 1024.0
WheatHead 2.0 46.0 125.0 163.0
WheatHead 478.0 319.0 581.0 435.0
