WheatHead 38.0 547.0 138.0 634.0
WheatHead 266.0 181.0 363.0 268.0
WheatHead 958.0 80.0 1024.0 132.0
WheatHead 732.0 348.0 924.0 432.0
WheatHead 20.0 0.0 135.0 53.0
WheatHead 512.0 479.0 702.0 674.0
WheatHead 422.0 294.0 530.0 429.0
WheatHead 488.0 261.0 586.0 325.0
WheatHead 501.0 143.0 591.0 222.0
WheatHead 32.0 472.0 103.0 542.0
WheatHead 614.0 266.0 768.0 330.0
WheatHead 910.0 117.0 993.0 190.0
WheatHead 570.0 46.0 724.0 130.0
WheatHead 302.0 10.0 384.0 81.0
WheatHead 880.0 775.0 988.0 957.0
WheatHead 42.0 843.0 163.0 992.0
WheatHead 15.0 688.0 87.0 806.0
WheatHead 483.0 808.0 565.0 957.0
WheatHead 0.0 862.0 56.0 983.0
WheatHead 770.0 747.0 860.0 837.0
WheatHead 563.0 174.0 678.0 245.0
WheatHead 714.0 256.0 942.0 340.0
WheatHead 401.0 61.0 476.0 125.0
WheatHead 419.0 0.0 540.0 37.0
WheatHead 371.0 204.0 465.0 286.0
WheatHead 81.0 425.0 165.0 520.0
WheatHead 0.0 292.0 39.0 390.0
WheatHead 670.0 547.0 780.0 614.0
WheatHead 283.0 852.0 361.0 972.0
WheatHead 391.0 151.0 468.0 248.0
WheatHead 588.0 888.0 691.0 983.0
WheatHead 632.0 780.0 709.0 867.0
WheatHead 0.0 227.0 76.0 296.0
WheatHead 586.0 81.0 655.0 153.0
WheatHead 499.0 5.0 599.0 53.0
WheatHead 936.0 28.0 1021.0 98.0
WheatHead 106.0 868.0 208.0 1019.0
WheatHead 262.0 856.0 336.0 1004.0
WheatHead 417.0 901.0 558.0 1024.0
WheatHead 724.0 939.0 803.0 1024.0
WheatHead 946.0 651.0 1024.0 743.0
WheatHead 342.0 925.0 412.0 1024.0
