WheatHead 12.0 263.0 85.0 331.0
WheatHead 4.0 328.0 72.0 399.0
WheatHead 75.0 380.0 143.0 460.0
WheatHead 0.0 466.0 71.0 564.0
WheatHead 164.0 528.0 237.0 621.0
WheatHead 245.0 613.0 340.0 742.0
WheatHead 2.0 960.0 85.0 1024.0
WheatHead 203.0 927.0 301.0 1024.0
WheatHead 129.0 826.0 227.0 896.0
WheatHead 150.0 782.0 260.0 868.0
WheatHead 267.0 764.0 348.0 826.0
WheatHead 290.0 844.0 365.0 921.0
WheatHead 903.0 1002.0 996.0 1024.0
WheatHead 709.0 968.0 792.0 1024.0
WheatHead 762.0 908.0 841.0 978.0
WheatHead 628.0 817.0 726.0 899.0
WheatHead 749.0 796.0 826.0 864.0
WheatHead 772.0 725.0 839.0 790.0
WheatHead 638.0 665.0 704.0 711.0
WheatHead 664.0 713.0 733.0 768.0
WheatHead 403.0 758.0 475.0 822.0
WheatHead 372.0 809.0 431.0 871.0
WheatHead 726.0 651.0 820.0 719.0
WheatHead 743.0 634.0 803.0 674.0
WheatHead 433.0 487.0 560.0 593.0
WheatHead 250.0 482.0 323.0 554.0
WheatHead 221.0 341.0 316.0 479.0
WheatHead 366.0 387.0 437.0 452.0
WheatHead 240.0 241.0 332.0 303.0
WheatHead 350.0 173.0 446.0 309.0
WheatHead 80.0 144.0 214.0 230.0
WheatHead 56.0 71.0 120.0 199.0
WheatHead 535.0 166.0 644.0 271.0
WheatHead 560.0 344.0 658.0 408.0
WheatHead 746.0 252.0 832.0 312.0
WheatHead 771.0 183.0 851.0 233.0
WheatHead 892.0 56.0 985.0 131.0
WheatHead 859.0 153.0 941.0 254.0
WheatHead 932.0 206.0 1008.0 263.0
WheatHead 927.0 281.0 1016.0 348.0
WheatHead 863.0 349.0 961.0 426.0
WheatHead 846.0 425.0 918.0 517.0
WheatHead 917.0 516.0 975.0 584.0
WheatHead 921.0 731.0 1002.0 799.0
WheatHead 876.0 803.0 935.0 907.0
WheatHead 935.0 828.0 985.0 892.0
WheatHead 860.0 564.0 952.0 691.0
WheatHead 687.0 451.0 762.0 528.0
WheatHead 559.0 418.0 649.0 515.0
WheatHead 531.0 464.0 610.0 560.0
WheatHead 854.0 270.0 896.0 328.0
