WheatHead 135.0 963.0 244.0 1024.0
WheatHead 240.0 1002.0 334.0 1024.0
WheatHead 697.0 868.0 787.0 961.0
WheatHead 195.0 770.0 395.0 880.0
WheatHead 379.0 758.0 462.0 846.0
WheatHead 0.0 777.0 35.0 874.0
WheatHead 559.0 677.0 669.0 760.0
WheatHead 630.0 586.0 710.0 663.0
WheatHead 557.0 523.0 630.0 610.0
WheatHead 709.0 466.0 870.0 553.0
WheatHead 379.0 454.0 478.0 551.0
WheatHead 951.0 870.0 1024.0 943.0
WheatHead 82.0 502.0 186.0 572.0
WheatHead 151.0 435.0 267.0 502.0
WheatHead 188.0 307.0 253.0 391.0
WheatHead 190.0 216.0 265.0 293.0
WheatHead 179.0 132.0 305.0 234.0
WheatHead 0.0 106.0 96.0 210.0
WheatHead 253.0 0.0 356.0 112.0
WheatHead 484.0 84.0 579.0 175.0
WheatHead 614.0 145.0 722.0 287.0
WheatHead 519.0 330.0 624.0 453.0
WheatHead 793.0 238.0 902.0 348.0
WheatHead 902.0 340.0 1024.0 442.0
WheatHead 763.0 80.0 886.0 202.0
WheatHead 850.0 11.0 1002.0 100.0
WheatHead 458.0 868.0 535.0 939.0
