WheatHead 0.0 663.0 60.0 752.0
WheatHead 181.0 952.0 279.0 1024.0
WheatHead 885.0 486.0 972.0 668.0
WheatHead 115.0 514.0 214.0 619.0
WheatHead 252.0 573.0 357.0 674.0
WheatHead 350.0 122.0 471.0 240.0
WheatHead 837.0 373.0 952.0 510.0
WheatHead 171.0 811.0 248.0 919.0
WheatHead 89.0 84.0 200.0 264.0
WheatHead 416.0 367.0 545.0 485.0
WheatHead 363.0 585.0 488.0 659.0
WheatHead 468.0 46.0 668.0 176.0
WheatHead 336.0 243.0 426.0 323.0
WheatHead 412.0 256.0 491.0 399.0
WheatHead 719.0 975.0 803.0 1024.0
WheatHead 353.0 808.0 558.0 908.0
WheatHead 465.0 954.0 550.0 1024.0
WheatHead 341.0 1.0 483.0 144.0
WheatHead 0.0 327.0 125.0 427.0
WheatHead 778.0 547.0 899.0 618.0
WheatHead 28.0 296.0 125.0 363.0
WheatHead 717.0 450.0 865.0 621.0
WheatHead 48.0 2.0 168.0 102.0
WheatHead 453.0 734.0 535.0 926.0
WheatHead 248.0 491.0 299.0 568.0
WheatHead 517.0 906.0 606.0 1024.0
WheatHead 536.0 10.0 621.0 89.0
WheatHead 464.0 602.0 546.0 679.0
