WheatHead 225.0 826.0 304.0 931.0
WheatHead 793.0 324.0 907.0 453.0
WheatHead 181.0 527.0 280.0 605.0
WheatHead 275.0 129.0 345.0 203.0
WheatHead 705.0 505.0 790.0 598.0
WheatHead 678.0 780.0 775.0 867.0
WheatHead 58.0 619.0 174.0 701.0
WheatHead 734.0 74.0 821.0 140.0
WheatHead 911.0 135.0 1006.0 262.0
WheatHead 782.0 825.0 923.0 962.0
WheatHead 732.0 71.0 819.0 143.0
WheatHead 49.0 394.0 138.0 473.0
WheatHead 836.0 547.0 921.0 635.0
WheatHead 832.0 89.0 924.0 171.0
WheatHead 826.0 87.0 924.0 174.0
WheatHead 581.0 839.0 719.0 985.0
WheatHead 718.0 0.0 859.0 61.0
WheatHead 576.0 645.0 709.0 770.0
WheatHead 714.0 163.0 811.0 243.0
WheatHead 798.0 717.0 910.0 881.0
WheatHead 98.0 117.0 221.0 223.0
WheatHead 524.0 803.0 640.0 903.0
WheatHead 2.0 501.0 117.0 581.0
WheatHead 491.0 3.0 576.0 67.0
WheatHead 0.0 880.0 44.0 992.0
