WheatHead 681.0 733.0 764.0 828.0
WheatHead 969.0 253.0 1024.0 335.0
WheatHead 292.0 311.0 391.0 386.0
WheatHead 35.0 2.0 172.0 114.0
WheatHead 346.0 660.0 442.0 725.0
WheatHead 766.0 898.0 894.0 980.0
WheatHead 937.0 278.0 1022.0 356.0
WheatHead 622.0 200.0 714.0 301.0
WheatHead 791.0 853.0 881.0 911.0
WheatHead 454.0 195.0 555.0 304.0
WheatHead 522.0 920.0 622.0 981.0
WheatHead 311.0 244.0 413.0 335.0
WheatHead 607.0 412.0 697.0 529.0
WheatHead 60.0 360.0 161.0 445.0
WheatHead 577.0 868.0 683.0 941.0
WheatHead 636.0 584.0 757.0 653.0
WheatHead 748.0 555.0 846.0 637.0
WheatHead 901.0 822.0 1007.0 890.0
WheatHead 663.0 210.0 757.0 294.0
WheatHead 720.0 200.0 774.0 282.0
WheatHead 637.0 931.0 767.0 1007.0
WheatHead 858.0 166.0 947.0 252.0
WheatHead 750.0 337.0 846.0 391.0
WheatHead 851.0 281.0 993.0 361.0
WheatHead 247.0 119.0 315.0 225.0
WheatHead 714.0 417.0 793.0 470.0
WheatHead 674.0 630.0 750.0 727.0
WheatHead 347.0 551.0 487.0 615.0
WheatHead 43.0 221.0 128.0 337.0
WheatHead 703.0 61.0 800.0 159.0
WheatHead 445.0 60.0 519.0 118.0
WheatHead 97.0 962.0 217.0 1021.0
WheatHead 592.0 563.0 659.0 637.0
WheatHead 588.0 615.0 669.0 667.0
WheatHead 867.0 593.0 962.0 652.0
WheatHead 132.0 652.0 252.0 809.0
WheatHead 90.0 102.0 178.0 252.0
WheatHead 514.0 1.0 622.0 63.0
WheatHead 460.0 337.0 554.0 383.0
WheatHead 372.0 991.0 460.0 1022.0
WheatHead 307.0 940.0 439.0 987.0
WheatHead 360.0 245.0 432.0 322.0
WheatHead 738.0 122.0 826.0 219.0
WheatHead 815.0 999.0 902.0 1024.0
WheatHead 249.0 264.0 335.0 311.0
WheatHead 552.0 706.0 648.0 755.0
WheatHead 55.0 861.0 178.0 961.0
WheatHead 424.0 288.0 522.0 332.0
WheatHead 963.0 84.0 1008.0 118.0
WheatHead 41.0 395.0 146.0 451.0
WheatHead 172.0 785.0 234.0 873.0
WheatHead 757.0 641.0 877.0 688.0
WheatHead 890.0 845.0 1013.0 937.0
WheatHead 316.0 907.0 401.0 957.0
WheatHead 474.0 395.0 579.0 444.0
WheatHead 638.0 671.0 818.0 722.0
WheatHead 171.0 307.0 263.0 357.0
WheatHead 744.0 1.0 789.0 36.0
WheatHead 413.0 543.0 492.0 608.0
WheatHead 0.0 228.0 40.0 292.0
WheatHead 621.0 764.0 703.0 799.0
WheatHead 540.0 998.0 615.0 1022.0
WheatHead 345.0 864.0 395.0 918.0
WheatHead 895.0 984.0 998.0 1024.0
WheatHead 0.0 353.0 53.0 413.0
WheatHead 608.0 826.0 677.0 854.0
WheatHead 159.0 234.0 258.0 315.0
WheatHead 287.0 786.0 367.0 826.0
WheatHead 0.0 481.0 61.0 526.0
WheatHead 0.0 937.0 73.0 983.0
