WheatHead 738.0 473.0 806.0 562.0
WheatHead 436.0 419.0 518.0 532.0
WheatHead 0.0 6.0 72.0 83.0
WheatHead 107.0 114.0 197.0 188.0
WheatHead 0.0 281.0 79.0 383.0
WheatHead 457.0 942.0 554.0 1010.0
WheatHead 486.0 368.0 610.0 456.0
WheatHead 419.0 602.0 509.0 655.0
WheatHead 161.0 75.0 217.0 154.0
WheatHead 354.0 217.0 450.0 279.0
WheatHead 587.0 928.0 722.0 989.0
WheatHead 776.0 185.0 847.0 266.0
WheatHead 539.0 600.0 581.0 664.0
WheatHead 357.0 5.0 472.0 122.0
WheatHead 16.0 831.0 109.0 869.0
WheatHead 87.0 795.0 161.0 839.0
WheatHead 293.0 468.0 382.0 521.0
WheatHead 299.0 873.0 383.0 924.0
WheatHead 774.0 197.0 832.0 277.0
WheatHead 704.0 557.0 764.0 619.0
WheatHead 96.0 928.0 199.0 973.0
WheatHead 669.0 671.0 726.0 703.0
WheatHead 468.0 800.0 595.0 862.0
WheatHead 169.0 496.0 234.0 533.0
WheatHead 338.0 617.0 402.0 658.0
WheatHead 537.0 734.0 625.0 785.0
WheatHead 393.0 539.0 469.0 587.0
WheatHead 0.0 719.0 53.0 744.0
WheatHead 819.0 591.0 883.0 641.0
WheatHead 0.0 791.0 16.0 836.0
WheatHead 50.0 557.0 113.0 599.0
WheatHead 929.0 454.0 995.0 539.0
WheatHead 902.0 935.0 969.0 981.0
WheatHead 383.0 673.0 409.0 755.0
WheatHead 636.0 461.0 690.0 516.0
WheatHead 872.0 564.0 989.0 621.0
WheatHead 858.0 524.0 903.0 554.0
WheatHead 797.0 632.0 882.0 688.0
WheatHead 159.0 2.0 208.0 45.0
WheatHead 435.0 902.0 483.0 931.0
WheatHead 393.0 634.0 468.0 671.0
WheatHead 928.0 208.0 983.0 266.0
WheatHead 0.0 942.0 78.0 1003.0
WheatHead 234.0 746.0 304.0 791.0
WheatHead 380.0 509.0 446.0 547.0
WheatHead 557.0 512.0 595.0 591.0
WheatHead 570.0 613.0 645.0 648.0
WheatHead 92.0 619.0 159.0 659.0
WheatHead 697.0 544.0 774.0 578.0
WheatHead 365.0 945.0 444.0 989.0
WheatHead 241.0 512.0 301.0 580.0
WheatHead 998.0 484.0 1024.0 559.0
WheatHead 814.0 959.0 890.0 1000.0
WheatHead 555.0 265.0 702.0 319.0
WheatHead 0.0 782.0 20.0 808.0
WheatHead 206.0 777.0 294.0 811.0
WheatHead 255.0 58.0 327.0 101.0
WheatHead 849.0 883.0 918.0 916.0
WheatHead 20.0 494.0 107.0 561.0
WheatHead 834.0 917.0 908.0 960.0
WheatHead 133.0 655.0 236.0 708.0
WheatHead 0.0 1008.0 15.0 1024.0
WheatHead 341.0 876.0 410.0 898.0
WheatHead 229.0 966.0 307.0 1006.0
WheatHead 398.0 703.0 491.0 744.0
WheatHead 522.0 778.0 621.0 843.0
WheatHead 109.0 225.0 157.0 256.0
WheatHead 632.0 588.0 710.0 644.0
WheatHead 312.0 705.0 386.0 731.0
WheatHead 787.0 843.0 876.0 884.0
WheatHead 267.0 940.0 360.0 976.0
WheatHead 451.0 873.0 495.0 909.0
WheatHead 714.0 143.0 776.0 234.0
WheatHead 333.0 954.0 393.0 1000.0
WheatHead 304.0 1.0 334.0 28.0
WheatHead 284.0 777.0 390.0 814.0
WheatHead 498.0 216.0 580.0 336.0
WheatHead 386.0 691.0 462.0 779.0
WheatHead 203.0 928.0 289.0 973.0
WheatHead 856.0 0.0 943.0 22.0
WheatHead 554.0 970.0 675.0 1016.0
WheatHead 32.0 463.0 122.0 553.0
WheatHead 992.0 866.0 1024.0 965.0
