WheatHead 378.0 59.0 497.0 167.0
WheatHead 560.0 458.0 678.0 555.0
WheatHead 227.0 371.0 353.0 476.0
WheatHead 253.0 665.0 345.0 757.0
WheatHead 587.0 860.0 676.0 981.0
WheatHead 384.0 632.0 486.0 721.0
WheatHead 488.0 519.0 591.0 616.0
WheatHead 371.0 683.0 481.0 821.0
WheatHead 678.0 69.0 778.0 150.0
WheatHead 192.0 166.0 304.0 289.0
WheatHead 454.0 900.0 576.0 1024.0
WheatHead 350.0 0.0 458.0 79.0
WheatHead 772.0 82.0 920.0 149.0
WheatHead 448.0 345.0 535.0 453.0
WheatHead 123.0 985.0 222.0 1024.0
WheatHead 139.0 903.0 254.0 977.0
WheatHead 353.0 232.0 437.0 322.0
WheatHead 458.0 181.0 535.0 261.0
