WheatHead 307.0 68.0 397.0 156.0
WheatHead 737.0 258.0 786.0 341.0
WheatHead 501.0 653.0 565.0 742.0
WheatHead 793.0 36.0 869.0 125.0
WheatHead 84.0 529.0 180.0 621.0
WheatHead 51.0 674.0 136.0 731.0
WheatHead 561.0 965.0 671.0 1024.0
WheatHead 517.0 577.0 562.0 673.0
WheatHead 471.0 891.0 536.0 981.0
WheatHead 618.0 742.0 685.0 853.0
WheatHead 966.0 215.0 1002.0 309.0
WheatHead 49.0 299.0 87.0 376.0
WheatHead 319.0 950.0 385.0 999.0
WheatHead 789.0 135.0 842.0 230.0
WheatHead 408.0 217.0 487.0 316.0
WheatHead 461.0 578.0 491.0 662.0
WheatHead 595.0 303.0 623.0 365.0
WheatHead 488.0 794.0 531.0 864.0
WheatHead 897.0 35.0 946.0 103.0
WheatHead 811.0 914.0 869.0 983.0
WheatHead 790.0 905.0 819.0 996.0
WheatHead 674.0 168.0 717.0 275.0
WheatHead 653.0 562.0 719.0 610.0
WheatHead 688.0 364.0 744.0 439.0
WheatHead 0.0 232.0 50.0 319.0
WheatHead 966.0 917.0 1007.0 983.0
WheatHead 0.0 910.0 20.0 998.0
WheatHead 214.0 397.0 241.0 479.0
WheatHead 2.0 907.0 36.0 998.0
WheatHead 611.0 488.0 647.0 603.0
WheatHead 734.0 469.0 846.0 527.0
WheatHead 51.0 475.0 81.0 578.0
WheatHead 409.0 202.0 534.0 260.0
WheatHead 23.0 122.0 79.0 169.0
WheatHead 959.0 570.0 1006.0 649.0
WheatHead 482.0 981.0 574.0 1024.0
WheatHead 847.0 869.0 902.0 920.0
WheatHead 775.0 902.0 805.0 992.0
WheatHead 943.0 13.0 1007.0 39.0
WheatHead 480.0 1.0 529.0 35.0
WheatHead 471.0 2.0 521.0 46.0
WheatHead 184.0 139.0 251.0 192.0
WheatHead 823.0 339.0 857.0 404.0
WheatHead 974.0 701.0 1022.0 734.0
WheatHead 668.0 646.0 843.0 732.0
WheatHead 991.0 574.0 1024.0 647.0
WheatHead 596.0 428.0 638.0 488.0
WheatHead 203.0 57.0 312.0 104.0
WheatHead 936.0 785.0 981.0 839.0
WheatHead 383.0 44.0 451.0 98.0
WheatHead 974.0 570.0 1017.0 647.0
WheatHead 736.0 585.0 791.0 631.0
WheatHead 828.0 633.0 876.0 692.0
WheatHead 329.0 741.0 392.0 797.0
WheatHead 372.0 0.0 423.0 39.0
WheatHead 524.0 177.0 567.0 228.0
WheatHead 935.0 125.0 996.0 174.0
WheatHead 724.0 229.0 768.0 284.0
WheatHead 791.0 224.0 835.0 265.0
WheatHead 293.0 787.0 352.0 837.0
WheatHead 146.0 867.0 250.0 929.0
WheatHead 551.0 867.0 629.0 920.0
WheatHead 550.0 908.0 605.0 952.0
WheatHead 996.0 869.0 1024.0 911.0
WheatHead 889.0 890.0 926.0 931.0
