WheatHead 92.0 288.0 220.0 373.0
WheatHead 0.0 331.0 55.0 395.0
WheatHead 0.0 432.0 66.0 503.0
WheatHead 0.0 165.0 70.0 223.0
WheatHead 148.0 102.0 222.0 168.0
WheatHead 296.0 90.0 413.0 148.0
WheatHead 440.0 8.0 520.0 70.0
WheatHead 534.0 0.0 645.0 59.0
WheatHead 606.0 0.0 758.0 68.0
WheatHead 595.0 60.0 720.0 138.0
WheatHead 598.0 129.0 709.0 245.0
WheatHead 920.0 66.0 1024.0 125.0
WheatHead 952.0 134.0 1024.0 225.0
WheatHead 806.0 225.0 940.0 403.0
WheatHead 937.0 299.0 1024.0 351.0
WheatHead 942.0 344.0 1024.0 396.0
WheatHead 422.0 204.0 553.0 261.0
WheatHead 530.0 89.0 575.0 202.0
WheatHead 328.0 246.0 418.0 309.0
WheatHead 485.0 269.0 602.0 324.0
WheatHead 453.0 318.0 539.0 381.0
WheatHead 448.0 381.0 557.0 426.0
WheatHead 475.0 402.0 556.0 499.0
WheatHead 653.0 318.0 703.0 381.0
WheatHead 714.0 336.0 781.0 422.0
WheatHead 804.0 414.0 875.0 471.0
WheatHead 863.0 418.0 927.0 492.0
WheatHead 830.0 475.0 940.0 557.0
WheatHead 720.0 262.0 791.0 316.0
WheatHead 862.0 585.0 989.0 668.0
WheatHead 733.0 638.0 889.0 709.0
WheatHead 565.0 564.0 631.0 606.0
WheatHead 531.0 620.0 604.0 672.0
WheatHead 609.0 643.0 672.0 688.0
WheatHead 643.0 746.0 699.0 823.0
WheatHead 825.0 754.0 961.0 825.0
WheatHead 354.0 669.0 417.0 728.0
WheatHead 426.0 702.0 533.0 763.0
WheatHead 310.0 746.0 440.0 817.0
WheatHead 467.0 793.0 544.0 852.0
WheatHead 534.0 772.0 595.0 836.0
WheatHead 417.0 871.0 512.0 931.0
WheatHead 367.0 896.0 422.0 945.0
WheatHead 296.0 834.0 365.0 904.0
WheatHead 773.0 912.0 864.0 974.0
WheatHead 912.0 959.0 990.0 1024.0
WheatHead 549.0 978.0 660.0 1024.0
WheatHead 434.0 990.0 501.0 1024.0
WheatHead 223.0 945.0 290.0 1015.0
WheatHead 0.0 938.0 64.0 999.0
WheatHead 26.0 657.0 100.0 718.0
WheatHead 29.0 728.0 107.0 785.0
WheatHead 93.0 609.0 180.0 675.0
WheatHead 168.0 563.0 247.0 628.0
WheatHead 178.0 441.0 245.0 522.0
WheatHead 247.0 429.0 317.0 497.0
WheatHead 287.0 489.0 351.0 539.0
WheatHead 0.0 30.0 45.0 114.0
WheatHead 32.0 0.0 108.0 47.0
WheatHead 0.0 501.0 62.0 561.0
WheatHead 589.0 245.0 699.0 311.0
WheatHead 933.0 714.0 1006.0 795.0
