WheatHead 0.0 34.0 43.0 120.0
WheatHead 30.0 0.0 96.0 113.0
WheatHead 29.0 99.0 98.0 168.0
WheatHead 0.0 124.0 48.0 238.0
WheatHead 38.0 210.0 116.0 291.0
WheatHead 100.0 42.0 160.0 133.0
WheatHead 147.0 41.0 211.0 132.0
WheatHead 1.0 871.0 96.0 987.0
WheatHead 38.0 476.0 271.0 554.0
WheatHead 287.0 184.0 357.0 365.0
WheatHead 418.0 349.0 478.0 405.0
WheatHead 314.0 485.0 403.0 581.0
WheatHead 233.0 574.0 377.0 678.0
WheatHead 129.0 803.0 204.0 881.0
WheatHead 210.0 804.0 435.0 932.0
WheatHead 246.0 897.0 377.0 1010.0
WheatHead 533.0 978.0 662.0 1024.0
WheatHead 617.0 900.0 764.0 1015.0
WheatHead 560.0 620.0 684.0 750.0
WheatHead 740.0 565.0 813.0 713.0
WheatHead 765.0 723.0 870.0 790.0
WheatHead 831.0 902.0 936.0 987.0
WheatHead 918.0 906.0 985.0 987.0
WheatHead 821.0 573.0 1016.0 716.0
WheatHead 945.0 443.0 1024.0 603.0
WheatHead 701.0 404.0 772.0 471.0
WheatHead 632.0 358.0 754.0 438.0
WheatHead 670.0 271.0 739.0 354.0
WheatHead 614.0 298.0 684.0 365.0
WheatHead 708.0 0.0 787.0 96.0
WheatHead 554.0 0.0 633.0 77.0
WheatHead 20.0 911.0 99.0 985.0
WheatHead 307.0 233.0 393.0 307.0
WheatHead 818.0 971.0 939.0 1024.0
WheatHead 41.0 738.0 93.0 779.0
