WheatHead 25.0 328.0 89.0 399.0
WheatHead 0.0 351.0 41.0 421.0
WheatHead 0.0 411.0 46.0 502.0
WheatHead 78.0 467.0 151.0 534.0
WheatHead 107.0 345.0 172.0 421.0
WheatHead 0.0 188.0 68.0 249.0
WheatHead 0.0 22.0 37.0 84.0
WheatHead 214.0 79.0 294.0 152.0
WheatHead 0.0 900.0 46.0 981.0
WheatHead 977.0 900.0 1024.0 991.0
WheatHead 884.0 900.0 979.0 978.0
WheatHead 782.0 909.0 871.0 973.0
WheatHead 727.0 969.0 797.0 1024.0
WheatHead 606.0 884.0 695.0 968.0
WheatHead 521.0 882.0 611.0 971.0
WheatHead 510.0 825.0 571.0 897.0
WheatHead 459.0 782.0 539.0 870.0
WheatHead 311.0 891.0 384.0 961.0
WheatHead 349.0 925.0 414.0 998.0
WheatHead 417.0 888.0 484.0 995.0
WheatHead 373.0 989.0 467.0 1024.0
WheatHead 701.0 764.0 786.0 837.0
WheatHead 479.0 714.0 558.0 795.0
WheatHead 954.0 751.0 1018.0 847.0
WheatHead 881.0 642.0 963.0 729.0
WheatHead 838.0 577.0 919.0 645.0
WheatHead 769.0 516.0 840.0 591.0
WheatHead 923.0 481.0 984.0 596.0
WheatHead 857.0 451.0 937.0 524.0
WheatHead 989.0 391.0 1024.0 511.0
WheatHead 911.0 391.0 989.0 471.0
WheatHead 96.0 643.0 179.0 733.0
WheatHead 172.0 678.0 263.0 779.0
WheatHead 181.0 615.0 256.0 686.0
WheatHead 344.0 595.0 440.0 673.0
WheatHead 558.0 528.0 644.0 610.0
WheatHead 393.0 421.0 475.0 521.0
WheatHead 497.0 451.0 575.0 515.0
WheatHead 492.0 365.0 575.0 455.0
WheatHead 599.0 362.0 694.0 466.0
WheatHead 652.0 328.0 728.0 396.0
WheatHead 697.0 358.0 794.0 428.0
WheatHead 577.0 451.0 661.0 516.0
WheatHead 622.0 242.0 694.0 322.0
WheatHead 555.0 311.0 626.0 384.0
WheatHead 298.0 248.0 377.0 360.0
WheatHead 666.0 190.0 733.0 245.0
WheatHead 533.0 146.0 600.0 206.0
WheatHead 692.0 148.0 762.0 205.0
WheatHead 790.0 230.0 860.0 297.0
WheatHead 503.0 12.0 649.0 101.0
WheatHead 282.0 26.0 346.0 83.0
WheatHead 659.0 3.0 711.0 60.0
WheatHead 986.0 0.0 1024.0 54.0
WheatHead 922.0 0.0 994.0 53.0
WheatHead 628.0 528.0 686.0 584.0
WheatHead 828.0 539.0 889.0 609.0
WheatHead 0.0 0.0 68.0 34.0
WheatHead 180.0 0.0 255.0 31.0
WheatHead 481.0 0.0 576.0 24.0
WheatHead 804.0 0.0 851.0 20.0
WheatHead 856.0 0.0 898.0 17.0
WheatHead 901.0 26.0 977.0 86.0
