WheatHead 94.0 384.0 230.0 476.0
WheatHead 424.0 130.0 542.0 230.0
WheatHead 166.0 814.0 263.0 906.0
WheatHead 960.0 673.0 1024.0 778.0
WheatHead 494.0 504.0 591.0 619.0
WheatHead 737.0 829.0 824.0 923.0
WheatHead 53.0 23.0 120.0 102.0
WheatHead 181.0 166.0 261.0 250.0
WheatHead 750.0 703.0 839.0 785.0
WheatHead 536.0 203.0 600.0 308.0
WheatHead 186.0 289.0 294.0 368.0
WheatHead 960.0 263.0 1024.0 343.0
WheatHead 565.0 701.0 711.0 826.0
WheatHead 471.0 737.0 576.0 814.0
WheatHead 130.0 506.0 268.0 586.0
WheatHead 775.0 0.0 857.0 92.0
WheatHead 399.0 791.0 471.0 908.0
WheatHead 350.0 289.0 430.0 360.0
WheatHead 330.0 678.0 481.0 783.0
WheatHead 583.0 320.0 706.0 514.0
WheatHead 381.0 0.0 506.0 120.0
WheatHead 847.0 903.0 942.0 1003.0
WheatHead 363.0 573.0 435.0 696.0
WheatHead 112.0 622.0 248.0 739.0
WheatHead 639.0 220.0 723.0 287.0
WheatHead 87.0 699.0 163.0 863.0
WheatHead 212.0 906.0 284.0 995.0
WheatHead 304.0 750.0 389.0 970.0
WheatHead 699.0 357.0 758.0 442.0
WheatHead 412.0 545.0 478.0 599.0
WheatHead 263.0 680.0 330.0 750.0
WheatHead 668.0 258.0 747.0 322.0
WheatHead 960.0 844.0 1024.0 944.0
WheatHead 724.0 616.0 791.0 678.0
WheatHead 10.0 263.0 120.0 355.0
WheatHead 48.0 506.0 179.0 665.0
WheatHead 2.0 128.0 168.0 230.0
WheatHead 476.0 0.0 542.0 151.0
WheatHead 686.0 135.0 750.0 204.0
WheatHead 952.0 893.0 1024.0 998.0
WheatHead 271.0 542.0 335.0 683.0
WheatHead 40.0 186.0 122.0 279.0
WheatHead 0.0 838.0 50.0 900.0
WheatHead 320.0 962.0 394.0 1024.0
WheatHead 53.0 112.0 125.0 296.0
WheatHead 570.0 458.0 680.0 527.0
WheatHead 1021.0 704.0 1024.0 762.0
WheatHead 573.0 742.0 670.0 860.0
WheatHead 335.0 599.0 384.0 693.0
WheatHead 0.0 496.0 27.0 622.0
WheatHead 176.0 642.0 248.0 711.0
WheatHead 407.0 855.0 468.0 970.0
