WheatHead 931.0 900.0 1018.0 1020.0
WheatHead 806.0 719.0 920.0 837.0
WheatHead 427.0 30.0 576.0 191.0
WheatHead 227.0 245.0 307.0 363.0
WheatHead 148.0 2.0 261.0 140.0
WheatHead 28.0 312.0 211.0 452.0
WheatHead 739.0 883.0 826.0 1016.0
WheatHead 871.0 387.0 969.0 538.0
WheatHead 701.0 179.0 773.0 442.0
WheatHead 431.0 707.0 510.0 807.0
WheatHead 581.0 522.0 709.0 639.0
WheatHead 273.0 171.0 386.0 296.0
WheatHead 946.0 458.0 1024.0 647.0
WheatHead 442.0 281.0 564.0 465.0
WheatHead 432.0 547.0 545.0 686.0
WheatHead 1.0 168.0 132.0 266.0
WheatHead 10.0 427.0 155.0 654.0
WheatHead 228.0 446.0 323.0 595.0
WheatHead 514.0 295.0 621.0 437.0
WheatHead 435.0 221.0 535.0 326.0
WheatHead 2.0 696.0 145.0 837.0
WheatHead 729.0 151.0 890.0 286.0
WheatHead 253.0 343.0 358.0 479.0
WheatHead 519.0 944.0 655.0 1024.0
WheatHead 460.0 645.0 570.0 770.0
WheatHead 2.0 647.0 181.0 778.0
WheatHead 769.0 777.0 856.0 847.0
WheatHead 217.0 398.0 310.0 469.0
WheatHead 660.0 204.0 714.0 379.0
WheatHead 0.0 947.0 72.0 1024.0
WheatHead 968.0 172.0 1024.0 255.0
WheatHead 522.0 204.0 608.0 317.0
