WheatHead 0.0 134.0 86.0 220.0
WheatHead 38.0 46.0 119.0 139.0
WheatHead 82.0 0.0 153.0 77.0
WheatHead 47.0 0.0 92.0 35.0
WheatHead 186.0 0.0 363.0 43.0
WheatHead 133.0 120.0 216.0 160.0
WheatHead 211.0 117.0 291.0 233.0
WheatHead 114.0 185.0 197.0 224.0
WheatHead 121.0 224.0 185.0 279.0
WheatHead 75.0 258.0 122.0 314.0
WheatHead 87.0 309.0 162.0 374.0
WheatHead 166.0 249.0 256.0 387.0
WheatHead 0.0 314.0 53.0 386.0
WheatHead 52.0 615.0 119.0 779.0
WheatHead 91.0 623.0 148.0 725.0
WheatHead 150.0 615.0 187.0 667.0
WheatHead 105.0 493.0 167.0 528.0
WheatHead 139.0 485.0 257.0 579.0
WheatHead 51.0 516.0 101.0 590.0
WheatHead 0.0 475.0 71.0 566.0
WheatHead 16.0 981.0 137.0 1024.0
WheatHead 160.0 860.0 271.0 918.0
WheatHead 225.0 868.0 299.0 927.0
WheatHead 220.0 899.0 295.0 978.0
WheatHead 786.0 0.0 870.0 61.0
WheatHead 694.0 0.0 780.0 62.0
WheatHead 624.0 3.0 692.0 85.0
WheatHead 679.0 111.0 790.0 181.0
WheatHead 367.0 97.0 442.0 226.0
WheatHead 777.0 40.0 897.0 161.0
WheatHead 926.0 0.0 1024.0 43.0
WheatHead 854.0 231.0 946.0 291.0
WheatHead 999.0 226.0 1024.0 340.0
WheatHead 1004.0 377.0 1024.0 459.0
WheatHead 861.0 327.0 988.0 414.0
WheatHead 944.0 414.0 1011.0 498.0
WheatHead 1001.0 467.0 1024.0 558.0
WheatHead 852.0 427.0 912.0 489.0
WheatHead 825.0 445.0 927.0 547.0
WheatHead 707.0 392.0 771.0 481.0
WheatHead 559.0 470.0 671.0 562.0
WheatHead 704.0 284.0 783.0 348.0
WheatHead 764.0 742.0 845.0 807.0
WheatHead 593.0 706.0 707.0 862.0
WheatHead 706.0 794.0 762.0 846.0
WheatHead 764.0 833.0 818.0 897.0
WheatHead 828.0 840.0 899.0 925.0
WheatHead 893.0 852.0 932.0 901.0
WheatHead 693.0 944.0 743.0 1003.0
WheatHead 622.0 970.0 686.0 1024.0
WheatHead 516.0 855.0 557.0 897.0
