WheatHead 28.0 26.0 140.0 102.0
WheatHead 0.0 206.0 57.0 294.0
WheatHead 44.0 288.0 138.0 376.0
WheatHead 110.0 185.0 172.0 270.0
WheatHead 298.0 184.0 381.0 311.0
WheatHead 371.0 62.0 443.0 169.0
WheatHead 276.0 64.0 351.0 137.0
WheatHead 257.0 0.0 323.0 62.0
WheatHead 58.0 0.0 119.0 34.0
WheatHead 149.0 0.0 217.0 54.0
WheatHead 591.0 0.0 679.0 50.0
WheatHead 931.0 87.0 988.0 172.0
WheatHead 947.0 9.0 1012.0 71.0
WheatHead 847.0 26.0 914.0 99.0
WheatHead 784.0 138.0 842.0 225.0
WheatHead 538.0 269.0 641.0 335.0
WheatHead 515.0 366.0 595.0 418.0
WheatHead 559.0 432.0 644.0 497.0
WheatHead 429.0 420.0 495.0 492.0
WheatHead 740.0 377.0 804.0 453.0
WheatHead 778.0 337.0 860.0 398.0
WheatHead 718.0 287.0 786.0 354.0
WheatHead 745.0 251.0 827.0 309.0
WheatHead 882.0 295.0 948.0 392.0
WheatHead 967.0 352.0 1024.0 425.0
WheatHead 964.0 445.0 1024.0 514.0
WheatHead 799.0 524.0 881.0 665.0
WheatHead 901.0 567.0 972.0 645.0
WheatHead 944.0 643.0 1024.0 740.0
WheatHead 565.0 623.0 641.0 712.0
WheatHead 627.0 692.0 700.0 759.0
WheatHead 696.0 691.0 758.0 808.0
WheatHead 763.0 640.0 815.0 739.0
WheatHead 640.0 879.0 726.0 966.0
WheatHead 311.0 589.0 408.0 693.0
WheatHead 347.0 655.0 420.0 778.0
WheatHead 427.0 853.0 514.0 906.0
WheatHead 477.0 895.0 541.0 956.0
WheatHead 637.0 989.0 723.0 1024.0
WheatHead 780.0 973.0 859.0 1024.0
WheatHead 859.0 954.0 947.0 1024.0
WheatHead 557.0 956.0 624.0 1011.0
WheatHead 191.0 775.0 319.0 896.0
WheatHead 8.0 895.0 66.0 976.0
WheatHead 89.0 921.0 147.0 987.0
WheatHead 98.0 482.0 236.0 576.0
WheatHead 210.0 969.0 289.0 1024.0
WheatHead 868.0 55.0 928.0 127.0
WheatHead 2.0 631.0 38.0 701.0
WheatHead 935.0 765.0 982.0 815.0
WheatHead 156.0 228.0 186.0 302.0
WheatHead 280.0 585.0 331.0 655.0
