WheatHead 772.0 341.0 875.0 485.0
WheatHead 72.0 434.0 220.0 530.0
WheatHead 788.0 0.0 865.0 106.0
WheatHead 364.0 803.0 439.0 912.0
WheatHead 461.0 949.0 525.0 1024.0
WheatHead 781.0 713.0 866.0 802.0
WheatHead 639.0 944.0 691.0 1024.0
WheatHead 170.0 696.0 247.0 747.0
WheatHead 352.0 368.0 389.0 462.0
WheatHead 361.0 465.0 409.0 550.0
WheatHead 928.0 639.0 1002.0 698.0
WheatHead 217.0 584.0 363.0 715.0
WheatHead 300.0 677.0 394.0 764.0
WheatHead 704.0 947.0 760.0 1024.0
WheatHead 416.0 442.0 483.0 539.0
WheatHead 169.0 173.0 383.0 252.0
WheatHead 368.0 372.0 400.0 468.0
WheatHead 715.0 516.0 767.0 566.0
WheatHead 817.0 563.0 882.0 622.0
WheatHead 410.0 391.0 477.0 489.0
WheatHead 20.0 723.0 90.0 783.0
WheatHead 956.0 799.0 1024.0 874.0
WheatHead 618.0 54.0 689.0 86.0
WheatHead 244.0 0.0 320.0 34.0
WheatHead 568.0 625.0 613.0 698.0
WheatHead 570.0 730.0 614.0 786.0
WheatHead 113.0 843.0 280.0 893.0
WheatHead 312.0 0.0 457.0 111.0
WheatHead 468.0 626.0 521.0 666.0
WheatHead 235.0 494.0 319.0 635.0
WheatHead 609.0 620.0 714.0 686.0
WheatHead 987.0 576.0 1024.0 625.0
WheatHead 516.0 447.0 577.0 488.0
WheatHead 866.0 991.0 899.0 1024.0
WheatHead 80.0 530.0 182.0 584.0
WheatHead 517.0 926.0 681.0 971.0
WheatHead 707.0 207.0 800.0 264.0
WheatHead 487.0 524.0 580.0 595.0
WheatHead 1001.0 167.0 1024.0 198.0
WheatHead 777.0 982.0 856.0 1024.0
WheatHead 674.0 677.0 731.0 709.0
WheatHead 310.0 954.0 400.0 1024.0
WheatHead 989.0 464.0 1024.0 524.0
WheatHead 454.0 0.0 544.0 115.0
WheatHead 468.0 617.0 524.0 653.0
WheatHead 233.0 0.0 270.0 31.0
WheatHead 724.0 514.0 772.0 555.0
WheatHead 532.0 0.0 607.0 36.0
WheatHead 148.0 895.0 210.0 931.0
WheatHead 309.0 150.0 552.0 235.0
WheatHead 890.0 655.0 938.0 691.0
WheatHead 0.0 819.0 33.0 861.0
