WheatHead 844.0 627.0 939.0 711.0
WheatHead 742.0 327.0 793.0 384.0
WheatHead 860.0 163.0 949.0 291.0
WheatHead 79.0 601.0 158.0 757.0
WheatHead 865.0 755.0 934.0 872.0
WheatHead 81.0 922.0 157.0 1024.0
WheatHead 834.0 0.0 916.0 87.0
WheatHead 842.0 555.0 913.0 622.0
WheatHead 783.0 15.0 855.0 97.0
WheatHead 983.0 546.0 1024.0 654.0
WheatHead 816.0 824.0 896.0 906.0
WheatHead 64.0 755.0 166.0 834.0
WheatHead 926.0 550.0 1018.0 645.0
WheatHead 811.0 194.0 885.0 284.0
WheatHead 829.0 128.0 885.0 184.0
WheatHead 704.0 371.0 808.0 499.0
WheatHead 834.0 399.0 890.0 465.0
WheatHead 25.0 770.0 97.0 896.0
WheatHead 10.0 852.0 71.0 977.0
WheatHead 921.0 778.0 1013.0 852.0
WheatHead 901.0 791.0 1000.0 913.0
WheatHead 919.0 922.0 1006.0 1024.0
WheatHead 897.0 965.0 946.0 1023.0
WheatHead 858.0 953.0 904.0 1024.0
WheatHead 803.0 903.0 853.0 1017.0
