WheatHead 0.0 0.0 58.0 94.0
WheatHead 238.0 55.0 321.0 121.0
WheatHead 454.0 4.0 598.0 120.0
WheatHead 492.0 104.0 606.0 206.0
WheatHead 323.0 177.0 453.0 314.0
WheatHead 125.0 175.0 202.0 260.0
WheatHead 13.0 179.0 134.0 297.0
WheatHead 147.0 388.0 269.0 480.0
WheatHead 17.0 366.0 149.0 454.0
WheatHead 697.0 271.0 801.0 379.0
WheatHead 815.0 167.0 933.0 258.0
WheatHead 862.0 417.0 968.0 531.0
WheatHead 858.0 582.0 972.0 661.0
WheatHead 693.0 586.0 821.0 705.0
WheatHead 608.0 442.0 685.0 543.0
WheatHead 709.0 381.0 781.0 474.0
WheatHead 301.0 464.0 439.0 563.0
WheatHead 439.0 563.0 533.0 646.0
WheatHead 27.0 679.0 90.0 752.0
WheatHead 0.0 574.0 67.0 667.0
WheatHead 43.0 758.0 169.0 850.0
WheatHead 118.0 826.0 222.0 970.0
WheatHead 238.0 775.0 323.0 876.0
WheatHead 362.0 756.0 454.0 856.0
WheatHead 614.0 709.0 777.0 777.0
WheatHead 644.0 826.0 758.0 919.0
WheatHead 698.0 958.0 770.0 1024.0
WheatHead 334.0 929.0 484.0 1024.0
WheatHead 262.0 905.0 325.0 980.0
WheatHead 913.0 835.0 1024.0 913.0
WheatHead 846.0 752.0 929.0 823.0
WheatHead 919.0 693.0 1012.0 811.0
