WheatHead 0.0 984.0 73.0 1024.0
WheatHead 0.0 828.0 72.0 892.0
WheatHead 67.0 280.0 148.0 348.0
WheatHead 57.0 412.0 111.0 480.0
WheatHead 0.0 466.0 47.0 521.0
WheatHead 0.0 386.0 56.0 444.0
WheatHead 73.0 53.0 185.0 128.0
WheatHead 185.0 7.0 249.0 71.0
WheatHead 242.0 100.0 359.0 207.0
WheatHead 188.0 170.0 285.0 292.0
WheatHead 256.0 270.0 327.0 370.0
WheatHead 307.0 334.0 401.0 399.0
WheatHead 284.0 403.0 356.0 458.0
WheatHead 156.0 499.0 227.0 569.0
WheatHead 166.0 568.0 227.0 618.0
WheatHead 371.0 487.0 428.0 551.0
WheatHead 273.0 556.0 345.0 608.0
WheatHead 320.0 586.0 417.0 647.0
WheatHead 318.0 698.0 401.0 782.0
WheatHead 237.0 739.0 296.0 819.0
WheatHead 145.0 792.0 217.0 848.0
WheatHead 288.0 890.0 385.0 953.0
WheatHead 423.0 926.0 503.0 991.0
WheatHead 561.0 588.0 647.0 718.0
WheatHead 560.0 419.0 630.0 508.0
WheatHead 512.0 352.0 608.0 401.0
WheatHead 599.0 268.0 665.0 342.0
WheatHead 549.0 219.0 615.0 293.0
WheatHead 431.0 135.0 492.0 235.0
WheatHead 635.0 82.0 741.0 137.0
WheatHead 577.0 0.0 678.0 54.0
WheatHead 704.0 348.0 772.0 427.0
WheatHead 755.0 455.0 834.0 507.0
WheatHead 861.0 477.0 928.0 544.0
WheatHead 726.0 565.0 796.0 639.0
WheatHead 842.0 564.0 960.0 668.0
WheatHead 992.0 511.0 1024.0 583.0
WheatHead 942.0 411.0 994.0 483.0
WheatHead 827.0 205.0 878.0 303.0
WheatHead 968.0 247.0 1024.0 304.0
WheatHead 983.0 191.0 1024.0 252.0
WheatHead 961.0 45.0 1024.0 165.0
WheatHead 737.0 24.0 807.0 92.0
WheatHead 949.0 706.0 1023.0 778.0
WheatHead 822.0 764.0 886.0 834.0
WheatHead 977.0 795.0 1024.0 867.0
WheatHead 950.0 913.0 1021.0 992.0
WheatHead 851.0 864.0 914.0 958.0
WheatHead 790.0 919.0 857.0 1018.0
WheatHead 903.0 966.0 971.0 1024.0
WheatHead 658.0 935.0 730.0 1003.0
WheatHead 570.0 930.0 621.0 982.0
WheatHead 529.0 997.0 632.0 1024.0
WheatHead 843.0 992.0 897.0 1024.0
WheatHead 897.0 900.0 971.0 937.0
WheatHead 514.0 589.0 580.0 661.0
WheatHead 62.0 352.0 115.0 424.0
WheatHead 705.0 174.0 749.0 271.0
WheatHead 302.0 0.0 367.0 42.0
WheatHead 89.0 456.0 139.0 509.0
WheatHead 18.0 534.0 72.0 676.0
