WheatHead 180.0 0.0 268.0 70.0
WheatHead 927.0 303.0 984.0 395.0
WheatHead 322.0 17.0 374.0 101.0
WheatHead 0.0 547.0 34.0 585.0
WheatHead 176.0 177.0 228.0 288.0
WheatHead 88.0 222.0 159.0 292.0
WheatHead 611.0 647.0 664.0 724.0
WheatHead 0.0 578.0 47.0 660.0
WheatHead 342.0 866.0 419.0 955.0
WheatHead 326.0 236.0 406.0 318.0
WheatHead 0.0 214.0 24.0 255.0
WheatHead 864.0 185.0 937.0 266.0
WheatHead 75.0 832.0 162.0 912.0
WheatHead 490.0 12.0 532.0 98.0
WheatHead 484.0 223.0 555.0 293.0
WheatHead 240.0 232.0 327.0 327.0
WheatHead 415.0 236.0 495.0 322.0
WheatHead 730.0 505.0 824.0 577.0
WheatHead 596.0 191.0 675.0 282.0
WheatHead 875.0 232.0 921.0 324.0
WheatHead 222.0 804.0 326.0 867.0
WheatHead 482.0 639.0 604.0 729.0
WheatHead 464.0 690.0 535.0 761.0
WheatHead 480.0 873.0 557.0 922.0
WheatHead 577.0 238.0 625.0 323.0
WheatHead 813.0 885.0 909.0 935.0
WheatHead 335.0 628.0 397.0 688.0
WheatHead 479.0 154.0 524.0 221.0
WheatHead 780.0 428.0 828.0 503.0
WheatHead 516.0 550.0 582.0 598.0
WheatHead 797.0 147.0 846.0 236.0
WheatHead 708.0 161.0 759.0 244.0
WheatHead 219.0 314.0 281.0 367.0
WheatHead 928.0 38.0 961.0 99.0
WheatHead 880.0 712.0 935.0 742.0
WheatHead 320.0 357.0 396.0 401.0
WheatHead 793.0 214.0 857.0 282.0
WheatHead 573.0 735.0 626.0 782.0
WheatHead 30.0 53.0 75.0 116.0
WheatHead 427.0 941.0 474.0 1018.0
WheatHead 279.0 697.0 329.0 761.0
WheatHead 0.0 931.0 54.0 985.0
WheatHead 436.0 546.0 492.0 602.0
WheatHead 251.0 621.0 304.0 680.0
WheatHead 0.0 973.0 69.0 1024.0
WheatHead 266.0 886.0 315.0 993.0
WheatHead 342.0 567.0 421.0 619.0
WheatHead 895.0 774.0 951.0 849.0
WheatHead 512.0 206.0 587.0 255.0
WheatHead 748.0 248.0 780.0 312.0
WheatHead 0.0 1.0 16.0 51.0
WheatHead 226.0 921.0 277.0 961.0
WheatHead 173.0 562.0 244.0 643.0
WheatHead 927.0 678.0 1000.0 725.0
WheatHead 664.0 624.0 695.0 684.0
WheatHead 430.0 663.0 493.0 713.0
WheatHead 342.0 892.0 391.0 955.0
WheatHead 0.0 728.0 72.0 767.0
WheatHead 1002.0 8.0 1024.0 55.0
WheatHead 674.0 0.0 705.0 14.0
WheatHead 63.0 995.0 124.0 1024.0
WheatHead 0.0 655.0 47.0 702.0
WheatHead 666.0 785.0 723.0 828.0
WheatHead 13.0 675.0 94.0 740.0
WheatHead 0.0 626.0 15.0 653.0
