WheatHead 775.0 340.0 860.0 445.0
WheatHead 222.0 266.0 325.0 337.0
WheatHead 916.0 0.0 1013.0 84.0
WheatHead 128.0 450.0 217.0 514.0
WheatHead 806.0 824.0 898.0 908.0
WheatHead 801.0 194.0 878.0 271.0
WheatHead 330.0 796.0 414.0 906.0
WheatHead 524.0 168.0 611.0 253.0
WheatHead 695.0 975.0 782.0 1024.0
WheatHead 97.0 371.0 176.0 448.0
WheatHead 2.0 806.0 94.0 913.0
WheatHead 847.0 563.0 934.0 632.0
WheatHead 450.0 381.0 542.0 476.0
WheatHead 128.0 821.0 209.0 898.0
WheatHead 962.0 576.0 1024.0 680.0
WheatHead 834.0 110.0 906.0 194.0
WheatHead 0.0 0.0 89.0 47.0
WheatHead 0.0 467.0 78.0 564.0
WheatHead 437.0 883.0 517.0 975.0
WheatHead 276.0 158.0 348.0 235.0
WheatHead 381.0 79.0 460.0 158.0
WheatHead 624.0 803.0 709.0 870.0
WheatHead 102.0 51.0 209.0 133.0
WheatHead 491.0 721.0 570.0 819.0
WheatHead 683.0 614.0 757.0 691.0
WheatHead 199.0 936.0 279.0 1018.0
WheatHead 222.0 647.0 296.0 732.0
WheatHead 655.0 350.0 729.0 445.0
WheatHead 593.0 524.0 675.0 606.0
WheatHead 880.0 729.0 965.0 834.0
WheatHead 337.0 591.0 399.0 714.0
WheatHead 668.0 558.0 739.0 609.0
WheatHead 737.0 640.0 839.0 714.0
WheatHead 855.0 701.0 916.0 765.0
WheatHead 0.0 175.0 36.0 250.0
WheatHead 0.0 128.0 38.0 185.0
WheatHead 371.0 389.0 417.0 456.0
