WheatHead 0.0 420.0 39.0 512.0
WheatHead 9.0 644.0 78.0 712.0
WheatHead 0.0 707.0 67.0 829.0
WheatHead 36.0 874.0 137.0 965.0
WheatHead 42.0 36.0 106.0 113.0
WheatHead 54.0 169.0 156.0 231.0
WheatHead 122.0 185.0 213.0 296.0
WheatHead 206.0 196.0 287.0 287.0
WheatHead 224.0 385.0 288.0 458.0
WheatHead 91.0 520.0 211.0 596.0
WheatHead 206.0 483.0 289.0 563.0
WheatHead 166.0 615.0 267.0 752.0
WheatHead 306.0 492.0 370.0 629.0
WheatHead 321.0 759.0 400.0 836.0
WheatHead 291.0 819.0 376.0 889.0
WheatHead 467.0 792.0 537.0 867.0
WheatHead 513.0 882.0 607.0 955.0
WheatHead 423.0 777.0 482.0 903.0
WheatHead 528.0 968.0 635.0 1024.0
WheatHead 678.0 976.0 751.0 1024.0
WheatHead 805.0 966.0 879.0 1024.0
WheatHead 873.0 963.0 961.0 1023.0
WheatHead 709.0 866.0 788.0 930.0
WheatHead 616.0 876.0 687.0 945.0
WheatHead 584.0 807.0 654.0 870.0
WheatHead 601.0 741.0 684.0 824.0
WheatHead 664.0 797.0 735.0 867.0
WheatHead 720.0 733.0 817.0 819.0
WheatHead 820.0 815.0 906.0 898.0
WheatHead 898.0 731.0 995.0 848.0
WheatHead 988.0 732.0 1024.0 805.0
WheatHead 975.0 438.0 1024.0 511.0
WheatHead 987.0 527.0 1024.0 612.0
WheatHead 910.0 578.0 962.0 637.0
WheatHead 888.0 634.0 954.0 699.0
WheatHead 790.0 537.0 884.0 709.0
WheatHead 638.0 600.0 715.0 695.0
WheatHead 765.0 482.0 839.0 541.0
WheatHead 710.0 351.0 794.0 445.0
WheatHead 958.0 332.0 1017.0 401.0
WheatHead 657.0 221.0 802.0 300.0
WheatHead 771.0 161.0 844.0 268.0
WheatHead 880.0 163.0 951.0 227.0
WheatHead 975.0 101.0 1024.0 173.0
WheatHead 822.0 77.0 885.0 145.0
WheatHead 823.0 26.0 886.0 91.0
WheatHead 779.0 0.0 849.0 53.0
WheatHead 675.0 0.0 794.0 70.0
WheatHead 619.0 0.0 684.0 58.0
WheatHead 459.0 402.0 526.0 485.0
WheatHead 426.0 435.0 484.0 505.0
WheatHead 500.0 447.0 573.0 520.0
WheatHead 524.0 503.0 577.0 590.0
WheatHead 410.0 387.0 471.0 440.0
WheatHead 412.0 242.0 482.0 308.0
WheatHead 482.0 162.0 541.0 242.0
WheatHead 422.0 30.0 499.0 102.0
WheatHead 292.0 8.0 361.0 73.0
WheatHead 227.0 0.0 289.0 30.0
WheatHead 376.0 618.0 490.0 696.0
WheatHead 749.0 971.0 821.0 1022.0
WheatHead 431.0 889.0 622.0 989.0
WheatHead 0.0 263.0 16.0 369.0
WheatHead 894.0 0.0 936.0 27.0
WheatHead 944.0 0.0 986.0 17.0
