WheatHead 120.0 815.0 214.0 936.0
WheatHead 209.0 796.0 279.0 998.0
WheatHead 281.0 757.0 347.0 967.0
WheatHead 385.0 873.0 467.0 995.0
WheatHead 407.0 766.0 558.0 875.0
WheatHead 366.0 676.0 422.0 778.0
WheatHead 387.0 587.0 689.0 663.0
WheatHead 146.0 718.0 218.0 847.0
WheatHead 0.0 694.0 111.0 819.0
WheatHead 522.0 740.0 596.0 934.0
WheatHead 545.0 733.0 638.0 823.0
WheatHead 594.0 670.0 681.0 729.0
WheatHead 454.0 73.0 698.0 582.0
WheatHead 369.0 0.0 435.0 222.0
WheatHead 243.0 0.0 360.0 358.0
WheatHead 203.0 140.0 267.0 311.0
WheatHead 649.0 0.0 710.0 137.0
WheatHead 838.0 289.0 912.0 443.0
WheatHead 940.0 281.0 1024.0 351.0
WheatHead 922.0 379.0 977.0 549.0
WheatHead 938.0 462.0 1013.0 644.0
WheatHead 932.0 659.0 1007.0 911.0
WheatHead 872.0 710.0 923.0 771.0
WheatHead 659.0 722.0 799.0 937.0
WheatHead 575.0 873.0 637.0 999.0
WheatHead 220.0 26.0 323.0 163.0
WheatHead 279.0 616.0 417.0 720.0
WheatHead 258.0 727.0 389.0 897.0
WheatHead 607.0 0.0 670.0 143.0
WheatHead 697.0 0.0 770.0 85.0
WheatHead 388.0 1000.0 448.0 1024.0
WheatHead 78.0 0.0 129.0 46.0
WheatHead 599.0 0.0 654.0 89.0
