WheatHead 0.0 903.0 47.0 979.0
WheatHead 909.0 804.0 1001.0 889.0
WheatHead 873.0 765.0 934.0 837.0
WheatHead 788.0 689.0 900.0 807.0
WheatHead 773.0 620.0 864.0 680.0
WheatHead 804.0 564.0 859.0 630.0
WheatHead 885.0 567.0 979.0 638.0
WheatHead 867.0 468.0 941.0 570.0
WheatHead 761.0 473.0 847.0 527.0
WheatHead 666.0 413.0 776.0 482.0
WheatHead 608.0 479.0 683.0 523.0
WheatHead 676.0 481.0 744.0 534.0
WheatHead 705.0 514.0 770.0 610.0
WheatHead 514.0 515.0 628.0 602.0
WheatHead 273.0 564.0 463.0 692.0
WheatHead 292.0 870.0 414.0 945.0
WheatHead 227.0 926.0 302.0 990.0
WheatHead 294.0 963.0 370.0 1024.0
WheatHead 658.0 999.0 790.0 1023.0
WheatHead 511.0 961.0 580.0 1024.0
WheatHead 150.0 642.0 210.0 709.0
WheatHead 88.0 926.0 160.0 1024.0
WheatHead 8.0 829.0 56.0 903.0
WheatHead 32.0 583.0 93.0 772.0
WheatHead 27.0 484.0 174.0 609.0
WheatHead 34.0 306.0 120.0 481.0
WheatHead 180.0 295.0 235.0 447.0
WheatHead 253.0 357.0 316.0 456.0
WheatHead 292.0 421.0 406.0 505.0
WheatHead 478.0 403.0 593.0 507.0
WheatHead 572.0 291.0 649.0 369.0
WheatHead 754.0 204.0 804.0 343.0
WheatHead 833.0 219.0 908.0 273.0
WheatHead 844.0 264.0 974.0 339.0
WheatHead 970.0 342.0 1024.0 417.0
WheatHead 649.0 948.0 717.0 1023.0
WheatHead 875.0 159.0 946.0 232.0
WheatHead 916.0 137.0 978.0 221.0
WheatHead 870.0 18.0 956.0 123.0
WheatHead 437.0 209.0 499.0 275.0
WheatHead 496.0 156.0 580.0 235.0
WheatHead 515.0 55.0 586.0 124.0
WheatHead 376.0 108.0 479.0 183.0
WheatHead 307.0 194.0 422.0 264.0
WheatHead 331.0 253.0 415.0 326.0
WheatHead 25.0 156.0 138.0 217.0
WheatHead 193.0 100.0 292.0 171.0
WheatHead 238.0 19.0 328.0 107.0
WheatHead 0.0 24.0 73.0 85.0
WheatHead 823.0 413.0 929.0 478.0
WheatHead 628.0 0.0 728.0 58.0
WheatHead 135.0 433.0 205.0 494.0
WheatHead 772.0 613.0 841.0 676.0
WheatHead 866.0 634.0 944.0 686.0
