WheatHead 0.0 672.0 48.0 734.0
WheatHead 0.0 508.0 50.0 581.0
WheatHead 0.0 300.0 66.0 394.0
WheatHead 117.0 587.0 176.0 646.0
WheatHead 155.0 361.0 246.0 438.0
WheatHead 258.0 304.0 323.0 356.0
WheatHead 310.0 261.0 386.0 325.0
WheatHead 92.0 154.0 202.0 226.0
WheatHead 32.0 62.0 96.0 120.0
WheatHead 0.0 2.0 77.0 70.0
WheatHead 145.0 28.0 214.0 117.0
WheatHead 213.0 106.0 266.0 156.0
WheatHead 292.0 91.0 370.0 158.0
WheatHead 261.0 0.0 397.0 102.0
WheatHead 366.0 184.0 444.0 251.0
WheatHead 404.0 443.0 490.0 591.0
WheatHead 448.0 197.0 525.0 286.0
WheatHead 531.0 312.0 597.0 371.0
WheatHead 564.0 384.0 632.0 483.0
WheatHead 504.0 524.0 586.0 640.0
WheatHead 482.0 721.0 560.0 791.0
WheatHead 273.0 757.0 351.0 856.0
WheatHead 68.0 852.0 144.0 946.0
WheatHead 167.0 986.0 253.0 1024.0
WheatHead 347.0 969.0 405.0 1024.0
WheatHead 893.0 919.0 991.0 1024.0
WheatHead 848.0 870.0 902.0 982.0
WheatHead 509.0 801.0 638.0 908.0
WheatHead 636.0 834.0 694.0 899.0
WheatHead 616.0 686.0 681.0 759.0
WheatHead 768.0 759.0 836.0 832.0
WheatHead 976.0 669.0 1024.0 800.0
WheatHead 827.0 612.0 901.0 675.0
WheatHead 657.0 533.0 712.0 598.0
WheatHead 667.0 608.0 722.0 662.0
WheatHead 868.0 511.0 963.0 603.0
WheatHead 696.0 424.0 766.0 507.0
WheatHead 929.0 408.0 996.0 497.0
WheatHead 577.0 168.0 632.0 263.0
WheatHead 650.0 230.0 713.0 313.0
WheatHead 480.0 120.0 539.0 176.0
WheatHead 441.0 67.0 503.0 129.0
WheatHead 708.0 7.0 808.0 104.0
WheatHead 748.0 86.0 892.0 160.0
WheatHead 629.0 96.0 697.0 158.0
WheatHead 886.0 56.0 962.0 134.0
WheatHead 825.0 2.0 874.0 66.0
WheatHead 908.0 128.0 978.0 195.0
WheatHead 949.0 211.0 1014.0 285.0
WheatHead 782.0 261.0 838.0 323.0
WheatHead 782.0 640.0 839.0 694.0
WheatHead 745.0 583.0 790.0 644.0
WheatHead 522.0 631.0 594.0 698.0
WheatHead 22.0 470.0 74.0 537.0
WheatHead 805.0 715.0 869.0 769.0
WheatHead 767.0 579.0 827.0 635.0
WheatHead 608.0 0.0 685.0 45.0
WheatHead 774.0 176.0 824.0 245.0
WheatHead 706.0 196.0 742.0 241.0
WheatHead 528.0 41.0 565.0 104.0
WheatHead 366.0 0.0 426.0 60.0
WheatHead 120.0 0.0 172.0 25.0
WheatHead 582.0 523.0 627.0 575.0
WheatHead 630.0 629.0 672.0 681.0
