WheatHead 449.0 57.0 557.0 139.0
WheatHead 446.0 114.0 549.0 210.0
WheatHead 496.0 299.0 572.0 423.0
WheatHead 567.0 376.0 644.0 505.0
WheatHead 265.0 386.0 360.0 466.0
WheatHead 210.0 222.0 283.0 325.0
WheatHead 84.0 41.0 175.0 139.0
WheatHead 726.0 0.0 846.0 149.0
WheatHead 835.0 102.0 963.0 226.0
WheatHead 171.0 612.0 262.0 720.0
WheatHead 69.0 557.0 137.0 618.0
WheatHead 293.0 600.0 381.0 728.0
WheatHead 478.0 657.0 579.0 772.0
WheatHead 709.0 425.0 835.0 598.0
WheatHead 992.0 545.0 1024.0 640.0
WheatHead 854.0 770.0 956.0 925.0
WheatHead 561.0 856.0 653.0 976.0
WheatHead 409.0 846.0 527.0 1024.0
WheatHead 208.0 889.0 346.0 1024.0
WheatHead 332.0 55.0 388.0 134.0
WheatHead 645.0 888.0 742.0 978.0
WheatHead 265.0 787.0 353.0 882.0
