WheatHead 604.0 75.0 663.0 163.0
WheatHead 514.0 554.0 574.0 640.0
WheatHead 75.0 445.0 158.0 522.0
WheatHead 136.0 535.0 212.0 617.0
WheatHead 0.0 118.0 91.0 218.0
WheatHead 77.0 42.0 117.0 139.0
WheatHead 395.0 299.0 458.0 383.0
WheatHead 572.0 282.0 623.0 409.0
WheatHead 266.0 259.0 308.0 365.0
WheatHead 924.0 476.0 984.0 566.0
WheatHead 703.0 159.0 749.0 238.0
WheatHead 479.0 441.0 528.0 538.0
WheatHead 688.0 394.0 749.0 469.0
WheatHead 6.0 53.0 51.0 141.0
WheatHead 155.0 439.0 189.0 531.0
WheatHead 81.0 301.0 152.0 372.0
WheatHead 443.0 20.0 529.0 122.0
WheatHead 521.0 431.0 595.0 488.0
WheatHead 161.0 312.0 194.0 414.0
WheatHead 921.0 58.0 972.0 150.0
WheatHead 629.0 540.0 670.0 611.0
WheatHead 221.0 263.0 258.0 327.0
WheatHead 132.0 604.0 172.0 669.0
WheatHead 755.0 372.0 797.0 453.0
WheatHead 68.0 114.0 121.0 187.0
WheatHead 293.0 872.0 363.0 937.0
WheatHead 907.0 245.0 976.0 300.0
WheatHead 181.39999389648438 816.5999755859375 223.39999389648438 886.5999755859375
WheatHead 381.0 595.0 440.0 652.0
WheatHead 868.0 536.0 928.0 610.0
WheatHead 449.0 473.0 514.0 534.0
WheatHead 850.0 161.0 905.0 228.0
WheatHead 462.0 375.0 510.0 447.0
WheatHead 39.0 633.0 102.0 678.0
WheatHead 922.0 684.0 981.0 720.0
WheatHead 647.0 873.0 699.0 916.0
WheatHead 816.0 503.0 892.0 598.0
WheatHead 760.0 170.0 789.0 238.0
WheatHead 879.0 248.0 924.0 357.0
WheatHead 466.0 722.0 521.0 771.0
WheatHead 731.0 0.0 782.0 38.0
WheatHead 920.0 195.0 958.0 249.0
WheatHead 277.0 221.0 315.0 279.0
WheatHead 435.0 225.0 476.0 283.0
WheatHead 54.0 712.0 101.0 779.0
WheatHead 19.0 954.0 62.0 989.0
WheatHead 948.0 61.0 989.0 139.0
WheatHead 277.0 984.0 303.0 1024.0
WheatHead 942.0 849.0 981.0 891.0
WheatHead 542.0 735.0 569.0 789.0
WheatHead 943.0 453.0 974.0 516.0
WheatHead 379.0 0.0 417.0 28.0
WheatHead 692.0 465.0 729.0 539.0
WheatHead 676.0 518.0 708.0 584.0
WheatHead 103.0 704.0 141.0 735.0
WheatHead 721.0 933.0 792.0 989.0
WheatHead 843.0 817.0 873.0 879.0
WheatHead 622.0 238.0 651.0 299.0
WheatHead 212.0 962.0 249.0 1010.0
WheatHead 64.0 689.0 107.0 715.0
WheatHead 524.0 632.0 550.0 679.0
WheatHead 126.0 23.0 174.0 80.0
WheatHead 954.0 645.0 1003.0 704.0
WheatHead 264.0 453.0 339.0 559.0
WheatHead 243.0 697.0 352.0 738.0
WheatHead 440.0 445.0 475.0 482.0
WheatHead 382.0 411.0 450.0 534.0
WheatHead 698.0 632.0 769.0 725.0
WheatHead 478.0 181.0 545.0 244.0
