WheatHead 331.0 150.0 454.0 254.0
WheatHead 771.0 202.0 862.0 268.0
WheatHead 462.29998779296875 798.0999755859375 562.0 860.0
WheatHead 662.0 933.0 761.0 977.0
WheatHead 653.0 253.0 772.0 334.0
WheatHead 806.0 120.0 918.0 248.0
WheatHead 570.0 277.0 658.0 324.0
WheatHead 569.0 21.0 655.0 101.0
WheatHead 494.0 107.0 584.0 199.0
WheatHead 0.0 230.0 111.0 301.0
WheatHead 282.0 5.0 368.0 50.0
WheatHead 551.0 453.0 591.0 535.0
WheatHead 719.0 393.0 820.0 503.0
WheatHead 390.0 307.0 477.0 353.0
WheatHead 285.0 666.0 342.0 738.0
WheatHead 638.0 145.0 727.0 218.0
WheatHead 94.0 919.0 201.0 976.0
WheatHead 663.0 431.0 723.0 495.0
WheatHead 302.0 930.0 420.0 994.0
WheatHead 133.0 197.0 241.0 256.0
WheatHead 638.0 641.0 712.0 686.0
WheatHead 779.0 804.0 866.0 846.0
WheatHead 841.0 905.0 907.0 946.0
WheatHead 976.0 277.0 1024.0 315.0
WheatHead 909.0 0.0 989.0 57.0
WheatHead 516.0 617.0 588.0 664.0
WheatHead 223.0 708.0 296.0 752.0
WheatHead 158.0 595.0 275.0 659.0
WheatHead 0.0 144.0 98.0 197.0
WheatHead 509.0 741.0 563.0 797.0
WheatHead 947.0 845.0 1017.0 890.0
WheatHead 134.0 881.0 288.0 926.0
WheatHead 506.0 903.0 580.0 944.0
WheatHead 236.0 1003.0 331.0 1022.0
WheatHead 172.0 461.0 240.0 502.0
WheatHead 740.0 1004.0 817.0 1022.0
WheatHead 778.0 274.0 823.0 308.0
WheatHead 206.0 513.0 307.0 548.0
WheatHead 922.0 90.0 985.0 176.0
WheatHead 140.0 786.0 244.0 834.0
WheatHead 87.0 501.0 205.0 563.0
WheatHead 255.0 833.0 430.0 890.0
WheatHead 827.0 613.0 877.0 663.0
WheatHead 0.0 874.0 73.0 919.0
WheatHead 122.0 685.0 186.0 728.0
WheatHead 44.0 773.0 121.0 830.0
WheatHead 794.0 28.0 847.0 79.0
WheatHead 980.0 163.0 1024.0 208.0
WheatHead 522.0 547.0 583.0 598.0
WheatHead 953.0 165.0 1002.0 230.0
WheatHead 535.0 120.0 641.0 203.0
WheatHead 0.0 606.0 46.0 647.0
WheatHead 713.0 489.0 823.0 547.0
WheatHead 501.0 304.0 603.0 361.0
WheatHead 716.0 338.0 822.0 382.0
WheatHead 726.0 1.0 765.0 27.0
WheatHead 476.0 973.0 557.0 991.0
WheatHead 942.0 854.0 1006.0 897.0
WheatHead 359.0 764.0 416.0 804.0
WheatHead 0.0 635.0 44.0 672.0
WheatHead 471.0 831.0 561.0 873.0
WheatHead 163.0 546.0 283.0 588.0
WheatHead 207.0 506.0 308.0 533.0
WheatHead 12.0 546.0 112.0 590.0
WheatHead 324.0 745.0 375.0 800.0
WheatHead 453.0 951.0 486.0 1011.0
WheatHead 111.0 0.0 163.0 16.0
WheatHead 38.0 234.0 136.0 303.0
WheatHead 37.0 571.0 117.0 615.0
WheatHead 208.0 574.0 391.0 638.0
WheatHead 384.0 499.0 477.0 567.0
WheatHead 834.0 774.0 913.0 836.0
WheatHead 961.0 340.0 1003.0 395.0
WheatHead 208.0 817.0 277.0 862.0
WheatHead 136.0 772.0 206.0 813.0
WheatHead 519.0 265.0 614.0 318.0
WheatHead 28.0 189.0 71.0 222.0
WheatHead 815.0 84.0 860.0 147.0
WheatHead 768.0 151.0 828.0 199.0
