WheatHead 92.0 219.0 171.0 358.0
WheatHead 286.0 208.0 418.0 266.0
WheatHead 438.0 176.0 537.0 292.0
WheatHead 583.0 41.0 671.0 161.0
WheatHead 683.0 133.0 787.0 231.0
WheatHead 548.0 230.0 656.0 301.0
WheatHead 929.0 73.0 1024.0 213.0
WheatHead 770.0 234.0 881.0 336.0
WheatHead 938.0 268.0 1024.0 373.0
WheatHead 851.0 350.0 996.0 448.0
WheatHead 888.0 535.0 964.0 662.0
WheatHead 911.0 605.0 989.0 706.0
WheatHead 972.0 694.0 1021.0 761.0
WheatHead 907.0 800.0 1003.0 859.0
WheatHead 792.0 888.0 894.0 957.0
WheatHead 763.0 903.0 886.0 1004.0
WheatHead 665.0 688.0 778.0 783.0
WheatHead 553.0 559.0 695.0 726.0
WheatHead 668.0 518.0 762.0 615.0
WheatHead 539.0 477.0 620.0 565.0
WheatHead 445.0 555.0 544.0 668.0
WheatHead 423.0 683.0 505.0 747.0
WheatHead 455.0 759.0 533.0 825.0
WheatHead 342.0 709.0 413.0 813.0
WheatHead 314.0 612.0 400.0 697.0
WheatHead 197.0 619.0 287.0 697.0
WheatHead 150.0 725.0 234.0 789.0
WheatHead 258.0 800.0 321.0 960.0
WheatHead 17.0 529.0 86.0 586.0
WheatHead 22.0 153.0 103.0 224.0
WheatHead 350.0 73.0 422.0 148.0
WheatHead 359.0 150.0 436.0 216.0
WheatHead 0.0 591.0 59.0 659.0
WheatHead 298.0 307.0 361.0 372.0
WheatHead 303.0 474.0 376.0 544.0
WheatHead 486.0 286.0 550.0 346.0
WheatHead 627.0 378.0 721.0 445.0
WheatHead 327.0 833.0 388.0 892.0
WheatHead 721.0 602.0 786.0 659.0
WheatHead 680.0 308.0 728.0 354.0
WheatHead 719.0 307.0 799.0 374.0
WheatHead 614.0 113.0 685.0 183.0
WheatHead 332.0 565.0 382.0 598.0
WheatHead 134.0 619.0 229.0 685.0
WheatHead 453.0 722.0 530.0 773.0
WheatHead 225.0 272.0 273.0 306.0
WheatHead 267.0 250.0 330.0 336.0
