WheatHead 27.0 0.0 128.0 40.0
WheatHead 128.0 0.0 200.0 40.0
WheatHead 0.0 262.0 120.0 329.0
WheatHead 0.0 422.0 61.0 553.0
WheatHead 5.0 593.0 94.0 707.0
WheatHead 92.0 684.0 187.0 808.0
WheatHead 0.0 860.0 65.0 974.0
WheatHead 58.0 879.0 164.0 959.0
WheatHead 149.0 973.0 237.0 1024.0
WheatHead 162.0 904.0 239.0 980.0
WheatHead 703.0 979.0 776.0 1024.0
WheatHead 660.0 940.0 729.0 1014.0
WheatHead 505.0 886.0 677.0 989.0
WheatHead 526.0 991.0 656.0 1024.0
WheatHead 378.0 960.0 443.0 1024.0
WheatHead 352.0 883.0 435.0 956.0
WheatHead 745.0 828.0 867.0 914.0
WheatHead 864.0 873.0 947.0 921.0
WheatHead 856.0 914.0 947.0 1014.0
WheatHead 1008.0 894.0 1024.0 964.0
WheatHead 957.0 795.0 1024.0 877.0
WheatHead 938.0 729.0 1021.0 795.0
WheatHead 716.0 722.0 802.0 788.0
WheatHead 265.0 707.0 355.0 787.0
WheatHead 419.0 1.0 506.0 61.0
WheatHead 254.0 44.0 330.0 143.0
WheatHead 287.0 69.0 364.0 164.0
WheatHead 504.0 76.0 572.0 143.0
WheatHead 528.0 44.0 592.0 99.0
WheatHead 552.0 0.0 620.0 15.0
WheatHead 640.0 159.0 719.0 224.0
WheatHead 731.0 117.0 859.0 175.0
WheatHead 857.0 0.0 961.0 44.0
WheatHead 886.0 70.0 966.0 139.0
WheatHead 952.0 0.0 1013.0 13.0
WheatHead 909.0 210.0 979.0 290.0
WheatHead 968.0 237.0 1024.0 323.0
WheatHead 727.0 260.0 804.0 357.0
WheatHead 916.0 354.0 1024.0 427.0
WheatHead 992.0 427.0 1024.0 495.0
WheatHead 791.0 489.0 956.0 563.0
WheatHead 777.0 575.0 866.0 696.0
WheatHead 429.0 449.0 612.0 528.0
WheatHead 462.0 515.0 550.0 562.0
WheatHead 269.0 615.0 369.0 706.0
WheatHead 185.0 429.0 262.0 629.0
WheatHead 158.0 655.0 228.0 761.0
WheatHead 194.0 361.0 361.0 427.0
WheatHead 194.0 0.0 280.0 21.0
WheatHead 590.0 852.0 654.0 911.0
