WheatHead 460.0 172.0 544.0 284.0
WheatHead 469.0 622.0 576.0 707.0
WheatHead 565.0 8.0 644.0 114.0
WheatHead 555.0 927.0 658.0 1000.0
WheatHead 821.0 323.0 907.0 417.0
WheatHead 537.0 206.0 633.0 275.0
WheatHead 832.0 473.0 916.0 525.0
WheatHead 720.0 0.0 797.0 83.0
WheatHead 196.0 304.0 326.0 387.0
WheatHead 293.0 454.0 423.0 509.0
WheatHead 664.0 0.0 700.0 58.0
WheatHead 434.0 518.0 476.0 603.0
WheatHead 21.0 819.0 122.0 902.0
WheatHead 486.0 505.0 637.0 569.0
WheatHead 644.0 475.0 760.0 535.0
WheatHead 113.0 681.0 204.0 728.0
WheatHead 472.0 434.0 572.0 513.0
WheatHead 212.0 951.0 273.0 1024.0
WheatHead 386.0 911.0 507.0 990.0
WheatHead 767.0 132.0 851.0 223.0
WheatHead 730.0 391.0 830.0 449.0
WheatHead 876.0 236.0 1001.0 377.0
WheatHead 541.0 612.0 656.0 658.0
WheatHead 808.0 567.0 902.0 643.0
WheatHead 682.0 150.0 817.0 262.0
WheatHead 345.0 786.0 500.0 958.0
WheatHead 237.0 966.0 331.0 1004.0
WheatHead 757.0 113.0 903.0 166.0
WheatHead 957.0 629.0 1024.0 700.0
WheatHead 333.0 630.0 451.0 673.0
WheatHead 81.0 107.0 188.0 204.0
WheatHead 468.0 562.0 618.0 620.0
WheatHead 1001.0 544.0 1024.0 573.0
WheatHead 238.0 114.0 412.0 186.0
WheatHead 335.0 734.0 421.0 768.0
WheatHead 201.0 889.0 254.0 958.0
WheatHead 89.0 929.0 167.0 972.0
WheatHead 143.0 925.0 239.0 981.0
WheatHead 697.0 556.0 771.0 621.0
WheatHead 828.0 614.0 916.0 666.0
WheatHead 326.0 844.0 504.0 906.0
WheatHead 0.0 632.0 112.0 677.0
WheatHead 927.0 822.0 1024.0 875.0
WheatHead 356.0 257.0 490.0 300.0
WheatHead 562.0 797.0 649.0 835.0
WheatHead 376.0 719.0 445.0 745.0
WheatHead 1.0 942.0 47.0 989.0
WheatHead 910.0 694.0 1024.0 757.0
WheatHead 996.0 283.0 1024.0 345.0
WheatHead 0.0 549.0 85.0 599.0
WheatHead 96.0 125.0 284.0 197.0
WheatHead 203.0 674.0 309.0 724.0
WheatHead 721.0 372.0 1024.0 468.0
WheatHead 591.0 653.0 647.0 699.0
