WheatHead 214.0 195.0 314.0 273.0
WheatHead 271.0 264.0 365.0 345.0
WheatHead 9.0 405.0 101.0 460.0
WheatHead 319.0 779.0 424.0 817.0
WheatHead 687.0 265.0 791.0 392.0
WheatHead 817.0 344.0 943.0 419.0
WheatHead 831.0 197.0 936.0 237.0
WheatHead 768.0 730.0 868.0 771.0
WheatHead 267.0 174.0 359.0 234.0
WheatHead 292.0 843.0 412.0 908.0
WheatHead 447.0 158.0 559.0 211.0
WheatHead 516.0 764.0 655.0 798.0
WheatHead 8.0 578.0 135.0 617.0
WheatHead 21.0 658.0 122.0 768.0
WheatHead 335.0 187.0 434.0 249.0
WheatHead 466.0 671.0 574.0 709.0
WheatHead 221.0 567.0 329.0 602.0
WheatHead 584.0 64.0 704.0 94.0
WheatHead 159.0 498.0 291.0 533.0
WheatHead 188.0 430.0 292.0 458.0
WheatHead 12.0 495.0 91.0 537.0
WheatHead 514.0 795.0 611.0 831.0
WheatHead 188.0 300.0 270.0 331.0
WheatHead 943.0 806.0 1024.0 847.0
WheatHead 308.0 129.0 456.0 197.0
WheatHead 552.0 307.0 626.0 338.0
WheatHead 247.0 939.0 354.0 995.0
WheatHead 970.0 402.0 1024.0 484.0
WheatHead 58.0 819.0 139.0 842.0
WheatHead 697.0 576.0 778.0 599.0
WheatHead 154.0 897.0 264.0 924.0
WheatHead 120.0 726.0 260.0 780.0
WheatHead 64.0 902.0 176.0 936.0
WheatHead 966.0 140.0 1024.0 161.0
WheatHead 1.0 290.0 49.0 330.0
WheatHead 174.0 389.0 252.0 409.0
WheatHead 423.0 5.0 507.0 32.0
WheatHead 101.0 114.0 267.0 185.0
WheatHead 651.0 514.0 722.0 539.0
WheatHead 940.0 158.0 999.0 191.0
WheatHead 416.0 733.0 492.0 770.0
WheatHead 419.0 1001.0 504.0 1024.0
WheatHead 134.0 54.0 232.0 120.0
WheatHead 637.0 967.0 736.0 999.0
WheatHead 195.0 1.0 342.0 25.0
WheatHead 353.0 570.0 435.0 596.0
WheatHead 832.0 726.0 927.0 756.0
WheatHead 427.0 513.0 546.0 550.0
WheatHead 49.0 644.0 122.0 664.0
WheatHead 772.0 281.0 845.0 300.0
WheatHead 245.0 364.0 293.0 387.0
WheatHead 998.0 244.0 1024.0 264.0
WheatHead 58.0 557.0 143.0 576.0
WheatHead 524.0 535.0 656.0 561.0
WheatHead 2.0 999.0 60.0 1022.0
WheatHead 264.0 801.0 330.0 832.0
WheatHead 767.0 248.0 846.0 282.0
WheatHead 136.0 785.0 222.0 802.0
WheatHead 469.0 834.0 652.0 880.0
WheatHead 2.0 836.0 83.0 856.0
WheatHead 618.0 551.0 689.0 593.0
WheatHead 906.0 899.0 998.0 929.0
WheatHead 158.0 464.0 311.0 494.0
WheatHead 73.0 688.0 137.0 704.0
WheatHead 266.0 743.0 366.0 774.0
WheatHead 26.0 216.0 92.0 241.0
WheatHead 793.0 492.0 853.0 516.0
WheatHead 582.0 30.0 700.0 83.0
WheatHead 336.0 962.0 413.0 993.0
WheatHead 842.0 688.0 905.0 719.0
WheatHead 783.0 644.0 830.0 674.0
WheatHead 896.0 306.0 988.0 347.0
WheatHead 882.0 804.0 964.0 850.0
WheatHead 448.0 707.0 523.0 740.0
WheatHead 316.0 177.0 442.0 206.0
WheatHead 655.0 241.0 736.0 285.0
