WheatHead 430.0 0.0 572.0 75.0
WheatHead 255.0 377.0 355.0 446.0
WheatHead 788.0 634.0 934.0 711.0
WheatHead 344.0 836.0 446.0 946.0
WheatHead 217.0 694.0 324.0 779.0
WheatHead 885.0 174.0 1000.0 238.0
WheatHead 752.0 263.0 912.0 327.0
WheatHead 2.0 685.0 124.0 785.0
WheatHead 709.0 901.0 826.0 997.0
WheatHead 587.0 49.0 707.0 138.0
WheatHead 519.0 455.0 660.0 535.0
WheatHead 547.0 716.0 709.0 796.0
WheatHead 195.0 482.0 282.0 548.0
WheatHead 932.0 473.0 1024.0 550.0
WheatHead 480.0 911.0 575.0 1016.0
WheatHead 0.0 801.0 5.0 880.0
WheatHead 309.0 573.0 437.0 680.0
WheatHead 671.0 83.0 832.0 193.0
WheatHead 57.0 0.0 157.0 66.0
WheatHead 314.0 127.0 458.0 204.0
WheatHead 157.0 312.0 260.0 399.0
WheatHead 217.0 539.0 311.0 603.0
WheatHead 910.0 389.0 1023.0 462.0
WheatHead 465.0 314.0 628.0 377.0
WheatHead 808.0 408.0 936.0 483.0
WheatHead 626.0 493.0 800.0 614.0
WheatHead 394.0 558.0 478.0 629.0
WheatHead 0.0 326.0 94.0 407.0
WheatHead 721.0 412.0 851.0 516.0
WheatHead 583.0 555.0 737.0 622.0
WheatHead 0.0 742.0 102.0 822.0
WheatHead 310.0 922.0 410.0 1024.0
WheatHead 795.0 880.0 909.0 1022.0
WheatHead 770.0 325.0 921.0 386.0
WheatHead 376.0 153.0 496.0 232.0
WheatHead 545.0 253.0 737.0 345.0
WheatHead 944.0 794.0 1023.0 915.0
WheatHead 942.0 705.0 1024.0 776.0
WheatHead 143.0 933.0 234.0 989.0
WheatHead 0.0 248.0 77.0 334.0
WheatHead 734.0 879.0 856.0 968.0
