WheatHead 487.0 916.0 565.0 1022.0
WheatHead 136.0 875.0 226.0 1003.0
WheatHead 735.0 54.0 804.0 157.0
WheatHead 510.0 386.0 566.0 466.0
WheatHead 660.0 518.0 715.0 647.0
WheatHead 551.0 92.0 634.0 181.0
WheatHead 931.0 111.0 977.0 225.0
WheatHead 285.0 99.0 355.0 179.0
WheatHead 229.0 442.0 289.0 537.0
WheatHead 124.0 133.0 206.0 226.0
WheatHead 735.0 674.0 763.0 804.0
WheatHead 505.0 267.0 567.0 385.0
WheatHead 861.0 656.0 913.0 740.0
WheatHead 644.0 39.0 701.0 126.0
WheatHead 346.0 652.0 456.0 704.0
WheatHead 765.0 617.0 811.0 734.0
WheatHead 329.0 779.0 428.0 874.0
WheatHead 943.0 746.0 1024.0 835.0
WheatHead 690.0 109.0 791.0 212.0
WheatHead 931.0 824.0 980.0 918.0
WheatHead 62.0 946.0 120.0 1018.0
WheatHead 895.0 1.0 948.0 101.0
WheatHead 475.0 68.0 535.0 200.0
WheatHead 928.0 391.0 1024.0 454.0
WheatHead 494.0 0.0 558.0 99.0
WheatHead 111.0 390.0 202.0 499.0
WheatHead 24.0 329.0 70.0 435.0
WheatHead 890.0 823.0 942.0 903.0
WheatHead 866.0 1.0 929.0 91.0
WheatHead 288.0 486.0 406.0 580.0
WheatHead 987.0 54.0 1024.0 143.0
WheatHead 597.0 6.0 643.0 112.0
WheatHead 408.0 316.0 484.0 423.0
WheatHead 394.0 139.0 462.0 244.0
WheatHead 615.0 225.0 675.0 275.0
WheatHead 580.0 496.0 644.0 562.0
WheatHead 868.0 457.0 939.0 536.0
WheatHead 84.0 54.0 119.0 123.0
WheatHead 219.0 959.0 300.0 996.0
WheatHead 708.0 81.0 774.0 155.0
WheatHead 438.0 795.0 468.0 881.0
WheatHead 379.0 428.0 453.0 472.0
WheatHead 812.0 689.0 888.0 740.0
WheatHead 875.0 339.0 940.0 436.0
WheatHead 531.0 851.0 587.0 940.0
WheatHead 259.0 697.0 348.0 756.0
WheatHead 297.0 540.0 367.0 591.0
WheatHead 441.0 46.0 480.0 155.0
WheatHead 225.0 686.0 308.0 767.0
WheatHead 27.0 55.0 92.0 114.0
WheatHead 540.0 752.0 618.0 795.0
WheatHead 88.0 430.0 167.0 525.0
WheatHead 195.0 775.0 237.0 885.0
WheatHead 150.0 477.0 249.0 587.0
WheatHead 647.0 975.0 723.0 1019.0
WheatHead 798.0 480.0 857.0 599.0
WheatHead 393.0 528.0 454.0 573.0
WheatHead 0.0 394.0 57.0 457.0
WheatHead 663.0 475.0 715.0 531.0
WheatHead 120.0 799.0 193.0 859.0
WheatHead 883.0 665.0 925.0 740.0
WheatHead 712.0 527.0 749.0 577.0
WheatHead 163.0 39.0 219.0 96.0
WheatHead 569.0 19.0 642.0 134.0
WheatHead 123.0 204.0 180.0 244.0
WheatHead 180.0 894.0 229.0 951.0
WheatHead 99.0 962.0 187.0 1004.0
WheatHead 472.0 483.0 525.0 520.0
WheatHead 836.0 193.0 868.0 251.0
WheatHead 745.0 832.0 845.0 871.0
WheatHead 217.0 247.0 270.0 300.0
WheatHead 393.0 2.0 462.0 70.0
WheatHead 1000.0 415.0 1024.0 454.0
WheatHead 0.0 80.0 66.0 133.0
WheatHead 898.0 401.0 936.0 481.0
WheatHead 776.0 774.0 865.0 827.0
WheatHead 845.0 506.0 905.0 598.0
WheatHead 774.0 491.0 816.0 569.0
WheatHead 154.0 0.0 195.0 66.0
WheatHead 812.0 871.0 846.0 929.0
WheatHead 0.0 305.0 37.0 408.0
WheatHead 920.0 850.0 955.0 932.0
WheatHead 325.0 727.0 420.0 786.0
WheatHead 918.0 456.0 994.0 495.0
WheatHead 159.0 204.0 241.0 398.0
WheatHead 537.0 531.0 595.0 575.0
WheatHead 0.0 825.0 46.0 896.0
WheatHead 978.0 730.0 1021.0 815.0
WheatHead 626.0 797.0 666.0 868.0
WheatHead 626.0 782.0 720.0 860.0
