WheatHead 946.0 361.0 1024.0 669.0
WheatHead 731.0 832.0 874.0 1001.0
WheatHead 734.0 488.0 832.0 597.0
WheatHead 0.0 110.0 91.0 200.0
WheatHead 0.0 579.0 69.0 719.0
WheatHead 588.0 919.0 724.0 1020.0
WheatHead 43.0 956.0 182.0 1024.0
WheatHead 428.0 278.0 565.0 475.0
WheatHead 278.0 883.0 371.0 968.0
WheatHead 97.0 892.0 225.0 962.0
WheatHead 95.0 691.0 159.0 848.0
WheatHead 161.0 761.0 230.0 849.0
WheatHead 798.0 311.0 976.0 408.0
WheatHead 554.0 319.0 697.0 415.0
WheatHead 519.0 235.0 622.0 308.0
WheatHead 408.0 210.0 574.0 316.0
