WheatHead 1007.0 350.0 1024.0 457.0
WheatHead 689.0 378.0 778.0 469.0
WheatHead 723.0 120.0 883.0 233.0
WheatHead 909.0 211.0 1024.0 310.0
WheatHead 271.0 133.0 391.0 226.0
WheatHead 395.0 241.0 497.0 327.0
WheatHead 509.0 340.0 616.0 440.0
WheatHead 164.0 218.0 294.0 335.0
WheatHead 0.0 275.0 13.0 363.0
WheatHead 83.0 620.0 145.0 685.0
WheatHead 133.0 702.0 275.0 815.0
WheatHead 309.0 798.0 431.0 909.0
WheatHead 601.0 880.0 704.0 994.0
WheatHead 740.0 709.0 856.0 783.0
WheatHead 0.0 977.0 77.0 1024.0
WheatHead 112.0 335.0 212.0 445.0
WheatHead 300.0 315.0 368.0 424.0
WheatHead 222.0 472.0 286.0 543.0
WheatHead 270.0 496.0 331.0 575.0
WheatHead 178.0 602.0 237.0 673.0
WheatHead 0.0 0.0 41.0 60.0
WheatHead 0.0 947.0 92.0 998.0
WheatHead 413.0 429.0 509.0 499.0
WheatHead 388.0 582.0 489.0 690.0
WheatHead 437.0 754.0 513.0 824.0
WheatHead 237.0 685.0 311.0 765.0
WheatHead 51.0 582.0 143.0 626.0
WheatHead 842.0 575.0 924.0 697.0
WheatHead 817.0 556.0 872.0 686.0
WheatHead 753.0 310.0 879.0 393.0
WheatHead 821.0 0.0 904.0 46.0
WheatHead 819.0 73.0 879.0 110.0
WheatHead 604.0 713.0 718.0 770.0
WheatHead 738.0 770.0 880.0 845.0
WheatHead 0.0 544.0 42.0 592.0
