WheatHead 417.0 0.0 529.0 64.0
WheatHead 691.0 0.0 834.0 76.0
WheatHead 296.0 616.0 414.0 727.0
WheatHead 570.0 0.0 657.0 40.0
WheatHead 76.0 89.0 215.0 161.0
WheatHead 97.0 542.0 243.0 660.0
WheatHead 688.0 737.0 791.0 870.0
WheatHead 378.0 476.0 486.0 578.0
WheatHead 591.0 550.0 729.0 660.0
WheatHead 401.0 299.0 529.0 412.0
WheatHead 108.0 770.0 189.0 865.0
WheatHead 517.0 757.0 634.0 893.0
WheatHead 427.0 819.0 550.0 926.0
WheatHead 317.0 924.0 427.0 1021.0
WheatHead 7.0 225.0 123.0 328.0
WheatHead 532.0 947.0 650.0 1024.0
WheatHead 524.0 130.0 601.0 194.0
WheatHead 529.0 235.0 614.0 314.0
WheatHead 468.0 171.0 576.0 273.0
WheatHead 476.0 478.0 588.0 583.0
