WheatHead 780.0 64.0 995.0 179.0
WheatHead 53.0 202.0 166.0 279.0
WheatHead 537.0 130.0 673.0 194.0
WheatHead 186.0 186.0 317.0 253.0
WheatHead 245.0 693.0 358.0 783.0
WheatHead 642.0 248.0 764.0 325.0
WheatHead 371.0 819.0 504.0 898.0
WheatHead 1.0 1.0 57.0 63.0
WheatHead 550.0 286.0 673.0 358.0
WheatHead 558.0 376.0 670.0 430.0
WheatHead 168.0 355.0 294.0 424.0
WheatHead 565.0 881.0 664.0 973.0
WheatHead 0.0 906.0 87.0 1024.0
WheatHead 392.0 979.0 559.0 1024.0
WheatHead 803.0 258.0 1021.0 363.0
WheatHead 213.0 508.0 328.0 597.0
WheatHead 151.0 104.0 353.0 174.0
WheatHead 483.0 734.0 591.0 811.0
WheatHead 56.0 652.0 163.0 780.0
WheatHead 547.0 48.0 696.0 110.0
WheatHead 0.0 558.0 43.0 701.0
WheatHead 151.0 821.0 266.0 911.0
WheatHead 360.0 908.0 494.0 972.0
WheatHead 675.0 53.0 811.0 107.0
WheatHead 0.0 678.0 79.0 750.0
WheatHead 174.0 924.0 276.0 1024.0
WheatHead 843.0 704.0 922.0 784.0
WheatHead 211.0 452.0 321.0 521.0
WheatHead 816.0 176.0 998.0 325.0
WheatHead 232.0 19.0 322.0 68.0
