WheatHead 623.0 22.0 781.0 129.0
WheatHead 888.0 0.0 1024.0 34.0
WheatHead 967.0 38.0 1024.0 103.0
WheatHead 957.0 328.0 1017.0 396.0
WheatHead 953.0 666.0 1009.0 841.0
WheatHead 896.0 832.0 953.0 968.0
WheatHead 941.0 882.0 1017.0 972.0
WheatHead 768.0 769.0 874.0 860.0
WheatHead 694.0 847.0 788.0 937.0
WheatHead 736.0 949.0 810.0 1024.0
WheatHead 718.0 419.0 789.0 488.0
WheatHead 660.0 486.0 728.0 526.0
WheatHead 777.0 680.0 873.0 759.0
WheatHead 631.0 583.0 729.0 679.0
WheatHead 595.0 701.0 661.0 761.0
WheatHead 456.0 799.0 537.0 878.0
WheatHead 290.0 994.0 388.0 1024.0
WheatHead 165.0 979.0 249.0 1024.0
WheatHead 191.0 893.0 260.0 955.0
WheatHead 44.0 818.0 133.0 886.0
WheatHead 78.0 727.0 161.0 795.0
WheatHead 96.0 654.0 160.0 731.0
WheatHead 34.0 616.0 109.0 681.0
WheatHead 0.0 518.0 123.0 608.0
WheatHead 387.0 725.0 452.0 796.0
WheatHead 332.0 754.0 415.0 866.0
WheatHead 479.0 666.0 563.0 744.0
WheatHead 404.0 545.0 473.0 620.0
WheatHead 326.0 418.0 407.0 516.0
WheatHead 422.0 467.0 484.0 523.0
WheatHead 478.0 384.0 570.0 477.0
WheatHead 299.0 265.0 365.0 328.0
WheatHead 172.0 358.0 250.0 426.0
WheatHead 142.0 283.0 224.0 354.0
WheatHead 407.0 44.0 530.0 126.0
WheatHead 269.0 0.0 362.0 71.0
WheatHead 647.0 165.0 732.0 234.0
WheatHead 169.0 22.0 235.0 85.0
WheatHead 0.0 37.0 77.0 108.0
WheatHead 2.0 129.0 81.0 198.0
WheatHead 227.0 621.0 296.0 683.0
WheatHead 135.0 684.0 220.0 763.0
WheatHead 183.0 75.0 262.0 149.0
WheatHead 280.0 459.0 347.0 527.0
