WheatHead 562.0 446.0 643.0 539.0
WheatHead 315.0 589.0 378.0 673.0
WheatHead 283.0 671.0 353.0 763.0
WheatHead 263.0 337.0 324.0 427.0
WheatHead 692.0 353.0 774.0 425.0
WheatHead 460.0 640.0 524.0 726.0
WheatHead 588.0 892.0 670.0 992.0
WheatHead 487.0 223.0 574.0 301.0
WheatHead 771.0 548.0 853.0 617.0
WheatHead 397.0 352.0 479.0 454.0
WheatHead 790.0 68.0 880.0 150.0
WheatHead 270.0 486.0 352.0 550.0
WheatHead 589.0 262.0 664.0 320.0
WheatHead 857.0 38.0 892.0 121.0
WheatHead 32.0 736.0 135.0 834.0
WheatHead 154.0 827.0 225.0 902.0
WheatHead 42.0 388.0 131.0 466.0
WheatHead 969.0 319.0 1024.0 375.0
WheatHead 2.0 940.0 80.0 995.0
WheatHead 537.0 1.0 604.0 72.0
WheatHead 674.0 124.0 729.0 226.0
WheatHead 780.0 218.0 861.0 304.0
WheatHead 587.0 290.0 651.0 346.0
WheatHead 703.0 800.0 735.0 880.0
WheatHead 105.0 15.0 176.0 76.0
WheatHead 827.0 408.0 886.0 443.0
WheatHead 58.0 208.0 122.0 262.0
WheatHead 255.0 158.0 316.0 245.0
WheatHead 868.0 170.0 943.0 244.0
WheatHead 795.0 632.0 851.0 700.0
WheatHead 335.0 570.0 427.0 607.0
WheatHead 909.0 141.0 962.0 210.0
WheatHead 223.0 420.0 305.0 495.0
WheatHead 140.0 629.0 224.0 677.0
WheatHead 927.0 634.0 980.0 684.0
WheatHead 221.0 229.0 288.0 304.0
WheatHead 145.0 395.0 230.0 446.0
WheatHead 558.0 787.0 607.0 861.0
WheatHead 700.0 458.0 770.0 501.0
WheatHead 972.0 155.0 1024.0 243.0
WheatHead 193.0 555.0 271.0 599.0
WheatHead 731.0 947.0 778.0 1000.0
WheatHead 921.0 528.0 948.0 595.0
WheatHead 435.0 965.0 517.0 1003.0
WheatHead 1008.0 689.0 1024.0 749.0
WheatHead 348.0 674.0 450.0 779.0
WheatHead 0.0 296.0 57.0 346.0
WheatHead 675.0 0.0 720.0 49.0
WheatHead 16.0 234.0 86.0 279.0
WheatHead 800.0 678.0 849.0 735.0
WheatHead 1010.0 645.0 1024.0 708.0
WheatHead 918.0 92.0 961.0 166.0
WheatHead 943.0 874.0 988.0 950.0
WheatHead 402.0 897.0 489.0 935.0
WheatHead 939.0 622.0 992.0 679.0
WheatHead 862.0 554.0 928.0 626.0
WheatHead 907.0 582.0 989.0 632.0
WheatHead 383.0 634.0 427.0 694.0
WheatHead 745.0 536.0 795.0 618.0
WheatHead 602.0 210.0 659.0 260.0
WheatHead 518.0 968.0 548.0 1024.0
WheatHead 94.0 899.0 173.0 927.0
WheatHead 581.0 722.0 614.0 783.0
WheatHead 809.0 629.0 862.0 703.0
WheatHead 851.0 335.0 894.0 378.0
WheatHead 165.0 976.0 238.0 991.0
WheatHead 966.0 53.0 998.0 147.0
WheatHead 181.0 204.0 221.0 271.0
WheatHead 1004.0 86.0 1024.0 140.0
WheatHead 585.0 277.0 658.0 337.0
WheatHead 607.0 65.0 655.0 107.0
WheatHead 826.0 1002.0 872.0 1022.0
WheatHead 342.0 417.0 386.0 468.0
WheatHead 651.0 233.0 707.0 275.0
WheatHead 117.0 578.0 230.0 670.0
WheatHead 1.0 447.0 27.0 499.0
WheatHead 271.0 165.0 324.0 252.0
WheatHead 998.0 960.0 1024.0 996.0
WheatHead 1006.0 907.0 1024.0 965.0
WheatHead 662.0 821.0 696.0 877.0
WheatHead 505.0 905.0 592.0 971.0
WheatHead 412.0 398.0 475.0 462.0
WheatHead 712.0 806.0 759.0 842.0
WheatHead 18.0 973.0 99.0 1024.0
WheatHead 497.0 473.0 536.0 527.0
WheatHead 804.0 129.0 866.0 184.0
WheatHead 963.0 703.0 1024.0 789.0
