WheatHead 804.0 757.0 866.0 850.0
WheatHead 981.0 43.0 1024.0 140.0
WheatHead 488.0 163.0 574.0 253.0
WheatHead 619.0 260.0 700.0 356.0
WheatHead 592.0 0.0 677.0 70.0
WheatHead 77.0 544.0 184.0 603.0
WheatHead 985.0 378.0 1024.0 481.0
WheatHead 574.0 645.0 645.0 737.0
WheatHead 282.0 648.0 412.0 702.0
WheatHead 15.0 66.0 135.0 206.0
WheatHead 558.0 558.0 658.0 652.0
WheatHead 30.0 731.0 101.0 820.0
WheatHead 124.0 10.0 215.0 113.0
WheatHead 416.0 21.0 516.0 83.0
WheatHead 950.0 963.0 1018.0 1024.0
WheatHead 577.0 775.0 660.0 839.0
WheatHead 279.0 929.0 367.0 985.0
WheatHead 100.0 751.0 171.0 827.0
WheatHead 290.0 608.0 427.0 670.0
WheatHead 94.0 614.0 179.0 711.0
WheatHead 8.0 1.0 99.0 57.0
WheatHead 634.0 157.0 700.0 260.0
WheatHead 932.0 349.0 1004.0 447.0
WheatHead 244.0 354.0 330.0 451.0
WheatHead 764.0 61.0 816.0 167.0
WheatHead 453.0 599.0 552.0 701.0
WheatHead 483.0 772.0 562.0 849.0
WheatHead 158.0 653.0 238.0 739.0
WheatHead 188.0 629.0 313.0 713.0
WheatHead 64.0 846.0 163.0 999.0
WheatHead 922.0 898.0 976.0 974.0
WheatHead 846.0 869.0 925.0 958.0
WheatHead 251.0 109.0 363.0 211.0
WheatHead 432.0 858.0 471.0 918.0
WheatHead 984.0 137.0 1024.0 233.0
WheatHead 830.0 371.0 898.0 484.0
WheatHead 838.0 172.0 939.0 274.0
WheatHead 588.0 711.0 653.0 782.0
WheatHead 821.0 267.0 931.0 374.0
WheatHead 370.0 319.0 430.0 386.0
WheatHead 12.0 30.0 80.0 102.0
WheatHead 789.0 24.0 849.0 98.0
WheatHead 860.0 81.0 943.0 157.0
WheatHead 494.0 398.0 619.0 482.0
WheatHead 105.0 289.0 205.0 384.0
WheatHead 920.0 271.0 988.0 348.0
WheatHead 849.0 1.0 914.0 49.0
WheatHead 765.0 197.0 858.0 274.0
WheatHead 48.0 260.0 215.0 327.0
WheatHead 73.0 88.0 154.0 166.0
WheatHead 674.0 162.0 772.0 203.0
WheatHead 189.0 737.0 279.0 780.0
WheatHead 753.0 367.0 808.0 423.0
WheatHead 178.0 233.0 261.0 318.0
WheatHead 503.0 911.0 593.0 978.0
WheatHead 678.0 36.0 760.0 79.0
WheatHead 446.0 54.0 521.0 136.0
WheatHead 688.0 990.0 771.0 1024.0
WheatHead 251.0 424.0 314.0 462.0
WheatHead 32.0 808.0 163.0 877.0
WheatHead 173.0 5.0 203.0 70.0
WheatHead 866.0 267.0 943.0 320.0
WheatHead 832.0 697.0 865.0 778.0
WheatHead 23.0 401.0 88.0 446.0
WheatHead 608.0 992.0 666.0 1024.0
WheatHead 606.0 940.0 648.0 1014.0
WheatHead 503.0 1.0 544.0 28.0
WheatHead 1.0 225.0 45.0 297.0
WheatHead 107.0 797.0 143.0 864.0
WheatHead 3.0 689.0 49.0 733.0
WheatHead 876.0 120.0 943.0 169.0
WheatHead 447.0 368.0 499.0 421.0
WheatHead 613.0 347.0 692.0 404.0
WheatHead 779.0 0.0 813.0 31.0
