WheatHead 351.0 246.0 413.0 332.0
WheatHead 249.0 565.0 352.0 618.0
WheatHead 882.0 337.0 947.0 424.0
WheatHead 453.0 46.0 546.0 114.0
WheatHead 679.0 507.0 759.0 589.0
WheatHead 731.0 496.0 811.0 563.0
WheatHead 153.0 62.0 238.0 126.0
WheatHead 842.0 125.0 969.0 186.0
WheatHead 0.0 722.0 117.0 784.0
WheatHead 574.0 580.0 655.0 637.0
WheatHead 993.0 180.0 1024.0 225.0
WheatHead 978.0 251.0 1024.0 319.0
WheatHead 683.0 319.0 802.0 405.0
WheatHead 416.0 676.0 508.0 753.0
WheatHead 983.0 960.0 1024.0 991.0
WheatHead 112.0 910.0 198.0 1011.0
WheatHead 364.0 400.0 434.0 442.0
WheatHead 749.0 36.0 827.0 103.0
WheatHead 181.0 741.0 249.0 787.0
WheatHead 999.0 87.0 1024.0 130.0
WheatHead 94.0 169.0 207.0 215.0
WheatHead 214.0 0.0 321.0 52.0
WheatHead 99.0 245.0 181.0 327.0
WheatHead 849.0 274.0 913.0 323.0
WheatHead 615.0 378.0 696.0 438.0
WheatHead 541.0 689.0 619.0 748.0
WheatHead 51.0 483.0 151.0 536.0
WheatHead 816.0 643.0 892.0 700.0
WheatHead 0.0 406.0 129.0 450.0
WheatHead 521.0 2.0 608.0 100.0
WheatHead 724.0 233.0 791.0 290.0
WheatHead 201.0 988.0 314.0 1024.0
WheatHead 768.0 574.0 844.0 631.0
WheatHead 748.0 694.0 804.0 737.0
WheatHead 514.0 159.0 577.0 241.0
WheatHead 167.0 436.0 276.0 494.0
WheatHead 939.0 916.0 1024.0 964.0
WheatHead 376.0 506.0 436.0 588.0
WheatHead 685.0 762.0 750.0 810.0
WheatHead 447.0 968.0 511.0 1011.0
WheatHead 98.0 5.0 214.0 45.0
WheatHead 317.0 836.0 443.0 884.0
WheatHead 578.0 427.0 665.0 457.0
WheatHead 276.0 872.0 326.0 935.0
WheatHead 918.0 612.0 996.0 673.0
WheatHead 672.0 905.0 727.0 966.0
WheatHead 598.0 214.0 655.0 268.0
WheatHead 38.0 666.0 118.0 702.0
WheatHead 619.0 279.0 693.0 331.0
WheatHead 362.0 659.0 428.0 713.0
WheatHead 22.0 302.0 137.0 359.0
WheatHead 0.0 928.0 99.0 976.0
WheatHead 42.0 987.0 129.0 1020.0
WheatHead 525.0 996.0 626.0 1024.0
WheatHead 462.0 565.0 556.0 626.0
WheatHead 835.0 775.0 911.0 817.0
WheatHead 318.0 387.0 370.0 436.0
WheatHead 165.0 891.0 261.0 965.0
WheatHead 982.0 760.0 1024.0 790.0
WheatHead 545.0 780.0 626.0 813.0
WheatHead 173.0 279.0 249.0 333.0
WheatHead 195.0 350.0 282.0 411.0
WheatHead 990.0 784.0 1024.0 827.0
WheatHead 716.0 0.0 780.0 45.0
WheatHead 7.0 569.0 91.0 617.0
WheatHead 615.0 1.0 664.0 35.0
WheatHead 884.0 978.0 943.0 1018.0
WheatHead 6.0 58.0 134.0 101.0
WheatHead 372.0 979.0 467.0 1023.0
WheatHead 151.0 723.0 229.0 756.0
WheatHead 104.0 684.0 183.0 721.0
WheatHead 43.0 636.0 116.0 679.0
WheatHead 611.0 860.0 693.0 914.0
WheatHead 512.0 765.0 625.0 826.0
WheatHead 487.0 667.0 548.0 722.0
WheatHead 445.0 526.0 571.0 592.0
WheatHead 848.0 690.0 904.0 728.0
WheatHead 952.0 705.0 1020.0 753.0
WheatHead 1.0 368.0 72.0 411.0
WheatHead 61.0 350.0 129.0 389.0
WheatHead 463.0 338.0 525.0 411.0
WheatHead 299.0 506.0 379.0 562.0
WheatHead 290.0 446.0 377.0 497.0
WheatHead 128.0 366.0 224.0 432.0
