WheatHead 404.0 0.0 499.0 30.0
WheatHead 601.0 0.0 701.0 40.0
WheatHead 620.0 452.0 703.0 599.0
WheatHead 537.0 401.0 619.0 509.0
WheatHead 875.0 532.0 1024.0 660.0
WheatHead 519.0 544.0 636.0 681.0
WheatHead 407.0 130.0 494.0 232.0
WheatHead 417.0 320.0 560.0 448.0
WheatHead 307.0 0.0 396.0 46.0
WheatHead 125.0 89.0 215.0 166.0
WheatHead 56.0 348.0 171.0 427.0
WheatHead 75.0 0.0 159.0 33.0
WheatHead 312.0 245.0 455.0 363.0
WheatHead 593.0 266.0 711.0 358.0
WheatHead 494.0 186.0 609.0 263.0
WheatHead 980.0 399.0 1024.0 524.0
WheatHead 739.0 458.0 803.0 535.0
WheatHead 573.0 104.0 668.0 176.0
WheatHead 929.0 230.0 993.0 317.0
WheatHead 66.0 163.0 176.0 261.0
WheatHead 476.0 230.0 550.0 317.0
WheatHead 1018.0 560.0 1024.0 678.0
WheatHead 650.0 112.0 716.0 207.0
WheatHead 675.0 158.0 737.0 271.0
WheatHead 601.0 240.0 696.0 322.0
WheatHead 1.0 100.0 106.0 208.0
WheatHead 2.0 217.0 61.0 309.0
WheatHead 43.0 238.0 151.0 309.0
WheatHead 43.0 261.0 133.0 396.0
WheatHead 0.0 385.0 57.0 470.0
WheatHead 0.0 429.0 74.0 528.0
WheatHead 156.0 332.0 240.0 524.0
WheatHead 12.0 50.0 93.0 105.0
