WheatHead 57.0 23.0 135.0 118.0
WheatHead 0.0 93.0 103.0 181.0
WheatHead 84.0 173.0 223.0 286.0
WheatHead 202.0 132.0 322.0 240.0
WheatHead 397.0 246.0 494.0 314.0
WheatHead 321.0 397.0 397.0 482.0
WheatHead 594.0 269.0 679.0 346.0
WheatHead 730.0 344.0 823.0 423.0
WheatHead 677.0 273.0 763.0 377.0
WheatHead 817.0 256.0 911.0 350.0
WheatHead 862.0 60.0 965.0 157.0
WheatHead 734.0 2.0 817.0 92.0
WheatHead 586.0 7.0 705.0 72.0
WheatHead 974.0 364.0 1024.0 429.0
WheatHead 750.0 653.0 825.0 716.0
WheatHead 657.0 606.0 728.0 673.0
WheatHead 263.0 582.0 381.0 707.0
WheatHead 494.0 728.0 590.0 783.0
WheatHead 314.0 817.0 409.0 878.0
WheatHead 190.0 828.0 305.0 919.0
WheatHead 31.0 805.0 116.0 913.0
WheatHead 130.0 947.0 206.0 1024.0
WheatHead 19.0 965.0 88.0 1024.0
WheatHead 427.0 982.0 549.0 1024.0
WheatHead 527.0 882.0 588.0 958.0
WheatHead 464.0 837.0 594.0 891.0
WheatHead 633.0 813.0 746.0 876.0
WheatHead 823.0 791.0 905.0 878.0
WheatHead 748.0 958.0 842.0 1024.0
WheatHead 874.0 917.0 954.0 1021.0
WheatHead 994.0 830.0 1024.0 909.0
WheatHead 309.0 945.0 372.0 1008.0
WheatHead 942.0 887.0 1024.0 964.0
