WheatHead 163.0 39.0 238.0 173.0
WheatHead 152.0 245.0 225.0 328.0
WheatHead 45.0 336.0 126.0 425.0
WheatHead 225.0 309.0 322.0 369.0
WheatHead 359.0 238.0 452.0 299.0
WheatHead 490.0 111.0 583.0 212.0
WheatHead 391.0 66.0 486.0 126.0
WheatHead 271.0 123.0 328.0 206.0
WheatHead 269.0 198.0 382.0 292.0
WheatHead 393.0 141.0 470.0 216.0
WheatHead 603.0 210.0 701.0 287.0
WheatHead 422.0 542.0 559.0 619.0
WheatHead 695.0 489.0 818.0 593.0
WheatHead 802.0 453.0 920.0 527.0
WheatHead 962.0 454.0 1024.0 565.0
WheatHead 950.0 285.0 1024.0 391.0
WheatHead 960.0 130.0 1024.0 208.0
WheatHead 742.0 0.0 935.0 161.0
WheatHead 23.0 0.0 92.0 55.0
WheatHead 71.0 815.0 172.0 900.0
WheatHead 139.0 729.0 243.0 813.0
WheatHead 281.0 758.0 369.0 830.0
WheatHead 419.0 737.0 490.0 803.0
WheatHead 505.0 740.0 585.0 808.0
WheatHead 504.0 841.0 579.0 908.0
WheatHead 496.0 894.0 583.0 985.0
WheatHead 639.0 982.0 757.0 1024.0
WheatHead 686.0 866.0 754.0 968.0
WheatHead 773.0 854.0 916.0 931.0
WheatHead 836.0 953.0 901.0 1024.0
WheatHead 916.0 916.0 996.0 1016.0
WheatHead 881.0 688.0 974.0 783.0
WheatHead 688.0 707.0 781.0 789.0
WheatHead 404.0 311.0 455.0 376.0
WheatHead 713.0 634.0 735.0 654.0
