WheatHead 916.0 670.0 993.0 732.0
WheatHead 735.0 388.0 800.0 480.0
WheatHead 629.0 647.0 704.0 714.0
WheatHead 653.0 295.0 730.0 385.0
WheatHead 696.0 107.0 775.0 222.0
WheatHead 888.0 422.0 988.0 536.0
WheatHead 711.0 522.0 785.0 588.0
WheatHead 711.0 686.0 780.0 762.0
WheatHead 755.0 954.0 834.0 1021.0
WheatHead 602.0 547.0 662.0 598.0
WheatHead 883.0 563.0 949.0 645.0
WheatHead 0.0 674.0 52.0 759.0
WheatHead 847.0 192.0 924.0 317.0
WheatHead 842.0 76.0 931.0 189.0
WheatHead 496.0 284.0 581.0 348.0
WheatHead 908.0 834.0 1006.0 908.0
WheatHead 945.0 912.0 1024.0 976.0
WheatHead 729.0 588.0 793.0 657.0
WheatHead 17.0 205.0 100.0 297.0
WheatHead 848.0 337.0 918.0 416.0
WheatHead 47.0 606.0 115.0 732.0
WheatHead 535.0 207.0 624.0 289.0
WheatHead 739.0 2.0 816.0 92.0
WheatHead 893.0 263.0 949.0 401.0
WheatHead 811.0 591.0 867.0 665.0
