WheatHead 834.0 28.0 901.0 144.0
WheatHead 243.0 151.0 344.0 230.0
WheatHead 836.0 203.0 905.0 297.0
WheatHead 954.0 410.0 1024.0 481.0
WheatHead 705.0 719.0 791.0 794.0
WheatHead 939.0 300.0 1017.0 401.0
WheatHead 979.0 771.0 1024.0 860.0
WheatHead 507.0 852.0 635.0 919.0
WheatHead 937.0 50.0 1024.0 172.0
WheatHead 805.0 478.0 943.0 540.0
WheatHead 780.0 923.0 936.0 986.0
WheatHead 348.0 953.0 416.0 1024.0
WheatHead 146.0 374.0 207.0 449.0
WheatHead 354.0 331.0 428.0 412.0
WheatHead 984.0 1.0 1024.0 60.0
WheatHead 42.0 109.0 147.0 192.0
WheatHead 771.0 574.0 843.0 656.0
WheatHead 461.0 738.0 529.0 786.0
WheatHead 632.0 69.0 708.0 122.0
WheatHead 718.0 374.0 785.0 442.0
WheatHead 382.0 118.0 475.0 189.0
WheatHead 480.0 579.0 605.0 643.0
WheatHead 608.0 365.0 683.0 407.0
WheatHead 772.0 857.0 860.0 898.0
WheatHead 961.0 965.0 1022.0 1003.0
WheatHead 701.0 937.0 772.0 977.0
WheatHead 634.0 969.0 770.0 1014.0
WheatHead 233.0 830.0 359.0 877.0
WheatHead 223.0 417.0 319.0 477.0
WheatHead 640.0 760.0 726.0 795.0
WheatHead 273.0 253.0 374.0 292.0
WheatHead 190.0 864.0 312.0 921.0
WheatHead 780.0 661.0 861.0 695.0
WheatHead 262.0 477.0 414.0 533.0
WheatHead 746.0 47.0 789.0 124.0
WheatHead 507.0 404.0 585.0 498.0
WheatHead 382.0 473.0 458.0 546.0
WheatHead 196.0 802.0 286.0 851.0
WheatHead 121.0 487.0 204.0 528.0
WheatHead 162.0 294.0 243.0 322.0
WheatHead 247.0 15.0 353.0 106.0
WheatHead 226.0 83.0 285.0 159.0
WheatHead 118.0 991.0 187.0 1022.0
WheatHead 527.0 76.0 633.0 143.0
WheatHead 192.0 464.0 278.0 529.0
WheatHead 823.0 551.0 879.0 582.0
WheatHead 449.0 90.0 548.0 157.0
WheatHead 815.0 965.0 862.0 1017.0
WheatHead 244.0 660.0 297.0 705.0
WheatHead 342.0 859.0 472.0 925.0
WheatHead 899.0 658.0 963.0 707.0
WheatHead 442.0 437.0 528.0 503.0
WheatHead 0.0 911.0 113.0 963.0
WheatHead 860.0 862.0 927.0 897.0
WheatHead 436.0 932.0 531.0 968.0
WheatHead 539.0 491.0 608.0 524.0
WheatHead 0.0 797.0 43.0 831.0
WheatHead 436.0 531.0 516.0 574.0
WheatHead 410.0 169.0 562.0 253.0
WheatHead 60.0 863.0 173.0 901.0
WheatHead 704.0 801.0 774.0 841.0
WheatHead 537.0 505.0 625.0 543.0
WheatHead 2.0 653.0 106.0 699.0
WheatHead 137.0 129.0 185.0 161.0
WheatHead 386.0 973.0 501.0 1006.0
WheatHead 81.0 627.0 216.0 684.0
WheatHead 574.0 955.0 621.0 991.0
WheatHead 972.0 506.0 1024.0 580.0
WheatHead 794.0 567.0 842.0 614.0
WheatHead 1005.0 825.0 1023.0 894.0
WheatHead 0.0 192.0 92.0 249.0
WheatHead 36.0 988.0 92.0 1022.0
WheatHead 878.0 624.0 963.0 685.0
WheatHead 409.0 911.0 513.0 974.0
WheatHead 948.0 0.0 995.0 45.0
WheatHead 481.0 51.0 544.0 113.0
WheatHead 123.0 920.0 265.0 988.0
WheatHead 783.0 124.0 821.0 173.0
WheatHead 0.0 943.0 73.0 973.0
WheatHead 66.0 887.0 187.0 950.0
WheatHead 0.0 475.0 53.0 558.0
WheatHead 167.0 634.0 232.0 693.0
