WheatHead 928.0 275.0 1024.0 363.0
WheatHead 925.0 460.0 1019.0 563.0
WheatHead 837.0 531.0 934.0 627.0
WheatHead 717.0 585.0 877.0 687.0
WheatHead 484.0 457.0 638.0 606.0
WheatHead 773.0 335.0 866.0 414.0
WheatHead 275.0 164.0 391.0 246.0
WheatHead 141.0 662.0 294.0 775.0
WheatHead 278.0 845.0 401.0 963.0
WheatHead 482.0 768.0 568.0 860.0
WheatHead 69.0 866.0 201.0 956.0
WheatHead 181.0 140.0 280.0 289.0
WheatHead 81.0 307.0 168.0 397.0
WheatHead 144.0 387.0 220.0 474.0
WheatHead 31.0 433.0 112.0 500.0
WheatHead 0.0 489.0 69.0 570.0
WheatHead 290.0 457.0 356.0 536.0
WheatHead 400.0 434.0 457.0 515.0
WheatHead 316.0 402.0 379.0 463.0
WheatHead 336.0 350.0 488.0 449.0
WheatHead 641.0 492.0 704.0 560.0
WheatHead 830.0 461.0 873.0 508.0
WheatHead 463.0 246.0 566.0 342.0
WheatHead 561.0 109.0 631.0 157.0
WheatHead 517.0 0.0 637.0 61.0
WheatHead 887.0 326.0 944.0 395.0
WheatHead 901.0 220.0 972.0 285.0
WheatHead 816.0 69.0 913.0 128.0
WheatHead 973.0 0.0 1024.0 60.0
WheatHead 771.0 0.0 912.0 39.0
WheatHead 846.0 18.0 921.0 73.0
WheatHead 380.0 611.0 565.0 709.0
WheatHead 536.0 714.0 599.0 780.0
WheatHead 763.0 763.0 855.0 827.0
WheatHead 774.0 885.0 844.0 956.0
WheatHead 918.0 868.0 997.0 915.0
WheatHead 573.0 873.0 655.0 991.0
WheatHead 470.0 899.0 534.0 942.0
WheatHead 419.0 935.0 514.0 1012.0
WheatHead 0.0 216.0 123.0 328.0
WheatHead 0.0 52.0 74.0 157.0
WheatHead 0.0 231.0 128.0 321.0
