WheatHead 993.0 588.0 1024.0 656.0
WheatHead 655.0 693.0 757.0 749.0
WheatHead 992.0 92.0 1024.0 148.0
WheatHead 527.0 866.0 638.0 922.0
WheatHead 248.0 688.0 300.0 780.0
WheatHead 513.0 536.0 587.0 615.0
WheatHead 734.0 894.0 821.0 969.0
WheatHead 13.0 23.0 120.0 69.0
WheatHead 548.0 476.0 653.0 539.0
WheatHead 638.0 2.0 760.0 106.0
WheatHead 1.0 39.0 92.0 106.0
WheatHead 151.0 30.0 247.0 117.0
WheatHead 604.0 600.0 712.0 658.0
WheatHead 857.0 77.0 946.0 147.0
WheatHead 243.0 69.0 373.0 151.0
WheatHead 987.0 748.0 1024.0 783.0
WheatHead 681.0 491.0 793.0 549.0
WheatHead 1.0 91.0 92.0 154.0
WheatHead 912.0 547.0 989.0 588.0
WheatHead 570.0 123.0 720.0 186.0
WheatHead 311.0 38.0 416.0 85.0
WheatHead 641.0 855.0 729.0 917.0
WheatHead 450.0 0.0 522.0 51.0
WheatHead 750.0 729.0 841.0 796.0
WheatHead 461.0 310.0 573.0 353.0
WheatHead 750.0 686.0 831.0 735.0
WheatHead 370.0 965.0 473.0 1013.0
WheatHead 852.0 328.0 1002.0 377.0
WheatHead 978.0 23.0 1024.0 76.0
WheatHead 88.0 954.0 237.0 1005.0
WheatHead 0.0 255.0 83.0 285.0
WheatHead 693.0 259.0 772.0 395.0
WheatHead 1007.0 782.0 1024.0 841.0
WheatHead 996.0 462.0 1024.0 486.0
WheatHead 585.0 464.0 670.0 495.0
WheatHead 617.0 439.0 689.0 479.0
WheatHead 958.0 375.0 1024.0 409.0
WheatHead 802.0 271.0 899.0 303.0
WheatHead 921.0 792.0 987.0 827.0
WheatHead 1011.0 931.0 1024.0 959.0
WheatHead 648.0 218.0 760.0 256.0
WheatHead 795.0 70.0 894.0 143.0
WheatHead 288.0 300.0 406.0 337.0
WheatHead 25.0 651.0 144.0 699.0
WheatHead 11.0 343.0 97.0 388.0
WheatHead 169.0 645.0 286.0 684.0
WheatHead 432.0 891.0 546.0 976.0
WheatHead 207.0 924.0 374.0 973.0
WheatHead 73.0 774.0 227.0 815.0
WheatHead 352.0 749.0 398.0 823.0
WheatHead 259.0 57.0 349.0 110.0
WheatHead 346.0 829.0 410.0 881.0
WheatHead 845.0 36.0 925.0 102.0
WheatHead 50.0 899.0 116.0 950.0
WheatHead 278.0 449.0 368.0 479.0
WheatHead 299.0 393.0 529.0 442.0
WheatHead 862.0 839.0 963.0 884.0
WheatHead 167.0 284.0 270.0 318.0
WheatHead 692.0 831.0 760.0 866.0
WheatHead 817.0 410.0 1003.0 457.0
WheatHead 782.0 513.0 859.0 559.0
WheatHead 1.0 356.0 64.0 393.0
WheatHead 488.0 726.0 673.0 784.0
WheatHead 311.0 978.0 442.0 1024.0
WheatHead 432.0 274.0 521.0 305.0
WheatHead 336.0 257.0 437.0 310.0
WheatHead 755.0 0.0 801.0 25.0
WheatHead 195.0 673.0 285.0 732.0
WheatHead 505.0 918.0 561.0 966.0
WheatHead 79.0 829.0 196.0 881.0
WheatHead 866.0 152.0 950.0 185.0
WheatHead 218.0 854.0 294.0 891.0
WheatHead 162.0 551.0 228.0 567.0
WheatHead 783.0 418.0 860.0 471.0
WheatHead 231.0 951.0 312.0 1007.0
WheatHead 319.0 472.0 480.0 517.0
WheatHead 417.0 491.0 509.0 558.0
WheatHead 115.0 492.0 255.0 544.0
WheatHead 220.0 511.0 373.0 553.0
WheatHead 495.0 189.0 554.0 229.0
WheatHead 829.0 9.0 943.0 46.0
WheatHead 832.0 345.0 938.0 388.0
