WheatHead 681.0 931.0 752.0 1024.0
WheatHead 311.0 58.0 437.0 178.0
WheatHead 645.0 681.0 715.0 749.0
WheatHead 148.0 126.0 239.0 218.0
WheatHead 570.0 196.0 656.0 299.0
WheatHead 30.0 176.0 84.0 253.0
WheatHead 303.0 438.0 393.0 525.0
WheatHead 423.0 270.0 540.0 359.0
WheatHead 31.0 83.0 101.0 191.0
WheatHead 90.0 629.0 204.0 682.0
WheatHead 946.0 232.0 999.0 316.0
WheatHead 73.0 327.0 157.0 421.0
WheatHead 238.0 140.0 313.0 248.0
WheatHead 876.0 480.0 982.0 585.0
WheatHead 562.0 552.0 664.0 610.0
WheatHead 0.0 558.0 93.0 643.0
WheatHead 178.0 374.0 303.0 479.0
WheatHead 352.0 401.0 439.0 469.0
WheatHead 361.0 64.0 494.0 166.0
WheatHead 723.0 458.0 890.0 533.0
WheatHead 342.0 831.0 416.0 903.0
WheatHead 409.0 894.0 513.0 950.0
WheatHead 136.0 431.0 261.0 524.0
WheatHead 155.0 109.0 245.0 165.0
WheatHead 477.0 636.0 574.0 689.0
WheatHead 856.0 537.0 899.0 622.0
WheatHead 724.0 558.0 798.0 614.0
WheatHead 163.0 323.0 256.0 361.0
WheatHead 253.0 387.0 345.0 457.0
WheatHead 38.0 359.0 132.0 421.0
WheatHead 862.0 449.0 938.0 510.0
WheatHead 749.0 211.0 785.0 285.0
WheatHead 385.0 914.0 457.0 954.0
WheatHead 978.0 902.0 1024.0 973.0
WheatHead 416.0 756.0 465.0 815.0
WheatHead 468.0 54.0 527.0 96.0
WheatHead 375.0 680.0 436.0 729.0
WheatHead 23.0 57.0 116.0 91.0
WheatHead 544.0 215.0 592.0 294.0
WheatHead 495.0 141.0 587.0 199.0
WheatHead 20.0 445.0 72.0 510.0
WheatHead 65.0 525.0 146.0 577.0
WheatHead 258.0 0.0 299.0 23.0
WheatHead 765.0 550.0 843.0 604.0
WheatHead 382.0 832.0 462.0 875.0
WheatHead 793.0 824.0 841.0 892.0
WheatHead 49.0 655.0 118.0 679.0
WheatHead 674.0 550.0 727.0 591.0
WheatHead 415.0 167.0 494.0 216.0
WheatHead 450.0 530.0 529.0 591.0
WheatHead 430.0 972.0 548.0 1021.0
WheatHead 390.0 821.0 471.0 856.0
WheatHead 192.0 791.0 278.0 885.0
WheatHead 1006.0 233.0 1024.0 294.0
WheatHead 170.0 690.0 256.0 738.0
WheatHead 31.0 158.0 95.0 252.0
WheatHead 218.0 746.0 330.0 789.0
WheatHead 837.0 978.0 940.0 1014.0
WheatHead 320.0 1005.0 399.0 1024.0
WheatHead 603.0 912.0 645.0 954.0
WheatHead 0.0 957.0 50.0 1008.0
WheatHead 746.0 783.0 799.0 855.0
WheatHead 5.0 20.0 92.0 66.0
WheatHead 259.0 832.0 348.0 936.0
WheatHead 774.0 887.0 862.0 939.0
WheatHead 547.0 522.0 618.0 586.0
WheatHead 570.0 717.0 741.0 859.0
WheatHead 27.0 756.0 128.0 853.0
WheatHead 160.0 386.0 246.0 450.0
WheatHead 81.0 949.0 181.0 992.0
WheatHead 135.0 973.0 245.0 1014.0
WheatHead 38.0 976.0 94.0 1024.0
WheatHead 701.0 773.0 776.0 862.0
WheatHead 699.0 837.0 801.0 922.0
WheatHead 299.0 241.0 403.0 301.0
WheatHead 281.0 176.0 387.0 258.0
WheatHead 122.0 468.0 219.0 557.0
