WheatHead 776.0 570.0 845.0 658.0
WheatHead 724.0 824.0 791.0 912.0
WheatHead 599.0 823.0 682.0 909.0
WheatHead 709.0 438.0 767.0 544.0
WheatHead 69.0 147.0 143.0 229.0
WheatHead 13.0 299.0 120.0 383.0
WheatHead 91.0 608.0 184.0 669.0
WheatHead 606.0 1.0 675.0 66.0
WheatHead 342.0 54.0 413.0 129.0
WheatHead 662.0 0.0 704.0 68.0
WheatHead 431.0 13.0 484.0 91.0
WheatHead 0.0 835.0 72.0 920.0
WheatHead 733.0 387.0 809.0 477.0
WheatHead 217.0 226.0 292.0 309.0
WheatHead 208.0 913.0 300.0 966.0
WheatHead 438.0 442.0 509.0 532.0
WheatHead 405.0 184.0 484.0 290.0
WheatHead 801.0 248.0 866.0 393.0
WheatHead 442.0 614.0 525.0 675.0
WheatHead 664.0 279.0 748.0 367.0
WheatHead 928.0 75.0 998.0 132.0
WheatHead 891.0 247.0 936.0 322.0
WheatHead 161.0 486.0 273.0 595.0
WheatHead 66.0 888.0 159.0 968.0
WheatHead 391.0 824.0 431.0 940.0
WheatHead 135.0 841.0 241.0 892.0
WheatHead 805.0 229.0 931.0 348.0
WheatHead 1007.0 798.0 1024.0 895.0
WheatHead 24.0 821.0 118.0 888.0
WheatHead 233.0 819.0 348.0 907.0
WheatHead 28.0 398.0 121.0 476.0
WheatHead 0.0 182.0 81.0 268.0
WheatHead 76.0 256.0 186.0 324.0
WheatHead 513.0 195.0 588.0 288.0
WheatHead 962.0 910.0 1024.0 972.0
WheatHead 19.0 480.0 146.0 573.0
WheatHead 633.0 572.0 666.0 660.0
WheatHead 481.0 252.0 576.0 326.0
WheatHead 600.0 415.0 671.0 465.0
WheatHead 47.0 447.0 131.0 532.0
WheatHead 858.0 24.0 921.0 86.0
WheatHead 780.0 318.0 836.0 389.0
WheatHead 581.0 219.0 697.0 279.0
WheatHead 288.0 719.0 365.0 832.0
WheatHead 253.0 613.0 364.0 705.0
WheatHead 521.0 703.0 587.0 748.0
WheatHead 98.0 54.0 166.0 95.0
WheatHead 306.0 972.0 395.0 1021.0
WheatHead 316.0 688.0 379.0 750.0
WheatHead 28.0 5.0 102.0 69.0
WheatHead 584.0 271.0 670.0 322.0
WheatHead 562.0 589.0 643.0 644.0
WheatHead 751.0 980.0 841.0 1024.0
WheatHead 735.0 200.0 795.0 252.0
WheatHead 0.0 533.0 84.0 617.0
WheatHead 886.0 587.0 946.0 637.0
WheatHead 365.0 0.0 408.0 43.0
WheatHead 296.0 0.0 345.0 38.0
WheatHead 433.0 880.0 505.0 931.0
WheatHead 477.0 988.0 553.0 1024.0
WheatHead 434.0 553.0 526.0 614.0
WheatHead 520.0 928.0 595.0 962.0
WheatHead 955.0 0.0 1019.0 50.0
WheatHead 834.0 848.0 905.0 913.0
WheatHead 943.0 450.0 993.0 516.0
WheatHead 341.0 578.0 449.0 644.0
WheatHead 202.0 326.0 261.0 401.0
WheatHead 286.0 499.0 404.0 584.0
WheatHead 802.0 835.0 831.0 898.0
WheatHead 206.0 469.0 255.0 547.0
WheatHead 2.0 588.0 83.0 626.0
WheatHead 157.0 229.0 215.0 277.0
WheatHead 0.0 230.0 61.0 275.0
WheatHead 376.0 435.0 450.0 477.0
WheatHead 950.0 725.0 982.0 774.0
WheatHead 7.0 443.0 88.0 553.0
WheatHead 140.0 887.0 207.0 936.0
WheatHead 256.0 669.0 328.0 715.0
WheatHead 128.0 760.0 204.0 786.0
WheatHead 379.0 636.0 446.0 685.0
WheatHead 479.0 0.0 520.0 32.0
WheatHead 109.0 806.0 172.0 846.0
WheatHead 742.0 131.0 803.0 169.0
WheatHead 561.0 268.0 665.0 423.0
WheatHead 434.0 945.0 501.0 980.0
WheatHead 0.0 4.0 25.0 75.0
WheatHead 693.0 1.0 738.0 31.0
WheatHead 878.0 642.0 918.0 680.0
WheatHead 914.0 404.0 953.0 447.0
WheatHead 545.0 984.0 614.0 1014.0
WheatHead 748.0 232.0 781.0 294.0
WheatHead 484.0 21.0 542.0 72.0
WheatHead 267.0 481.0 320.0 548.0
WheatHead 139.0 927.0 234.0 957.0
WheatHead 523.0 576.0 620.0 610.0
WheatHead 23.0 523.0 55.0 551.0
