WheatHead 0.0 773.0 42.0 841.0
WheatHead 76.0 813.0 152.0 888.0
WheatHead 97.0 744.0 167.0 830.0
WheatHead 0.0 624.0 62.0 739.0
WheatHead 95.0 624.0 162.0 673.0
WheatHead 208.0 719.0 275.0 775.0
WheatHead 0.0 477.0 33.0 578.0
WheatHead 156.0 439.0 233.0 494.0
WheatHead 92.0 345.0 159.0 424.0
WheatHead 91.0 260.0 167.0 341.0
WheatHead 132.0 237.0 187.0 299.0
WheatHead 204.0 389.0 301.0 476.0
WheatHead 299.0 398.0 388.0 471.0
WheatHead 380.0 374.0 491.0 450.0
WheatHead 412.0 608.0 472.0 681.0
WheatHead 314.0 723.0 397.0 800.0
WheatHead 367.0 796.0 495.0 902.0
WheatHead 227.0 948.0 301.0 1019.0
WheatHead 360.0 954.0 415.0 1001.0
WheatHead 396.0 903.0 467.0 971.0
WheatHead 308.0 235.0 396.0 295.0
WheatHead 310.0 16.0 390.0 128.0
WheatHead 474.0 6.0 556.0 66.0
WheatHead 1.0 55.0 70.0 157.0
WheatHead 87.0 151.0 140.0 211.0
WheatHead 780.0 0.0 842.0 53.0
WheatHead 807.0 70.0 899.0 144.0
WheatHead 997.0 7.0 1024.0 120.0
WheatHead 846.0 252.0 920.0 329.0
WheatHead 798.0 271.0 860.0 333.0
WheatHead 685.0 245.0 751.0 321.0
WheatHead 538.0 272.0 615.0 342.0
WheatHead 614.0 295.0 700.0 387.0
WheatHead 679.0 349.0 741.0 426.0
WheatHead 745.0 397.0 813.0 470.0
WheatHead 942.0 359.0 1006.0 426.0
WheatHead 918.0 408.0 976.0 469.0
WheatHead 832.0 480.0 907.0 538.0
WheatHead 673.0 507.0 741.0 587.0
WheatHead 807.0 522.0 883.0 598.0
WheatHead 837.0 576.0 901.0 646.0
WheatHead 727.0 648.0 836.0 756.0
WheatHead 579.0 829.0 668.0 913.0
WheatHead 675.0 795.0 736.0 861.0
WheatHead 728.0 808.0 794.0 878.0
WheatHead 601.0 904.0 690.0 1002.0
WheatHead 669.0 890.0 742.0 943.0
WheatHead 792.0 938.0 883.0 1024.0
WheatHead 852.0 978.0 925.0 1024.0
WheatHead 218.0 928.0 325.0 998.0
WheatHead 242.0 861.0 319.0 902.0
