WheatHead 607.0 361.0 662.0 453.0
WheatHead 6.0 898.0 69.0 1010.0
WheatHead 228.0 51.0 283.0 146.0
WheatHead 669.0 905.0 741.0 1008.0
WheatHead 468.0 185.0 516.0 307.0
WheatHead 129.0 47.0 191.0 143.0
WheatHead 94.0 853.0 165.0 936.0
WheatHead 361.0 595.0 410.0 692.0
WheatHead 476.0 350.0 558.0 427.0
WheatHead 303.0 0.0 353.0 70.0
WheatHead 309.0 359.0 363.0 451.0
WheatHead 873.0 699.0 927.0 785.0
WheatHead 345.0 1.0 406.0 66.0
WheatHead 811.0 409.0 854.0 496.0
WheatHead 880.0 323.0 917.0 416.0
WheatHead 367.0 383.0 412.0 477.0
WheatHead 0.0 940.0 16.0 1021.0
WheatHead 234.0 334.0 312.0 409.0
WheatHead 802.0 122.0 847.0 203.0
WheatHead 637.0 23.0 691.0 121.0
WheatHead 410.0 920.0 466.0 1011.0
WheatHead 479.0 19.0 559.0 112.0
WheatHead 445.0 913.0 508.0 995.0
WheatHead 538.0 645.0 630.0 736.0
WheatHead 592.0 509.0 655.0 626.0
WheatHead 506.0 581.0 546.0 656.0
WheatHead 686.0 483.0 772.0 587.0
WheatHead 984.0 221.0 1022.0 309.0
WheatHead 797.0 678.0 851.0 753.0
WheatHead 182.0 167.0 241.0 270.0
WheatHead 244.0 0.0 288.0 60.0
WheatHead 753.0 445.0 812.0 578.0
WheatHead 566.0 707.0 618.0 779.0
WheatHead 125.0 573.0 182.0 708.0
WheatHead 46.0 741.0 99.0 815.0
WheatHead 88.0 236.0 178.0 305.0
WheatHead 0.0 15.0 23.0 86.0
WheatHead 793.0 955.0 842.0 1022.0
WheatHead 542.0 843.0 588.0 968.0
WheatHead 920.0 476.0 968.0 619.0
WheatHead 0.0 589.0 12.0 633.0
WheatHead 996.0 137.0 1021.0 206.0
WheatHead 189.0 268.0 215.0 368.0
WheatHead 969.0 506.0 1000.0 603.0
WheatHead 16.0 298.0 101.0 378.0
WheatHead 757.0 808.0 817.0 858.0
WheatHead 0.0 633.0 64.0 690.0
WheatHead 603.0 977.0 640.0 1024.0
WheatHead 786.0 192.0 813.0 289.0
WheatHead 970.0 648.0 1007.0 745.0
WheatHead 262.0 301.0 310.0 375.0
WheatHead 13.0 4.0 99.0 94.0
WheatHead 301.0 980.0 335.0 1024.0
WheatHead 157.0 991.0 189.0 1022.0
WheatHead 776.0 189.0 809.0 285.0
WheatHead 675.0 442.0 738.0 473.0
WheatHead 374.0 1.0 417.0 42.0
WheatHead 559.0 989.0 611.0 1022.0
WheatHead 417.0 157.0 442.0 214.0
WheatHead 664.0 0.0 697.0 35.0
WheatHead 217.0 264.0 262.0 372.0
WheatHead 476.0 786.0 518.0 830.0
WheatHead 667.0 26.0 699.0 100.0
WheatHead 173.0 0.0 203.0 38.0
WheatHead 514.0 0.0 550.0 38.0
WheatHead 707.0 1.0 741.0 28.0
WheatHead 363.0 0.0 415.0 53.0
WheatHead 64.0 72.0 134.0 112.0
