WheatHead 0.0 525.0 88.0 633.0
WheatHead 175.0 606.0 249.0 691.0
WheatHead 275.0 687.0 352.0 781.0
WheatHead 80.0 772.0 190.0 965.0
WheatHead 0.0 909.0 72.0 1012.0
WheatHead 372.0 933.0 484.0 1008.0
WheatHead 561.0 842.0 669.0 931.0
WheatHead 748.0 799.0 840.0 905.0
WheatHead 569.0 598.0 679.0 675.0
WheatHead 458.0 624.0 561.0 705.0
WheatHead 620.0 444.0 732.0 581.0
WheatHead 301.0 277.0 372.0 370.0
WheatHead 90.0 163.0 202.0 248.0
WheatHead 98.0 69.0 188.0 147.0
WheatHead 25.0 263.0 108.0 344.0
WheatHead 108.0 305.0 185.0 386.0
WheatHead 525.0 17.0 702.0 108.0
WheatHead 943.0 765.0 1024.0 879.0
WheatHead 888.0 963.0 1003.0 1024.0
WheatHead 985.0 30.0 1024.0 136.0
