WheatHead 801.0 174.0 913.0 279.0
WheatHead 829.0 742.0 954.0 855.0
WheatHead 820.0 483.0 927.0 560.0
WheatHead 64.0 250.0 174.0 350.0
WheatHead 614.0 199.0 711.0 307.0
WheatHead 94.0 783.0 248.0 936.0
WheatHead 691.0 222.0 816.0 343.0
WheatHead 785.0 949.0 919.0 1024.0
WheatHead 176.0 289.0 284.0 399.0
WheatHead 859.0 0.0 1007.0 40.0
WheatHead 898.0 619.0 988.0 701.0
WheatHead 711.0 724.0 829.0 832.0
WheatHead 15.0 401.0 148.0 504.0
WheatHead 2.0 606.0 87.0 719.0
WheatHead 76.0 161.0 184.0 240.0
WheatHead 12.0 120.0 110.0 202.0
WheatHead 2.0 696.0 94.0 796.0
WheatHead 147.0 487.0 255.0 589.0
