WheatHead 0.0 864.0 34.0 933.0
WheatHead 110.0 923.0 193.0 1024.0
WheatHead 32.0 785.0 102.0 883.0
WheatHead 149.0 709.0 226.0 795.0
WheatHead 232.0 714.0 326.0 816.0
WheatHead 284.0 745.0 359.0 817.0
WheatHead 314.0 826.0 389.0 906.0
WheatHead 266.0 901.0 339.0 974.0
WheatHead 353.0 916.0 449.0 990.0
WheatHead 338.0 985.0 432.0 1024.0
WheatHead 422.0 754.0 490.0 849.0
WheatHead 61.0 197.0 140.0 297.0
WheatHead 114.0 177.0 220.0 247.0
WheatHead 289.0 191.0 365.0 266.0
WheatHead 185.0 303.0 249.0 367.0
WheatHead 123.0 336.0 184.0 391.0
WheatHead 257.0 375.0 346.0 434.0
WheatHead 175.0 434.0 300.0 498.0
WheatHead 422.0 301.0 516.0 380.0
WheatHead 495.0 289.0 566.0 370.0
WheatHead 446.0 428.0 513.0 501.0
WheatHead 547.0 345.0 633.0 426.0
WheatHead 551.0 208.0 626.0 330.0
WheatHead 587.0 250.0 672.0 311.0
WheatHead 619.0 194.0 725.0 270.0
WheatHead 597.0 150.0 685.0 216.0
WheatHead 665.0 273.0 753.0 354.0
WheatHead 715.0 242.0 805.0 291.0
WheatHead 666.0 367.0 741.0 430.0
WheatHead 823.0 326.0 886.0 398.0
WheatHead 751.0 461.0 824.0 512.0
WheatHead 204.0 12.0 278.0 91.0
WheatHead 955.0 0.0 1017.0 55.0
WheatHead 860.0 537.0 959.0 645.0
WheatHead 529.0 608.0 599.0 673.0
WheatHead 613.0 790.0 701.0 874.0
WheatHead 488.0 955.0 559.0 1024.0
WheatHead 826.0 800.0 952.0 861.0
WheatHead 978.0 692.0 1024.0 766.0
WheatHead 955.0 317.0 1024.0 434.0
WheatHead 443.0 355.0 521.0 408.0
WheatHead 959.0 200.0 1004.0 257.0
