WheatHead 78.0 948.0 157.0 1024.0
WheatHead 388.0 885.0 477.0 974.0
WheatHead 377.0 759.0 451.0 857.0
WheatHead 446.0 712.0 544.0 837.0
WheatHead 93.0 689.0 165.0 780.0
WheatHead 256.0 623.0 335.0 758.0
WheatHead 156.0 658.0 276.0 743.0
WheatHead 156.0 570.0 268.0 719.0
WheatHead 73.0 518.0 233.0 600.0
WheatHead 243.0 449.0 332.0 564.0
WheatHead 111.0 0.0 252.0 110.0
WheatHead 0.0 134.0 112.0 229.0
WheatHead 138.0 214.0 272.0 331.0
WheatHead 44.0 302.0 123.0 455.0
WheatHead 140.0 332.0 388.0 431.0
WheatHead 516.0 404.0 620.0 501.0
WheatHead 570.0 468.0 660.0 562.0
WheatHead 461.0 532.0 784.0 691.0
WheatHead 599.0 667.0 861.0 767.0
WheatHead 713.0 386.0 810.0 484.0
WheatHead 623.0 286.0 847.0 479.0
WheatHead 557.0 169.0 652.0 274.0
WheatHead 761.0 100.0 984.0 290.0
WheatHead 839.0 21.0 1024.0 123.0
WheatHead 980.0 531.0 1024.0 602.0
WheatHead 905.0 608.0 981.0 690.0
WheatHead 884.0 777.0 953.0 860.0
WheatHead 1015.0 810.0 1024.0 835.0
WheatHead 856.0 716.0 943.0 772.0
WheatHead 531.0 765.0 854.0 851.0
WheatHead 511.0 834.0 684.0 915.0
WheatHead 538.0 890.0 642.0 972.0
WheatHead 588.0 923.0 721.0 1011.0
WheatHead 256.0 406.0 373.0 477.0
WheatHead 175.0 321.0 234.0 455.0
WheatHead 633.0 381.0 701.0 439.0
WheatHead 508.0 525.0 599.0 649.0
WheatHead 533.0 600.0 639.0 706.0
WheatHead 83.0 980.0 201.0 1024.0
WheatHead 841.0 695.0 999.0 823.0
