WheatHead 141.0 159.0 221.0 293.0
WheatHead 55.0 1.0 127.0 90.0
WheatHead 291.0 20.0 460.0 88.0
WheatHead 488.0 202.0 575.0 271.0
WheatHead 452.0 213.0 549.0 364.0
WheatHead 104.0 335.0 205.0 399.0
WheatHead 401.0 194.0 456.0 262.0
WheatHead 594.0 19.0 672.0 82.0
WheatHead 197.0 451.0 260.0 526.0
WheatHead 71.0 552.0 156.0 622.0
WheatHead 5.0 663.0 55.0 760.0
WheatHead 184.0 678.0 250.0 796.0
WheatHead 269.0 752.0 333.0 862.0
WheatHead 491.0 776.0 576.0 841.0
WheatHead 378.0 886.0 484.0 978.0
WheatHead 235.0 933.0 317.0 1024.0
WheatHead 828.0 990.0 891.0 1024.0
WheatHead 638.0 900.0 735.0 986.0
WheatHead 606.0 824.0 747.0 930.0
WheatHead 537.0 855.0 645.0 911.0
WheatHead 546.0 917.0 614.0 985.0
WheatHead 852.0 741.0 949.0 814.0
WheatHead 789.0 776.0 860.0 859.0
WheatHead 981.0 872.0 1024.0 954.0
WheatHead 488.0 488.0 564.0 630.0
WheatHead 563.0 435.0 628.0 593.0
WheatHead 652.0 488.0 738.0 547.0
WheatHead 737.0 509.0 812.0 587.0
WheatHead 685.0 618.0 753.0 686.0
WheatHead 687.0 365.0 766.0 456.0
WheatHead 805.0 326.0 923.0 424.0
WheatHead 780.0 255.0 863.0 376.0
WheatHead 744.0 214.0 811.0 288.0
WheatHead 942.0 404.0 1024.0 477.0
WheatHead 944.0 495.0 1024.0 561.0
WheatHead 831.0 73.0 880.0 174.0
WheatHead 871.0 56.0 977.0 177.0
WheatHead 941.0 107.0 1002.0 180.0
WheatHead 893.0 178.0 973.0 233.0
WheatHead 149.0 0.0 308.0 33.0
WheatHead 638.0 0.0 701.0 44.0
WheatHead 554.0 0.0 651.0 46.0
WheatHead 558.0 263.0 610.0 319.0
WheatHead 878.0 874.0 937.0 929.0
WheatHead 1009.0 552.0 1024.0 608.0
WheatHead 661.0 1009.0 692.0 1023.0
WheatHead 932.0 1001.0 1021.0 1024.0
WheatHead 1005.0 812.0 1023.0 841.0
