WheatHead 0.0 701.0 40.0 769.0
WheatHead 39.0 808.0 119.0 883.0
WheatHead 3.0 999.0 95.0 1024.0
WheatHead 113.0 905.0 192.0 960.0
WheatHead 0.0 595.0 72.0 667.0
WheatHead 11.0 431.0 120.0 497.0
WheatHead 328.0 446.0 376.0 505.0
WheatHead 64.0 286.0 119.0 337.0
WheatHead 188.0 335.0 288.0 441.0
WheatHead 297.0 154.0 370.0 226.0
WheatHead 207.0 91.0 284.0 147.0
WheatHead 216.0 0.0 364.0 58.0
WheatHead 357.0 44.0 408.0 91.0
WheatHead 507.0 2.0 583.0 78.0
WheatHead 555.0 167.0 632.0 241.0
WheatHead 631.0 121.0 743.0 179.0
WheatHead 644.0 275.0 735.0 390.0
WheatHead 377.0 338.0 433.0 414.0
WheatHead 390.0 420.0 460.0 521.0
WheatHead 534.0 396.0 640.0 482.0
WheatHead 414.0 523.0 508.0 593.0
WheatHead 525.0 503.0 601.0 564.0
WheatHead 450.0 625.0 513.0 692.0
WheatHead 291.0 693.0 361.0 769.0
WheatHead 237.0 541.0 323.0 602.0
WheatHead 164.0 592.0 282.0 681.0
WheatHead 158.0 732.0 261.0 841.0
WheatHead 267.0 831.0 379.0 935.0
WheatHead 352.0 769.0 436.0 838.0
WheatHead 448.0 698.0 518.0 763.0
WheatHead 228.0 945.0 329.0 1016.0
WheatHead 379.0 939.0 461.0 1024.0
WheatHead 684.0 985.0 767.0 1024.0
WheatHead 968.0 925.0 1024.0 1007.0
WheatHead 923.0 856.0 1003.0 920.0
WheatHead 839.0 750.0 918.0 854.0
WheatHead 778.0 717.0 836.0 793.0
WheatHead 665.0 746.0 779.0 815.0
WheatHead 656.0 839.0 741.0 912.0
WheatHead 919.0 624.0 1000.0 698.0
WheatHead 991.0 585.0 1024.0 656.0
WheatHead 588.0 596.0 683.0 661.0
WheatHead 579.0 655.0 640.0 729.0
WheatHead 672.0 653.0 736.0 706.0
WheatHead 702.0 588.0 804.0 656.0
WheatHead 796.0 528.0 858.0 598.0
WheatHead 681.0 492.0 767.0 559.0
WheatHead 798.0 378.0 879.0 452.0
WheatHead 873.0 421.0 1007.0 500.0
WheatHead 882.0 200.0 965.0 271.0
WheatHead 852.0 110.0 927.0 166.0
WheatHead 901.0 60.0 971.0 126.0
WheatHead 796.0 40.0 864.0 99.0
WheatHead 763.0 1.0 831.0 66.0
WheatHead 59.0 0.0 118.0 45.0
WheatHead 892.0 15.0 950.0 84.0
WheatHead 277.0 585.0 346.0 649.0
WheatHead 516.0 987.0 589.0 1024.0
WheatHead 1009.0 477.0 1024.0 514.0
