WheatHead 0.0 526.0 45.0 630.0
WheatHead 61.0 702.0 113.0 785.0
WheatHead 108.0 566.0 208.0 679.0
WheatHead 58.0 438.0 203.0 525.0
WheatHead 12.0 167.0 134.0 311.0
WheatHead 152.0 269.0 253.0 364.0
WheatHead 45.0 0.0 141.0 19.0
WheatHead 483.0 0.0 581.0 21.0
WheatHead 722.0 23.0 805.0 99.0
WheatHead 411.0 152.0 528.0 267.0
WheatHead 523.0 175.0 589.0 277.0
WheatHead 491.0 271.0 595.0 346.0
WheatHead 327.0 282.0 488.0 338.0
WheatHead 482.0 348.0 602.0 441.0
WheatHead 664.9000244140625 345.1000061035156 758.2000122070312 456.79998779296875
WheatHead 833.0 282.0 923.0 375.0
WheatHead 811.0 202.0 905.0 285.0
WheatHead 975.0 116.0 1024.0 226.0
WheatHead 941.0 430.0 1024.0 501.0
WheatHead 644.0 480.0 712.0 550.0
WheatHead 521.0 454.0 582.0 518.0
WheatHead 513.0 534.0 594.0 616.0
WheatHead 654.0 654.0 763.0 719.0
WheatHead 638.0 712.0 750.0 782.0
WheatHead 536.0 751.0 701.0 831.0
WheatHead 440.0 748.0 550.0 867.0
WheatHead 326.0 839.0 391.0 905.0
WheatHead 387.0 819.0 431.0 882.0
WheatHead 228.0 909.0 335.0 982.0
WheatHead 189.0 968.0 266.0 1024.0
WheatHead 526.7999877929688 864.4000244140625 603.2999877929688 956.0999755859375
