WheatHead 0.0 45.0 19.0 140.0
WheatHead 75.0 177.0 152.0 248.0
WheatHead 0.0 204.0 54.0 280.0
WheatHead 183.0 27.0 259.0 89.0
WheatHead 16.0 371.0 100.0 444.0
WheatHead 51.0 481.0 105.0 563.0
WheatHead 43.0 448.0 94.0 518.0
WheatHead 191.0 421.0 299.0 512.0
WheatHead 0.0 825.0 52.0 889.0
WheatHead 0.0 908.0 64.0 1024.0
WheatHead 69.0 891.0 168.0 956.0
WheatHead 58.0 778.0 121.0 831.0
WheatHead 0.0 668.0 52.0 745.0
WheatHead 107.0 640.0 200.0 698.0
WheatHead 153.0 771.0 210.0 834.0
WheatHead 203.0 718.0 302.0 811.0
WheatHead 262.0 804.0 332.0 885.0
WheatHead 632.0 998.0 721.0 1024.0
WheatHead 432.0 921.0 510.0 987.0
WheatHead 430.0 881.0 541.0 954.0
WheatHead 549.0 861.0 644.0 1012.0
WheatHead 575.0 758.0 709.0 847.0
WheatHead 416.0 717.0 494.0 817.0
WheatHead 329.0 801.0 404.0 886.0
WheatHead 729.0 854.0 817.0 933.0
WheatHead 718.0 953.0 795.0 1022.0
WheatHead 808.0 915.0 899.0 971.0
WheatHead 794.0 972.0 882.0 1024.0
WheatHead 876.0 1001.0 990.0 1024.0
WheatHead 832.0 760.0 981.0 852.0
WheatHead 734.0 598.0 837.0 665.0
WheatHead 613.0 599.0 714.0 664.0
WheatHead 564.0 539.0 680.0 601.0
WheatHead 414.0 490.0 495.0 568.0
WheatHead 325.0 521.0 420.0 630.0
WheatHead 206.0 561.0 294.0 640.0
WheatHead 118.0 491.0 177.0 560.0
WheatHead 376.0 342.0 459.0 421.0
WheatHead 351.0 281.0 428.0 366.0
WheatHead 331.0 185.0 418.0 265.0
WheatHead 294.0 161.0 376.0 219.0
WheatHead 243.0 72.0 320.0 152.0
WheatHead 274.0 0.0 342.0 75.0
WheatHead 406.0 99.0 473.0 179.0
WheatHead 442.0 37.0 501.0 103.0
WheatHead 522.0 78.0 612.0 142.0
WheatHead 513.0 0.0 691.0 55.0
WheatHead 719.0 22.0 801.0 78.0
WheatHead 844.0 0.0 954.0 76.0
WheatHead 572.0 211.0 800.0 361.0
WheatHead 798.0 276.0 897.0 366.0
WheatHead 859.0 164.0 947.0 278.0
WheatHead 907.0 281.0 1019.0 364.0
WheatHead 921.0 581.0 1024.0 668.0
WheatHead 254.0 985.0 332.0 1024.0
WheatHead 462.0 809.0 552.0 867.0
WheatHead 554.0 102.0 694.0 188.0
