WheatHead 347.0 0.0 456.0 48.0
WheatHead 246.0 0.0 317.0 79.0
WheatHead 249.0 75.0 373.0 150.0
WheatHead 179.0 0.0 257.0 109.0
WheatHead 304.0 224.0 442.0 307.0
WheatHead 367.0 174.0 432.0 238.0
WheatHead 65.0 182.0 144.0 252.0
WheatHead 111.0 267.0 170.0 330.0
WheatHead 594.0 96.0 688.0 178.0
WheatHead 567.0 144.0 651.0 212.0
WheatHead 586.0 205.0 672.0 303.0
WheatHead 567.0 263.0 746.0 435.0
WheatHead 526.0 351.0 589.0 410.0
WheatHead 583.0 370.0 664.0 480.0
WheatHead 802.0 236.0 903.0 311.0
WheatHead 673.0 182.0 741.0 247.0
WheatHead 755.0 161.0 859.0 247.0
WheatHead 832.0 134.0 921.0 198.0
WheatHead 890.0 93.0 1001.0 143.0
WheatHead 925.0 356.0 989.0 427.0
WheatHead 667.0 432.0 724.0 592.0
WheatHead 500.0 581.0 596.0 648.0
WheatHead 289.0 599.0 351.0 669.0
WheatHead 568.0 664.0 689.0 732.0
WheatHead 267.0 313.0 420.0 526.0
WheatHead 173.0 398.0 399.0 488.0
WheatHead 117.0 579.0 221.0 646.0
WheatHead 168.0 624.0 224.0 698.0
WheatHead 178.0 521.0 257.0 571.0
WheatHead 36.0 611.0 122.0 691.0
WheatHead 99.0 648.0 178.0 724.0
WheatHead 0.0 539.0 26.0 648.0
WheatHead 969.0 540.0 1024.0 629.0
WheatHead 876.0 524.0 944.0 585.0
WheatHead 925.0 306.0 978.0 353.0
WheatHead 728.0 959.0 802.0 1024.0
WheatHead 429.0 967.0 511.0 1023.0
WheatHead 940.0 915.0 1004.0 1006.0
WheatHead 26.0 66.0 74.0 125.0
WheatHead 58.0 665.0 140.0 730.0
WheatHead 56.0 11.0 109.0 68.0
