WheatHead 96.0 539.0 172.0 612.0
WheatHead 602.0 366.0 703.0 422.0
WheatHead 638.0 236.0 706.0 309.0
WheatHead 714.0 271.0 792.0 355.0
WheatHead 804.0 148.0 900.0 231.0
WheatHead 635.0 114.0 841.0 179.0
WheatHead 484.0 120.0 592.0 183.0
WheatHead 433.0 48.0 496.0 171.0
WheatHead 557.0 0.0 627.0 98.0
WheatHead 243.0 0.0 306.0 78.0
WheatHead 299.0 34.0 395.0 101.0
WheatHead 324.0 107.0 417.0 167.0
WheatHead 302.0 167.0 392.0 239.0
WheatHead 254.0 215.0 325.0 302.0
WheatHead 231.0 336.0 310.0 404.0
WheatHead 208.0 303.0 256.0 340.0
WheatHead 161.0 250.0 201.0 318.0
WheatHead 197.0 221.0 254.0 292.0
WheatHead 82.0 268.0 134.0 332.0
WheatHead 7.0 163.0 59.0 220.0
WheatHead 79.0 129.0 134.0 198.0
WheatHead 7.0 236.0 62.0 296.0
WheatHead 167.0 83.0 264.0 195.0
WheatHead 149.0 0.0 206.0 68.0
WheatHead 716.0 29.0 787.0 78.0
WheatHead 929.0 96.0 983.0 145.0
WheatHead 904.0 175.0 982.0 246.0
WheatHead 937.0 245.0 1024.0 312.0
WheatHead 855.0 310.0 970.0 372.0
WheatHead 822.0 381.0 926.0 440.0
WheatHead 944.0 475.0 1024.0 569.0
WheatHead 960.0 37.0 1024.0 74.0
WheatHead 240.0 679.0 296.0 725.0
WheatHead 104.0 725.0 157.0 781.0
WheatHead 163.0 722.0 198.0 774.0
WheatHead 187.0 754.0 279.0 803.0
WheatHead 294.0 722.0 370.0 785.0
WheatHead 423.0 703.0 492.0 751.0
WheatHead 447.0 744.0 527.0 810.0
WheatHead 369.0 795.0 415.0 836.0
WheatHead 422.0 830.0 473.0 870.0
WheatHead 481.0 825.0 548.0 874.0
WheatHead 485.0 882.0 559.0 941.0
WheatHead 627.0 908.0 701.0 963.0
WheatHead 565.0 811.0 634.0 874.0
WheatHead 606.0 759.0 664.0 807.0
WheatHead 526.0 697.0 609.0 757.0
WheatHead 638.0 597.0 697.0 672.0
WheatHead 703.0 679.0 766.0 757.0
WheatHead 748.0 755.0 804.0 832.0
WheatHead 810.0 757.0 849.0 818.0
WheatHead 851.0 709.0 922.0 776.0
WheatHead 923.0 735.0 1004.0 804.0
WheatHead 879.0 769.0 919.0 822.0
WheatHead 949.0 811.0 1021.0 877.0
WheatHead 716.0 825.0 823.0 888.0
WheatHead 695.0 862.0 841.0 931.0
WheatHead 737.0 926.0 821.0 971.0
WheatHead 979.0 926.0 1024.0 997.0
WheatHead 570.0 959.0 642.0 1012.0
WheatHead 318.0 859.0 399.0 911.0
WheatHead 32.0 965.0 108.0 1024.0
WheatHead 0.0 778.0 49.0 828.0
WheatHead 75.0 795.0 153.0 841.0
WheatHead 44.0 720.0 97.0 772.0
WheatHead 204.0 505.0 337.0 645.0
WheatHead 81.0 395.0 145.0 440.0
WheatHead 664.0 752.0 713.0 791.0
WheatHead 903.0 306.0 1024.0 405.0
WheatHead 786.0 320.0 837.0 359.0
WheatHead 640.0 306.0 730.0 357.0
WheatHead 50.0 129.0 87.0 161.0
WheatHead 127.0 97.0 189.0 160.0
