WheatHead 855.0 154.0 983.0 236.0
WheatHead 314.0 235.0 399.0 317.0
WheatHead 919.0 283.0 1024.0 357.0
WheatHead 750.0 145.0 844.0 212.0
WheatHead 458.0 553.0 540.0 648.0
WheatHead 709.0 327.0 801.0 407.0
WheatHead 222.0 427.0 291.0 568.0
WheatHead 803.0 0.0 893.0 78.0
WheatHead 135.0 215.0 219.0 302.0
WheatHead 378.0 266.0 460.0 355.0
WheatHead 821.0 222.0 915.0 299.0
WheatHead 547.0 258.0 640.0 350.0
WheatHead 222.0 625.0 350.0 723.0
WheatHead 89.0 417.0 176.0 509.0
WheatHead 619.0 432.0 709.0 522.0
WheatHead 742.0 64.0 837.0 133.0
WheatHead 616.0 501.0 714.0 624.0
WheatHead 726.0 522.0 838.0 649.0
WheatHead 790.0 375.0 931.0 447.0
WheatHead 275.0 331.0 366.0 404.0
WheatHead 4.0 450.0 70.0 591.0
WheatHead 111.0 84.0 229.0 175.0
WheatHead 386.0 569.0 463.0 667.0
WheatHead 808.0 427.0 888.0 527.0
WheatHead 624.0 637.0 729.0 760.0
WheatHead 343.0 509.0 422.0 591.0
WheatHead 171.0 399.0 232.0 486.0
WheatHead 934.0 440.0 1024.0 555.0
WheatHead 43.0 550.0 124.0 695.0
WheatHead 858.0 566.0 915.0 628.0
WheatHead 778.0 529.0 850.0 617.0
WheatHead 292.0 388.0 400.0 459.0
