WheatHead 0.0 382.0 49.0 462.0
WheatHead 45.0 323.0 116.0 371.0
WheatHead 0.0 799.0 28.0 873.0
WheatHead 21.0 728.0 92.0 836.0
WheatHead 207.0 732.0 288.0 827.0
WheatHead 213.0 863.0 259.0 968.0
WheatHead 149.0 911.0 206.0 991.0
WheatHead 35.0 923.0 85.0 978.0
WheatHead 0.0 932.0 65.0 1018.0
WheatHead 85.0 964.0 143.0 1024.0
WheatHead 295.0 851.0 375.0 1001.0
WheatHead 292.0 623.0 376.0 698.0
WheatHead 160.0 490.0 236.0 611.0
WheatHead 815.0 12.0 896.0 100.0
WheatHead 890.0 0.0 1002.0 45.0
WheatHead 495.0 187.0 583.0 281.0
WheatHead 335.0 314.0 426.0 371.0
WheatHead 379.0 281.0 444.0 344.0
WheatHead 355.0 230.0 408.0 281.0
WheatHead 618.0 239.0 718.0 308.0
WheatHead 636.0 201.0 718.0 240.0
WheatHead 726.0 241.0 841.0 292.0
WheatHead 817.0 153.0 887.0 226.0
WheatHead 905.0 203.0 994.0 287.0
WheatHead 880.0 263.0 999.0 354.0
WheatHead 693.0 365.0 890.0 435.0
WheatHead 459.0 375.0 620.0 479.0
WheatHead 416.0 429.0 495.0 500.0
WheatHead 388.0 459.0 456.0 524.0
WheatHead 921.0 359.0 1024.0 467.0
WheatHead 883.0 389.0 944.0 463.0
WheatHead 806.0 457.0 932.0 536.0
WheatHead 780.0 709.0 857.0 779.0
WheatHead 612.0 807.0 698.0 887.0
WheatHead 472.0 758.0 580.0 859.0
WheatHead 625.0 886.0 678.0 925.0
WheatHead 764.0 921.0 800.0 984.0
