WheatHead 599.0 665.0 696.0 796.0
WheatHead 255.0 243.0 367.0 407.0
WheatHead 215.0 409.0 330.0 533.0
WheatHead 862.0 901.0 988.0 1024.0
WheatHead 839.0 381.0 990.0 491.0
WheatHead 415.0 520.0 520.0 643.0
WheatHead 701.0 803.0 856.0 930.0
WheatHead 801.0 535.0 942.0 682.0
WheatHead 808.0 235.0 906.0 394.0
WheatHead 686.0 949.0 788.0 1024.0
WheatHead 629.0 430.0 778.0 596.0
WheatHead 145.0 30.0 263.0 243.0
WheatHead 832.0 2.0 931.0 133.0
WheatHead 629.0 258.0 775.0 399.0
WheatHead 504.0 716.0 586.0 811.0
WheatHead 590.0 1.0 714.0 111.0
WheatHead 209.0 2.0 348.0 84.0
WheatHead 3.0 880.0 144.0 1022.0
WheatHead 907.0 20.0 981.0 142.0
