WheatHead 106.0 8.0 187.0 118.0
WheatHead 0.0 0.0 73.0 42.0
WheatHead 669.0 7.0 766.0 86.0
WheatHead 698.0 100.0 786.0 172.0
WheatHead 822.0 14.0 903.0 111.0
WheatHead 908.0 124.0 1024.0 212.0
WheatHead 694.0 192.0 873.0 295.0
WheatHead 679.0 247.0 780.0 323.0
WheatHead 921.0 347.0 1001.0 520.0
WheatHead 321.0 372.0 506.0 581.0
WheatHead 256.0 643.0 365.0 751.0
WheatHead 379.0 689.0 452.0 776.0
WheatHead 492.0 698.0 551.0 782.0
WheatHead 490.0 833.0 597.0 928.0
WheatHead 341.0 859.0 425.0 943.0
WheatHead 80.0 752.0 211.0 857.0
WheatHead 0.0 799.0 72.0 907.0
WheatHead 72.0 938.0 135.0 994.0
WheatHead 156.0 952.0 284.0 1016.0
WheatHead 460.0 943.0 570.0 1022.0
WheatHead 674.0 958.0 769.0 1024.0
WheatHead 844.0 884.0 927.0 981.0
WheatHead 815.0 775.0 915.0 866.0
WheatHead 932.0 851.0 1024.0 926.0
WheatHead 940.0 960.0 1024.0 1024.0
