WheatHead 350.0 537.0 478.0 652.0
WheatHead 885.0 7.0 1024.0 133.0
WheatHead 901.0 432.0 993.0 496.0
WheatHead 599.0 995.0 680.0 1024.0
WheatHead 163.0 171.0 279.0 291.0
WheatHead 483.0 20.0 688.0 153.0
WheatHead 335.0 238.0 401.0 332.0
WheatHead 962.0 542.0 1024.0 645.0
WheatHead 153.0 2.0 240.0 156.0
WheatHead 355.0 673.0 529.0 832.0
WheatHead 680.0 596.0 916.0 691.0
WheatHead 622.0 250.0 806.0 407.0
WheatHead 419.0 145.0 624.0 381.0
WheatHead 94.0 84.0 176.0 189.0
WheatHead 327.0 504.0 389.0 573.0
WheatHead 171.0 381.0 407.0 488.0
WheatHead 683.0 117.0 824.0 240.0
WheatHead 192.0 724.0 445.0 885.0
WheatHead 785.0 120.0 867.0 220.0
WheatHead 809.0 912.0 960.0 1024.0
WheatHead 56.0 537.0 163.0 785.0
WheatHead 668.0 2.0 803.0 140.0
WheatHead 606.0 215.0 711.0 271.0
WheatHead 2.0 97.0 102.0 166.0
WheatHead 371.0 84.0 442.0 207.0
WheatHead 404.0 801.0 554.0 1024.0
WheatHead 221.0 652.0 297.0 719.0
WheatHead 645.0 550.0 714.0 594.0
WheatHead 7.0 151.0 107.0 371.0
WheatHead 901.0 555.0 995.0 637.0
WheatHead 573.0 724.0 755.0 919.0
WheatHead 253.0 291.0 391.0 404.0
WheatHead 81.0 438.0 148.0 502.0
WheatHead 61.0 194.0 176.0 299.0
WheatHead 38.0 816.0 145.0 957.0
WheatHead 724.0 806.0 832.0 1024.0
WheatHead 304.0 432.0 417.0 509.0
WheatHead 378.0 2.0 476.0 43.0
WheatHead 181.0 637.0 258.0 714.0
WheatHead 744.0 250.0 847.0 320.0
WheatHead 460.0 2.0 560.0 84.0
WheatHead 2.0 798.0 84.0 893.0
WheatHead 2.0 599.0 94.0 727.0
WheatHead 70.0 370.0 113.0 456.0
WheatHead 570.0 2.0 632.0 61.0
WheatHead 437.0 325.0 657.0 386.0
WheatHead 465.0 514.0 522.0 576.0
WheatHead 716.0 680.0 855.0 801.0
WheatHead 675.0 888.0 780.0 988.0
WheatHead 127.0 986.0 263.0 1024.0
WheatHead 270.0 892.0 360.0 999.0
WheatHead 168.0 959.0 243.0 1024.0
