WheatHead 13.0 54.0 88.0 135.0
WheatHead 488.0 613.0 537.0 701.0
WheatHead 40.0 13.0 95.0 98.0
WheatHead 39.0 830.0 95.0 913.0
WheatHead 450.0 92.0 505.0 172.0
WheatHead 181.0 24.0 245.0 109.0
WheatHead 608.0 139.0 664.0 229.0
WheatHead 0.0 247.0 70.0 361.0
WheatHead 786.0 45.0 857.0 125.0
WheatHead 176.0 819.0 200.0 907.0
WheatHead 602.0 64.0 644.0 151.0
WheatHead 466.0 320.0 498.0 425.0
WheatHead 270.0 623.0 304.0 701.0
WheatHead 356.0 944.0 395.0 1022.0
WheatHead 503.0 70.0 581.0 157.0
WheatHead 400.0 318.0 428.0 424.0
WheatHead 86.0 694.0 151.0 771.0
WheatHead 610.0 570.0 659.0 662.0
WheatHead 241.0 944.0 308.0 995.0
WheatHead 368.0 737.0 436.0 787.0
WheatHead 105.0 320.0 205.0 384.0
WheatHead 378.0 409.0 416.0 498.0
WheatHead 918.0 387.0 955.0 475.0
WheatHead 542.0 35.0 600.0 107.0
WheatHead 703.0 349.0 753.0 416.0
WheatHead 802.0 598.0 828.0 664.0
WheatHead 484.0 211.0 516.0 285.0
WheatHead 663.0 636.0 723.0 719.0
WheatHead 172.0 628.0 221.0 701.0
WheatHead 907.0 899.0 958.0 961.0
WheatHead 440.0 890.0 514.0 988.0
WheatHead 985.0 573.0 1022.0 640.0
WheatHead 0.0 666.0 49.0 727.0
WheatHead 857.0 637.0 891.0 699.0
WheatHead 917.0 42.0 947.0 141.0
WheatHead 563.0 331.0 595.0 447.0
WheatHead 192.0 957.0 240.0 1022.0
WheatHead 887.0 617.0 914.0 673.0
WheatHead 518.0 946.0 570.0 1007.0
WheatHead 676.0 703.0 728.0 815.0
WheatHead 850.0 525.0 916.0 561.0
WheatHead 341.0 245.0 367.0 326.0
WheatHead 529.0 912.0 574.0 950.0
WheatHead 243.0 0.0 298.0 50.0
WheatHead 992.0 345.0 1024.0 402.0
WheatHead 582.0 266.0 619.0 352.0
WheatHead 604.0 745.0 638.0 798.0
WheatHead 907.0 740.0 942.0 797.0
WheatHead 606.0 223.0 649.0 293.0
WheatHead 886.0 700.0 917.0 767.0
WheatHead 127.0 620.0 176.0 668.0
WheatHead 798.0 798.0 846.0 833.0
WheatHead 352.0 959.0 379.0 1024.0
WheatHead 669.0 928.0 734.0 997.0
WheatHead 596.0 846.0 693.0 977.0
WheatHead 132.0 570.0 178.0 627.0
WheatHead 296.0 237.0 336.0 303.0
WheatHead 759.0 905.0 807.0 961.0
