WheatHead 181.0 143.0 261.0 212.0
WheatHead 14.0 180.0 91.0 255.0
WheatHead 259.0 253.0 361.0 338.0
WheatHead 312.0 16.0 396.0 79.0
WheatHead 375.0 35.0 432.0 110.0
WheatHead 337.0 78.0 404.0 151.0
WheatHead 404.0 112.0 483.0 184.0
WheatHead 456.0 79.0 519.0 168.0
WheatHead 469.0 198.0 520.0 248.0
WheatHead 547.0 117.0 628.0 193.0
WheatHead 620.0 126.0 678.0 194.0
WheatHead 438.0 340.0 505.0 405.0
WheatHead 680.0 220.0 765.0 282.0
WheatHead 47.0 508.0 127.0 604.0
WheatHead 22.0 616.0 132.0 718.0
WheatHead 222.0 562.0 316.0 675.0
WheatHead 174.0 721.0 244.0 779.0
WheatHead 19.0 786.0 127.0 855.0
WheatHead 339.0 672.0 445.0 742.0
WheatHead 388.0 718.0 469.0 794.0
WheatHead 439.0 710.0 528.0 786.0
WheatHead 498.0 735.0 576.0 810.0
WheatHead 486.0 607.0 554.0 683.0
WheatHead 540.0 634.0 611.0 698.0
WheatHead 589.0 650.0 649.0 726.0
WheatHead 641.0 719.0 710.0 788.0
WheatHead 712.0 686.0 798.0 782.0
WheatHead 775.0 773.0 843.0 846.0
WheatHead 745.0 548.0 840.0 612.0
WheatHead 837.0 530.0 910.0 612.0
WheatHead 906.0 526.0 968.0 604.0
WheatHead 834.0 169.0 957.0 236.0
WheatHead 861.0 117.0 943.0 175.0
WheatHead 784.0 6.0 850.0 69.0
WheatHead 908.0 39.0 988.0 149.0
WheatHead 982.0 82.0 1024.0 138.0
WheatHead 991.0 189.0 1024.0 280.0
WheatHead 127.0 148.0 198.0 201.0
WheatHead 0.0 125.0 37.0 192.0
WheatHead 0.0 66.0 28.0 127.0
WheatHead 380.0 144.0 482.0 203.0
WheatHead 395.0 180.0 462.0 251.0
WheatHead 680.0 268.0 719.0 306.0
WheatHead 1015.0 0.0 1024.0 41.0
WheatHead 987.0 16.0 1019.0 80.0
WheatHead 994.0 130.0 1024.0 160.0
