WheatHead 957.0 465.0 1024.0 573.0
WheatHead 206.0 169.0 342.0 286.0
WheatHead 959.0 105.0 1023.0 220.0
WheatHead 901.0 816.0 1024.0 957.0
WheatHead 522.0 261.0 619.0 379.0
WheatHead 640.0 696.0 839.0 826.0
WheatHead 225.0 0.0 424.0 94.0
WheatHead 299.0 376.0 460.0 522.0
WheatHead 954.0 320.0 1024.0 419.0
WheatHead 768.0 71.0 872.0 156.0
WheatHead 808.0 0.0 896.0 84.0
WheatHead 724.0 0.0 801.0 35.0
WheatHead 478.0 954.0 596.0 1024.0
WheatHead 855.0 932.0 1022.0 1024.0
WheatHead 724.0 878.0 793.0 944.0
WheatHead 362.0 854.0 499.0 957.0
WheatHead 283.0 733.0 382.0 818.0
WheatHead 664.0 548.0 790.0 638.0
WheatHead 91.0 149.0 186.0 231.0
WheatHead 633.0 421.0 724.0 499.0
WheatHead 513.0 54.0 600.0 129.0
