WheatHead 187.0 387.0 271.0 457.0
WheatHead 30.0 19.0 79.0 98.0
WheatHead 397.0 277.0 464.0 363.0
WheatHead 346.0 481.0 416.0 565.0
WheatHead 595.0 581.0 673.0 663.0
WheatHead 21.0 660.0 80.0 731.0
WheatHead 550.0 686.0 621.0 745.0
WheatHead 17.0 573.0 111.0 636.0
WheatHead 847.0 1.0 891.0 76.0
WheatHead 783.0 438.0 849.0 522.0
WheatHead 491.0 188.0 539.0 289.0
WheatHead 804.0 121.0 836.0 206.0
WheatHead 200.0 501.0 267.0 567.0
WheatHead 738.0 248.0 778.0 318.0
WheatHead 775.0 2.0 804.0 68.0
WheatHead 19.0 131.0 95.0 184.0
WheatHead 626.0 103.0 723.0 195.0
WheatHead 660.0 9.0 724.0 70.0
WheatHead 155.0 602.0 207.0 667.0
WheatHead 322.0 355.0 436.0 414.0
WheatHead 247.0 143.0 347.0 226.0
WheatHead 542.0 550.0 615.0 599.0
WheatHead 0.0 592.0 20.0 649.0
WheatHead 442.0 397.0 507.0 457.0
WheatHead 166.0 858.0 258.0 890.0
WheatHead 279.0 924.0 332.0 1000.0
WheatHead 480.0 359.0 544.0 404.0
WheatHead 517.0 192.0 577.0 252.0
WheatHead 505.0 967.0 599.0 1024.0
WheatHead 977.0 0.0 1010.0 55.0
WheatHead 943.0 0.0 976.0 42.0
WheatHead 0.0 566.0 46.0 621.0
WheatHead 713.0 608.7000122070312 773.0999755859375 654.5999755859375
WheatHead 40.0 349.0 96.0 393.0
WheatHead 397.0 690.0 445.0 731.0
WheatHead 722.0 0.0 763.0 43.0
WheatHead 604.0 49.0 667.0 101.0
WheatHead 846.0 854.0 889.0 946.0
WheatHead 54.0 1000.0 103.0 1024.0
WheatHead 383.0 498.0 446.0 529.0
WheatHead 894.0 615.0 924.0 692.0
WheatHead 253.0 491.0 289.0 550.0
WheatHead 494.0 129.0 537.0 195.0
WheatHead 106.0 561.0 162.0 602.0
WheatHead 907.0 723.0 948.0 774.0
WheatHead 94.0 643.0 141.0 682.0
WheatHead 974.0 573.0 1021.0 608.0
WheatHead 282.0 998.0 341.0 1022.0
WheatHead 699.0 315.0 726.0 379.0
WheatHead 591.0 435.0 618.0 507.0
WheatHead 181.0 699.0 234.0 733.0
WheatHead 32.0 940.0 83.0 976.0
WheatHead 843.0 262.0 886.0 311.0
WheatHead 264.0 86.0 312.0 129.0
WheatHead 518.0 882.0 599.0 933.0
WheatHead 836.0 542.0 866.0 632.0
WheatHead 716.0 324.0 745.0 378.0
WheatHead 465.0 664.0 510.0 705.0
WheatHead 372.0 548.0 420.0 598.0
WheatHead 939.0 688.0 983.0 748.0
WheatHead 847.0 637.0 880.0 688.0
WheatHead 835.0 357.0 884.0 391.0
WheatHead 862.0 927.0 912.0 950.0
WheatHead 72.0 925.0 124.0 969.0
WheatHead 319.0 502.0 367.0 582.0
WheatHead 183.0 672.0 255.0 707.0
WheatHead 122.0 679.0 183.0 716.0
WheatHead 466.0 708.0 526.0 744.0
WheatHead 718.0 674.0 787.0 712.0
WheatHead 940.0 582.0 976.0 635.0
WheatHead 780.0 503.0 840.0 543.0
WheatHead 882.0 628.0 916.0 680.0
WheatHead 675.0 286.0 784.0 326.0
WheatHead 303.0 472.0 371.0 552.0
WheatHead 278.0 863.0 352.0 919.0
WheatHead 938.0 932.0 987.0 979.0
WheatHead 896.0 956.0 953.0 996.0
