WheatHead 719.0 410.0 816.0 502.0
WheatHead 839.0 762.0 962.0 842.0
WheatHead 847.0 506.0 965.0 611.0
WheatHead 922.0 679.0 1024.0 753.0
WheatHead 704.0 849.0 839.0 934.0
WheatHead 657.0 514.0 814.0 645.0
WheatHead 824.0 826.0 924.0 911.0
WheatHead 898.0 576.0 1024.0 670.0
WheatHead 724.0 775.0 834.0 860.0
WheatHead 949.0 893.0 1021.0 975.0
WheatHead 732.0 586.0 862.0 688.0
WheatHead 770.0 642.0 872.0 701.0
WheatHead 877.0 670.0 1024.0 740.0
WheatHead 793.0 1.0 956.0 123.0
WheatHead 952.0 153.0 1024.0 250.0
WheatHead 924.0 31.0 1024.0 114.0
