WheatHead 135.0 119.0 286.0 217.0
WheatHead 280.0 169.0 420.0 276.0
WheatHead 346.0 57.0 445.0 139.0
WheatHead 455.0 195.0 540.0 290.0
WheatHead 498.0 85.0 671.0 240.0
WheatHead 516.0 226.0 661.0 298.0
WheatHead 610.0 243.0 740.0 298.0
WheatHead 643.0 103.0 750.0 220.0
WheatHead 734.0 56.0 822.0 134.0
WheatHead 888.0 50.0 978.0 161.0
WheatHead 511.0 365.0 585.0 434.0
WheatHead 367.0 588.0 436.0 645.0
WheatHead 292.0 662.0 370.0 725.0
WheatHead 1.0 661.0 151.0 803.0
WheatHead 73.0 712.0 168.0 813.0
WheatHead 191.0 819.0 255.0 882.0
WheatHead 532.0 694.0 621.0 793.0
WheatHead 896.0 770.0 984.0 862.0
WheatHead 942.0 613.0 1024.0 708.0
WheatHead 868.0 585.0 946.0 674.0
WheatHead 785.0 661.0 871.0 735.0
WheatHead 735.0 638.0 793.0 690.0
WheatHead 876.0 443.0 1024.0 554.0
WheatHead 983.0 271.0 1024.0 343.0
WheatHead 896.0 299.0 967.0 363.0
WheatHead 538.0 94.0 630.0 154.0
