WheatHead 159.0 672.0 220.0 724.0
WheatHead 0.0 483.0 46.0 555.0
WheatHead 683.0 288.0 735.0 377.0
WheatHead 524.0 447.0 623.0 499.0
WheatHead 615.0 83.0 678.0 116.0
WheatHead 532.0 502.0 619.0 552.0
WheatHead 489.0 183.0 517.0 266.0
WheatHead 669.0 393.0 731.0 476.0
WheatHead 558.0 881.0 615.0 938.0
WheatHead 436.0 626.0 508.0 706.0
WheatHead 774.0 40.0 839.0 104.0
WheatHead 586.0 282.0 675.0 396.0
WheatHead 110.0 0.0 188.0 58.0
WheatHead 387.0 678.0 480.0 744.0
WheatHead 606.0 643.0 695.0 722.0
WheatHead 449.0 863.0 519.0 976.0
WheatHead 488.0 943.0 598.0 1024.0
WheatHead 226.0 90.0 305.0 168.0
WheatHead 572.0 129.0 646.0 229.0
WheatHead 858.0 538.0 937.0 670.0
WheatHead 856.0 22.0 956.0 96.0
WheatHead 582.0 757.0 671.0 894.0
WheatHead 666.0 680.0 759.0 783.0
WheatHead 469.0 180.0 503.0 265.0
WheatHead 32.0 69.0 120.0 209.0
WheatHead 673.0 830.0 729.0 921.0
WheatHead 302.0 749.0 424.0 814.0
WheatHead 709.0 977.0 805.0 1024.0
WheatHead 0.0 934.0 46.0 992.0
WheatHead 62.0 790.0 141.0 863.0
WheatHead 5.0 784.0 73.0 840.0
WheatHead 338.0 908.0 434.0 983.0
WheatHead 72.0 372.0 151.0 429.0
WheatHead 113.0 395.0 183.0 463.0
WheatHead 96.0 263.0 184.0 359.0
WheatHead 398.0 13.0 487.0 68.0
WheatHead 0.0 896.0 48.0 941.0
WheatHead 505.0 425.0 583.0 462.0
WheatHead 448.0 309.0 506.0 366.0
WheatHead 518.0 319.0 603.0 400.0
WheatHead 528.0 198.0 587.0 269.0
WheatHead 575.0 45.0 643.0 88.0
WheatHead 480.0 97.0 543.0 164.0
WheatHead 678.0 226.0 722.0 256.0
WheatHead 630.0 529.0 697.0 560.0
