WheatHead 1.0 0.0 41.0 30.0
WheatHead 285.0 0.0 353.0 41.0
WheatHead 312.0 50.0 357.0 88.0
WheatHead 802.0 10.0 876.0 45.0
WheatHead 875.0 43.0 924.0 88.0
WheatHead 948.0 27.0 1024.0 69.0
WheatHead 457.0 43.0 492.0 115.0
WheatHead 521.0 108.0 579.0 167.0
WheatHead 913.0 88.0 960.0 135.0
WheatHead 976.0 104.0 1024.0 144.0
WheatHead 672.0 77.0 714.0 124.0
WheatHead 352.0 137.0 393.0 173.0
WheatHead 203.0 147.0 242.0 192.0
WheatHead 37.0 80.0 87.0 119.0
WheatHead 30.0 456.0 73.0 506.0
WheatHead 86.0 488.0 143.0 531.0
WheatHead 19.0 552.0 117.0 617.0
WheatHead 139.0 438.0 190.0 486.0
WheatHead 205.0 438.0 268.0 486.0
WheatHead 300.0 315.0 358.0 359.0
WheatHead 466.0 422.0 510.0 468.0
WheatHead 435.0 493.0 508.0 536.0
WheatHead 645.0 520.0 741.0 576.0
WheatHead 683.0 448.0 715.0 477.0
WheatHead 754.0 458.0 801.0 496.0
WheatHead 791.0 431.0 828.0 465.0
WheatHead 779.0 593.0 839.0 641.0
WheatHead 772.0 632.0 861.0 699.0
WheatHead 890.0 652.0 940.0 727.0
WheatHead 864.0 581.0 944.0 648.0
WheatHead 555.0 640.0 599.0 677.0
WheatHead 587.0 732.0 617.0 816.0
WheatHead 351.0 525.0 393.0 578.0
WheatHead 499.0 897.0 545.0 958.0
WheatHead 379.0 870.0 422.0 916.0
WheatHead 109.0 880.0 165.0 946.0
WheatHead 37.0 990.0 108.0 1024.0
