WheatHead 0.0 954.0 41.0 1024.0
WheatHead 140.0 884.0 227.0 955.0
WheatHead 311.0 991.0 392.0 1024.0
WheatHead 330.0 888.0 431.0 1016.0
WheatHead 283.0 820.0 354.0 909.0
WheatHead 347.0 796.0 445.0 866.0
WheatHead 464.0 966.0 551.0 1024.0
WheatHead 580.0 919.0 647.0 1019.0
WheatHead 508.0 881.0 592.0 948.0
WheatHead 632.0 910.0 685.0 967.0
WheatHead 977.0 823.0 1024.0 885.0
WheatHead 683.0 877.0 744.0 941.0
WheatHead 703.0 793.0 773.0 879.0
WheatHead 673.0 740.0 761.0 820.0
WheatHead 735.0 717.0 803.0 805.0
WheatHead 761.0 895.0 850.0 974.0
WheatHead 911.0 938.0 998.0 1023.0
WheatHead 881.0 887.0 1022.0 951.0
WheatHead 909.0 812.0 1010.0 904.0
WheatHead 828.0 747.0 971.0 830.0
WheatHead 847.0 661.0 913.0 721.0
WheatHead 846.0 600.0 927.0 673.0
WheatHead 910.0 602.0 968.0 666.0
WheatHead 557.0 615.0 616.0 679.0
WheatHead 355.0 541.0 456.0 603.0
WheatHead 444.0 500.0 529.0 569.0
WheatHead 419.0 411.0 482.0 508.0
WheatHead 250.0 451.0 320.0 543.0
WheatHead 0.0 539.0 87.0 588.0
WheatHead 63.0 564.0 155.0 637.0
WheatHead 122.0 517.0 188.0 581.0
WheatHead 143.0 546.0 238.0 609.0
WheatHead 191.0 179.0 310.0 332.0
WheatHead 291.0 200.0 372.0 265.0
WheatHead 172.0 312.0 249.0 379.0
WheatHead 141.0 346.0 240.0 419.0
WheatHead 316.0 0.0 405.0 31.0
WheatHead 358.0 0.0 460.0 89.0
WheatHead 391.0 0.0 485.0 35.0
WheatHead 408.0 34.0 509.0 90.0
WheatHead 451.0 0.0 536.0 44.0
WheatHead 428.0 93.0 505.0 190.0
WheatHead 485.0 122.0 535.0 185.0
WheatHead 550.0 79.0 628.0 162.0
WheatHead 484.0 254.0 555.0 314.0
WheatHead 498.0 310.0 593.0 408.0
WheatHead 501.0 413.0 550.0 475.0
WheatHead 656.0 378.0 713.0 436.0
WheatHead 689.0 460.0 777.0 523.0
WheatHead 803.0 474.0 872.0 532.0
WheatHead 813.0 333.0 890.0 392.0
WheatHead 809.0 299.0 864.0 342.0
WheatHead 883.0 485.0 971.0 545.0
WheatHead 895.0 227.0 959.0 289.0
WheatHead 959.0 161.0 1020.0 228.0
WheatHead 853.0 131.0 930.0 185.0
WheatHead 684.0 89.0 759.0 145.0
WheatHead 736.0 56.0 780.0 103.0
WheatHead 676.0 0.0 740.0 74.0
WheatHead 758.0 11.0 817.0 70.0
WheatHead 795.0 65.0 866.0 130.0
WheatHead 881.0 7.0 948.0 79.0
WheatHead 941.0 434.0 1016.0 507.0
WheatHead 1001.0 50.0 1024.0 102.0
WheatHead 949.0 304.0 1002.0 363.0
WheatHead 246.0 969.0 306.0 1024.0
WheatHead 960.0 1009.0 999.0 1024.0
WheatHead 723.0 990.0 753.0 1024.0
WheatHead 697.0 991.0 732.0 1024.0
WheatHead 678.0 987.0 712.0 1024.0
WheatHead 837.0 1010.0 886.0 1024.0
WheatHead 807.0 995.0 867.0 1024.0
WheatHead 823.0 981.0 867.0 1007.0
WheatHead 0.0 304.0 24.0 378.0
