WheatHead 896.0 112.0 985.0 189.0
WheatHead 844.0 642.0 942.0 770.0
WheatHead 690.0 81.0 796.0 176.0
WheatHead 189.0 284.0 277.0 386.0
WheatHead 916.0 207.0 988.0 287.0
WheatHead 627.0 833.0 727.0 934.0
WheatHead 872.0 908.0 993.0 1013.0
WheatHead 520.0 605.0 629.0 729.0
WheatHead 673.0 207.0 757.0 317.0
WheatHead 780.0 432.0 878.0 586.0
WheatHead 721.0 867.0 801.0 1000.0
WheatHead 616.0 543.0 733.0 645.0
WheatHead 108.0 909.0 198.0 1011.0
WheatHead 675.0 360.0 770.0 468.0
WheatHead 672.0 648.0 762.0 788.0
WheatHead 89.0 81.0 222.0 171.0
WheatHead 56.0 629.0 151.0 737.0
WheatHead 5.0 750.0 115.0 944.0
WheatHead 30.0 343.0 128.0 463.0
WheatHead 2.0 58.0 69.0 153.0
WheatHead 2.0 163.0 76.0 227.0
WheatHead 28.0 240.0 92.0 294.0
WheatHead 148.0 199.0 209.0 296.0
WheatHead 783.0 898.0 860.0 1013.0
WheatHead 2.0 960.0 79.0 1024.0
