WheatHead 191.0 152.0 258.0 264.0
WheatHead 114.0 332.0 184.0 409.0
WheatHead 13.0 324.0 108.0 399.0
WheatHead 194.0 401.0 266.0 466.0
WheatHead 136.0 507.0 200.0 582.0
WheatHead 231.0 523.0 324.0 609.0
WheatHead 398.0 441.0 480.0 507.0
WheatHead 340.0 585.0 415.0 654.0
WheatHead 508.0 315.0 573.0 422.0
WheatHead 454.0 326.0 517.0 423.0
WheatHead 547.0 591.0 638.0 697.0
WheatHead 632.0 643.0 705.0 705.0
WheatHead 13.0 846.0 68.0 924.0
WheatHead 175.0 928.0 265.0 1004.0
WheatHead 488.0 901.0 590.0 968.0
WheatHead 783.0 944.0 873.0 1013.0
WheatHead 864.0 907.0 930.0 989.0
WheatHead 764.0 913.0 823.0 969.0
WheatHead 889.0 944.0 980.0 1022.0
WheatHead 966.0 900.0 1024.0 973.0
WheatHead 851.0 643.0 948.0 716.0
WheatHead 939.0 569.0 1024.0 642.0
WheatHead 865.0 499.0 959.0 584.0
WheatHead 937.0 499.0 1024.0 569.0
WheatHead 684.0 461.0 748.0 546.0
WheatHead 697.0 336.0 754.0 415.0
WheatHead 746.0 327.0 805.0 412.0
WheatHead 834.0 349.0 901.0 438.0
WheatHead 926.0 356.0 1011.0 438.0
WheatHead 890.0 298.0 977.0 366.0
WheatHead 951.0 199.0 1024.0 322.0
WheatHead 480.0 856.0 563.0 930.0
WheatHead 841.0 452.0 931.0 527.0
WheatHead 117.0 1000.0 168.0 1024.0
WheatHead 688.0 882.0 746.0 945.0
