WheatHead 652.0 486.0 770.0 627.0
WheatHead 0.0 942.0 74.0 1024.0
WheatHead 625.0 132.0 743.0 268.0
WheatHead 632.0 788.0 757.0 916.0
WheatHead 815.0 345.0 966.0 452.0
WheatHead 189.0 977.0 309.0 1024.0
WheatHead 696.0 232.0 811.0 336.0
WheatHead 0.0 550.0 56.0 719.0
WheatHead 291.0 856.0 381.0 933.0
WheatHead 276.0 568.0 432.0 688.0
WheatHead 266.0 12.0 373.0 130.0
WheatHead 593.0 624.0 704.0 721.0
WheatHead 826.0 890.0 927.0 974.0
WheatHead 655.0 38.0 791.0 151.0
WheatHead 931.0 714.0 1024.0 852.0
WheatHead 275.0 461.0 395.0 607.0
WheatHead 757.0 20.0 878.0 133.0
WheatHead 944.0 137.0 1024.0 231.0
WheatHead 957.0 2.0 1024.0 77.0
WheatHead 251.0 400.0 350.0 487.0
WheatHead 672.0 3.0 752.0 75.0
