WheatHead 218.0 537.0 263.0 578.0
WheatHead 22.0 984.0 82.0 1010.0
WheatHead 625.0 582.0 689.0 628.0
WheatHead 96.0 794.0 227.0 884.0
WheatHead 746.0 522.0 827.0 593.0
WheatHead 389.0 338.0 444.0 389.0
WheatHead 720.0 914.0 837.0 1024.0
WheatHead 538.0 76.0 661.0 123.0
WheatHead 537.0 737.0 641.0 805.0
WheatHead 288.0 301.0 373.0 384.0
WheatHead 959.0 197.0 1024.0 261.0
WheatHead 463.0 956.0 522.0 1024.0
WheatHead 94.0 661.0 174.0 704.0
WheatHead 786.0 68.0 866.0 130.0
WheatHead 500.0 232.0 550.0 290.0
WheatHead 36.0 688.0 121.0 759.0
WheatHead 940.0 626.0 991.0 691.0
WheatHead 353.0 16.0 448.0 86.0
WheatHead 244.0 620.0 353.0 677.0
WheatHead 668.0 394.0 731.0 452.0
WheatHead 645.0 444.0 710.0 507.0
WheatHead 103.0 581.0 159.0 618.0
WheatHead 824.0 947.0 884.0 993.0
WheatHead 256.0 543.0 294.0 626.0
WheatHead 807.0 347.0 883.0 422.0
WheatHead 100.0 16.0 243.0 97.0
WheatHead 171.0 256.0 289.0 326.0
WheatHead 425.0 809.0 527.0 920.0
WheatHead 445.0 117.0 512.0 167.0
WheatHead 0.0 726.0 38.0 761.0
WheatHead 360.0 549.0 418.0 589.0
WheatHead 290.0 34.0 372.0 80.0
WheatHead 914.0 6.0 1019.0 65.0
WheatHead 13.0 704.0 49.0 736.0
WheatHead 515.0 32.0 633.0 88.0
WheatHead 0.0 963.0 72.0 1004.0
WheatHead 1.0 392.0 25.0 472.0
WheatHead 533.0 663.0 597.0 703.0
WheatHead 666.0 947.0 724.0 1023.0
WheatHead 618.0 517.0 684.0 564.0
WheatHead 581.0 966.0 641.0 1013.0
WheatHead 947.0 96.0 1024.0 175.0
WheatHead 749.0 168.0 807.0 228.0
WheatHead 692.0 925.0 751.0 970.0
WheatHead 151.0 109.0 210.0 145.0
WheatHead 71.0 607.0 190.0 659.0
WheatHead 740.0 649.0 806.0 703.0
WheatHead 627.0 642.0 716.0 699.0
WheatHead 19.0 912.0 107.0 967.0
WheatHead 623.0 555.0 679.0 596.0
WheatHead 47.0 2.0 111.0 70.0
WheatHead 544.0 352.0 603.0 404.0
WheatHead 727.0 3.0 811.0 105.0
WheatHead 883.0 936.0 978.0 1018.0
