WheatHead 88.0 758.0 170.0 851.0
WheatHead 299.0 853.0 391.0 947.0
WheatHead 0.0 184.0 31.0 271.0
WheatHead 866.0 24.0 957.0 105.0
WheatHead 180.0 352.0 281.0 438.0
WheatHead 821.0 498.0 876.0 572.0
WheatHead 527.0 649.0 608.0 712.0
WheatHead 925.0 141.0 968.0 237.0
WheatHead 973.0 279.0 996.0 353.0
WheatHead 968.0 163.0 1019.0 244.0
WheatHead 281.0 661.0 314.0 732.0
WheatHead 457.0 101.0 558.0 179.0
WheatHead 247.0 832.0 307.0 903.0
WheatHead 830.0 172.0 886.0 240.0
WheatHead 471.0 821.0 503.0 894.0
WheatHead 390.0 0.0 438.0 101.0
WheatHead 903.0 760.0 1007.0 843.0
WheatHead 0.0 15.0 17.0 86.0
WheatHead 239.0 436.0 293.29998779296875 513.7999877929688
WheatHead 591.0 471.0 676.0 549.0
WheatHead 517.0 763.0 575.0 844.0
WheatHead 55.0 19.0 115.0 150.0
WheatHead 99.0 607.0 155.0 678.0
WheatHead 759.0 626.0 872.0 703.0
WheatHead 399.0 240.0 520.0 295.0
WheatHead 628.0 977.0 688.0 1024.0
WheatHead 768.0 744.0 824.0 808.0
WheatHead 239.0 85.0 300.0 174.0
WheatHead 507.0 484.0 552.0 550.0
WheatHead 621.0 842.0 652.0 891.0
WheatHead 0.0 82.0 34.0 132.0
WheatHead 314.0 517.0 376.0 576.0
WheatHead 863.0 390.0 907.0 520.0
WheatHead 767.0 256.0 811.0 310.0
WheatHead 855.0 906.0 920.0 957.0
WheatHead 877.0 121.0 913.0 195.0
WheatHead 0.0 262.0 16.0 301.0
WheatHead 522.0 559.0 558.0 638.0
WheatHead 725.0 504.0 783.0 569.0
WheatHead 171.60000610351562 237.3000030517578 223.0 316.0
WheatHead 623.0 550.0 675.0 588.0
WheatHead 287.0 602.0 334.0 671.0
WheatHead 180.0 629.0 238.0 667.0
WheatHead 1000.0 19.0 1024.0 108.0
WheatHead 289.0 982.0 341.0 1024.0
WheatHead 383.0 103.0 430.0 212.0
WheatHead 794.0 39.0 828.0 124.0
WheatHead 223.0 930.0 297.0 975.0
WheatHead 957.0 943.0 995.0 1010.0
WheatHead 1.0 356.0 38.0 399.0
WheatHead 18.0 399.0 77.0 461.0
WheatHead 0.0 401.0 20.0 501.0
WheatHead 455.0 568.0 510.0 616.0
WheatHead 816.0 860.0 883.0 908.0
WheatHead 790.0 301.0 842.0 361.0
WheatHead 331.0 483.0 415.0 543.0
WheatHead 120.0 356.0 184.0 516.0
WheatHead 646.0 331.0 702.0 396.0
WheatHead 831.0 334.0 888.0 459.0
WheatHead 682.0 497.0 746.0 570.0
