WheatHead 814.0 91.0 876.0 149.0
WheatHead 942.0 120.0 999.0 164.0
WheatHead 883.0 145.0 928.0 187.0
WheatHead 527.0 10.0 580.0 70.0
WheatHead 644.0 225.0 739.0 264.0
WheatHead 743.0 174.0 778.0 228.0
WheatHead 593.0 121.0 690.0 170.0
WheatHead 581.0 145.0 645.0 199.0
WheatHead 499.0 147.0 573.0 196.0
WheatHead 508.0 188.0 560.0 240.0
WheatHead 368.0 72.0 451.0 109.0
WheatHead 339.0 106.0 456.0 140.0
WheatHead 209.0 175.0 347.0 216.0
WheatHead 244.0 133.0 299.0 188.0
WheatHead 0.0 97.0 81.0 145.0
WheatHead 0.0 174.0 71.0 235.0
WheatHead 275.0 516.0 368.0 582.0
WheatHead 92.0 256.0 195.0 311.0
WheatHead 156.0 267.0 221.0 315.0
WheatHead 173.0 243.0 266.0 295.0
WheatHead 310.0 263.0 375.0 348.0
WheatHead 350.0 281.0 419.0 372.0
WheatHead 537.0 200.0 591.0 282.0
WheatHead 681.0 364.0 791.0 416.0
WheatHead 803.0 322.0 918.0 371.0
WheatHead 787.0 308.0 833.0 339.0
WheatHead 871.0 342.0 916.0 410.0
WheatHead 893.0 342.0 1008.0 421.0
WheatHead 892.0 216.0 980.0 306.0
WheatHead 843.0 896.0 900.0 946.0
WheatHead 904.0 714.0 948.0 770.0
WheatHead 772.0 615.0 851.0 667.0
WheatHead 701.0 679.0 756.0 722.0
WheatHead 658.0 738.0 728.0 810.0
WheatHead 659.0 825.0 764.0 901.0
WheatHead 660.0 833.0 706.0 905.0
WheatHead 615.0 811.0 668.0 879.0
WheatHead 572.0 919.0 651.0 1022.0
WheatHead 493.0 724.0 557.0 783.0
WheatHead 562.0 755.0 611.0 830.0
WheatHead 252.0 756.0 364.0 804.0
WheatHead 285.0 874.0 368.0 911.0
WheatHead 233.0 931.0 333.0 1024.0
WheatHead 238.0 863.0 299.0 978.0
WheatHead 57.0 667.0 150.0 720.0
