WheatHead 0.0 596.0 26.0 744.0
WheatHead 0.0 509.0 56.0 586.0
WheatHead 158.0 770.0 236.0 978.0
WheatHead 9.0 695.0 99.0 844.0
WheatHead 231.0 687.0 325.0 808.0
WheatHead 458.0 919.0 506.0 982.0
WheatHead 506.0 843.0 630.0 933.0
WheatHead 609.0 886.0 695.0 950.0
WheatHead 688.0 891.0 758.0 1024.0
WheatHead 467.0 965.0 520.0 1024.0
WheatHead 515.0 732.0 580.0 801.0
WheatHead 628.0 742.0 688.0 822.0
WheatHead 427.0 308.0 567.0 564.0
WheatHead 536.0 465.0 717.0 653.0
WheatHead 328.0 264.0 399.0 343.0
WheatHead 252.0 202.0 316.0 510.0
WheatHead 301.0 350.0 371.0 613.0
WheatHead 225.0 516.0 308.0 621.0
WheatHead 90.0 355.0 167.0 630.0
WheatHead 39.0 572.0 114.0 655.0
WheatHead 181.0 318.0 251.0 477.0
WheatHead 31.0 436.0 93.0 530.0
WheatHead 536.0 181.0 623.0 284.0
WheatHead 701.0 194.0 759.0 352.0
WheatHead 214.0 0.0 311.0 183.0
WheatHead 82.0 0.0 184.0 94.0
WheatHead 0.0 10.0 37.0 124.0
WheatHead 158.0 0.0 221.0 25.0
WheatHead 775.0 184.0 928.0 308.0
WheatHead 898.0 160.0 1024.0 245.0
WheatHead 965.0 258.0 1024.0 349.0
WheatHead 699.0 343.0 869.0 483.0
WheatHead 843.0 479.0 947.0 555.0
WheatHead 733.0 560.0 857.0 696.0
WheatHead 886.0 658.0 1020.0 780.0
WheatHead 724.0 819.0 926.0 914.0
WheatHead 786.0 884.0 900.0 979.0
WheatHead 601.0 975.0 657.0 1024.0
WheatHead 741.0 973.0 791.0 1024.0
