WheatHead 0.0 1.0 68.0 52.0
WheatHead 34.0 47.0 98.0 157.0
WheatHead 0.0 150.0 59.0 220.0
WheatHead 0.0 288.0 96.0 402.0
WheatHead 70.0 377.0 134.0 451.0
WheatHead 133.0 279.0 217.0 346.0
WheatHead 234.0 141.0 327.0 228.0
WheatHead 160.0 53.0 275.0 133.0
WheatHead 298.0 29.0 377.0 122.0
WheatHead 619.0 0.0 727.0 40.0
WheatHead 639.0 26.0 743.0 89.0
WheatHead 656.0 70.0 732.0 144.0
WheatHead 706.0 129.0 811.0 201.0
WheatHead 572.0 223.0 681.0 306.0
WheatHead 302.0 197.0 417.0 277.0
WheatHead 414.0 208.0 479.0 290.0
WheatHead 864.0 114.0 950.0 160.0
WheatHead 854.0 53.0 968.0 126.0
WheatHead 916.0 0.0 996.0 66.0
WheatHead 963.0 52.0 1024.0 119.0
WheatHead 945.0 139.0 1024.0 235.0
WheatHead 874.0 198.0 953.0 343.0
WheatHead 810.0 245.0 904.0 307.0
WheatHead 548.0 306.0 615.0 411.0
WheatHead 601.0 419.0 672.0 518.0
WheatHead 429.0 445.0 534.0 576.0
WheatHead 544.0 563.0 687.0 635.0
WheatHead 838.0 367.0 905.0 504.0
WheatHead 912.0 415.0 991.0 497.0
WheatHead 855.0 535.0 971.0 605.0
WheatHead 677.0 651.0 757.0 706.0
WheatHead 757.0 628.0 852.0 710.0
WheatHead 537.0 691.0 595.0 807.0
WheatHead 604.0 731.0 650.0 791.0
WheatHead 634.0 712.0 710.0 768.0
WheatHead 718.0 712.0 838.0 776.0
WheatHead 718.0 810.0 828.0 909.0
WheatHead 616.0 774.0 701.0 867.0
WheatHead 539.0 871.0 632.0 971.0
WheatHead 407.0 829.0 512.0 892.0
WheatHead 351.0 740.0 467.0 819.0
WheatHead 352.0 508.0 410.0 606.0
WheatHead 376.0 643.0 441.0 706.0
WheatHead 463.0 608.0 519.0 664.0
WheatHead 288.0 415.0 374.0 512.0
WheatHead 352.0 355.0 432.0 422.0
WheatHead 217.0 511.0 310.0 598.0
WheatHead 219.0 570.0 298.0 636.0
WheatHead 97.0 567.0 174.0 654.0
WheatHead 157.0 578.0 224.0 660.0
WheatHead 29.0 690.0 107.0 759.0
WheatHead 45.0 634.0 131.0 690.0
WheatHead 105.0 687.0 200.0 754.0
WheatHead 179.0 792.0 247.0 863.0
WheatHead 240.0 955.0 316.0 1009.0
WheatHead 238.0 918.0 306.0 964.0
WheatHead 160.0 890.0 243.0 964.0
WheatHead 41.0 826.0 130.0 897.0
WheatHead 500.0 144.0 590.0 209.0
WheatHead 129.0 806.0 200.0 869.0
