WheatHead 0.0 310.0 93.0 405.0
WheatHead 1.0 97.0 59.0 359.0
WheatHead 339.0 838.0 443.0 1001.0
WheatHead 467.0 829.0 552.0 1011.0
WheatHead 590.0 924.0 699.0 1014.0
WheatHead 714.0 900.0 766.0 959.0
WheatHead 455.0 419.0 560.0 564.0
WheatHead 654.0 223.0 730.0 393.0
WheatHead 938.0 115.0 1024.0 374.0
WheatHead 438.0 111.0 509.0 246.0
WheatHead 502.0 110.0 654.0 264.0
WheatHead 657.0 74.0 765.0 248.0
WheatHead 747.0 98.0 810.0 253.0
WheatHead 875.0 0.0 953.0 144.0
WheatHead 733.0 764.0 799.0 864.0
WheatHead 621.0 40.0 720.0 147.0
WheatHead 776.0 3.0 858.0 68.0
WheatHead 105.0 0.0 140.0 28.0
WheatHead 241.0 0.0 308.0 81.0
WheatHead 695.0 0.0 759.0 36.0
WheatHead 933.0 31.0 965.0 75.0
WheatHead 286.0 987.0 350.0 1023.0
