WheatHead 0.0 306.0 39.0 438.0
WheatHead 63.0 223.0 156.0 320.0
WheatHead 107.0 316.0 232.0 406.0
WheatHead 217.0 188.0 369.0 277.0
WheatHead 164.0 442.0 238.0 515.0
WheatHead 237.0 431.0 313.0 513.0
WheatHead 21.0 648.0 88.0 716.0
WheatHead 83.0 675.0 168.0 750.0
WheatHead 138.0 603.0 221.0 677.0
WheatHead 0.0 978.0 74.0 1024.0
WheatHead 109.0 888.0 187.0 959.0
WheatHead 334.0 869.0 418.0 958.0
WheatHead 261.0 813.0 347.0 884.0
WheatHead 211.0 855.0 301.0 907.0
WheatHead 319.0 701.0 417.0 778.0
WheatHead 345.0 767.0 419.0 834.0
WheatHead 550.0 828.0 639.0 911.0
WheatHead 527.0 768.0 591.0 860.0
WheatHead 551.0 723.0 623.0 785.0
WheatHead 621.0 725.0 725.0 796.0
WheatHead 655.0 804.0 719.0 877.0
WheatHead 709.0 816.0 780.0 881.0
WheatHead 415.0 639.0 502.0 714.0
WheatHead 310.0 536.0 407.0 618.0
WheatHead 384.0 487.0 466.0 565.0
WheatHead 535.0 631.0 618.0 697.0
WheatHead 459.0 422.0 526.0 493.0
WheatHead 511.0 375.0 646.0 464.0
WheatHead 598.0 322.0 682.0 409.0
WheatHead 611.0 269.0 691.0 362.0
WheatHead 393.0 195.0 468.0 265.0
WheatHead 361.0 136.0 453.0 200.0
WheatHead 361.0 0.0 491.0 64.0
WheatHead 610.0 3.0 710.0 135.0
WheatHead 783.0 97.0 863.0 166.0
WheatHead 792.0 303.0 859.0 370.0
WheatHead 941.0 88.0 1024.0 147.0
WheatHead 952.0 530.0 1024.0 612.0
WheatHead 828.0 524.0 911.0 599.0
WheatHead 747.0 574.0 883.0 645.0
WheatHead 697.0 635.0 772.0 691.0
WheatHead 762.0 660.0 830.0 726.0
WheatHead 874.0 765.0 965.0 832.0
WheatHead 919.0 816.0 993.0 880.0
WheatHead 857.0 951.0 927.0 1024.0
WheatHead 797.0 150.0 886.0 224.0
WheatHead 622.0 450.0 692.0 522.0
WheatHead 747.0 258.0 850.0 341.0
WheatHead 739.0 721.0 803.0 790.0
WheatHead 359.0 642.0 436.0 697.0
WheatHead 595.0 371.0 668.0 485.0
WheatHead 1002.0 941.0 1024.0 1002.0
