WheatHead 532.0 893.0 616.0 1000.0
WheatHead 913.0 79.0 1024.0 176.0
WheatHead 594.0 236.0 669.0 338.0
WheatHead 732.0 604.0 819.0 691.0
WheatHead 494.0 780.0 578.0 901.0
WheatHead 174.0 286.0 266.0 394.0
WheatHead 599.0 540.0 711.0 652.0
WheatHead 947.0 778.0 1024.0 849.0
WheatHead 826.0 875.0 901.0 952.0
WheatHead 38.0 888.0 117.0 977.0
WheatHead 883.0 999.0 966.0 1024.0
WheatHead 69.0 407.0 158.0 509.0
WheatHead 803.0 742.0 919.0 826.0
WheatHead 760.0 2.0 826.0 94.0
WheatHead 173.0 143.0 236.0 262.0
WheatHead 670.0 691.0 755.0 834.0
WheatHead 772.0 270.0 837.0 369.0
WheatHead 112.0 23.0 166.0 115.0
WheatHead 81.0 555.0 145.0 637.0
WheatHead 650.0 913.0 808.0 970.0
WheatHead 264.0 73.0 321.0 129.0
WheatHead 634.0 343.0 709.0 437.0
WheatHead 5.0 619.0 125.0 727.0
WheatHead 176.0 862.0 228.0 926.0
WheatHead 847.0 2.0 919.0 51.0
WheatHead 265.0 587.0 331.0 655.0
WheatHead 195.0 706.0 245.0 780.0
