WheatHead 481.0 691.0 601.0 780.0
WheatHead 138.0 17.0 243.0 86.0
WheatHead 660.0 514.0 793.0 588.0
WheatHead 153.0 158.0 256.0 250.0
WheatHead 801.0 302.0 936.0 373.0
WheatHead 463.0 79.0 581.0 156.0
WheatHead 268.0 837.0 350.0 903.0
WheatHead 696.0 893.0 834.0 975.0
WheatHead 834.0 71.0 985.0 130.0
WheatHead 286.0 212.0 401.0 284.0
WheatHead 588.0 573.0 686.0 634.0
WheatHead 803.0 747.0 942.0 826.0
WheatHead 64.0 171.0 138.0 235.0
WheatHead 675.0 832.0 775.0 901.0
WheatHead 857.0 133.0 977.0 181.0
WheatHead 783.0 245.0 847.0 302.0
WheatHead 652.0 46.0 801.0 120.0
WheatHead 207.0 924.0 289.0 1003.0
WheatHead 609.0 440.0 680.0 509.0
WheatHead 837.0 2.0 926.0 48.0
WheatHead 555.0 286.0 629.0 340.0
WheatHead 657.0 325.0 870.0 472.0
WheatHead 719.0 683.0 819.0 757.0
WheatHead 473.0 852.0 537.0 942.0
WheatHead 0.0 527.0 94.0 593.0
WheatHead 478.0 488.0 558.0 568.0
WheatHead 171.0 839.0 230.0 893.0
WheatHead 176.0 640.0 245.0 704.0
WheatHead 545.0 445.0 601.0 537.0
WheatHead 573.0 0.0 673.0 25.0
WheatHead 629.0 640.0 732.0 732.0
WheatHead 87.0 847.0 156.0 921.0
WheatHead 28.0 870.0 102.0 934.0
WheatHead 486.0 302.0 558.0 360.0
WheatHead 0.0 729.0 5.0 791.0
WheatHead 432.0 46.0 509.0 99.0
WheatHead 478.0 565.0 547.0 629.0
WheatHead 337.0 0.0 473.0 71.0
WheatHead 140.0 117.0 227.0 166.0
WheatHead 583.0 821.0 688.0 875.0
WheatHead 43.0 432.0 140.0 509.0
WheatHead 107.0 391.0 238.0 501.0
WheatHead 151.0 335.0 207.0 409.0
WheatHead 97.0 99.0 156.0 163.0
WheatHead 739.0 0.0 890.0 75.0
WheatHead 783.0 481.0 903.0 532.0
WheatHead 64.0 38.0 125.0 92.0
WheatHead 878.0 488.0 960.0 555.0
WheatHead 353.0 919.0 483.0 1021.0
WheatHead 578.0 783.0 663.0 837.0
WheatHead 529.0 348.0 624.0 424.0
WheatHead 780.0 960.0 867.0 1008.0
WheatHead 611.0 340.0 704.0 417.0
WheatHead 48.0 663.0 104.0 714.0
WheatHead 934.0 849.0 1024.0 947.0
WheatHead 311.0 37.0 409.0 103.0
WheatHead 107.0 391.0 199.0 481.0
WheatHead 926.0 732.0 985.0 778.0
WheatHead 0.0 243.0 43.0 296.0
WheatHead 253.0 409.0 304.0 471.0
WheatHead 442.0 984.0 501.0 1024.0
WheatHead 739.0 839.0 826.0 893.0
WheatHead 727.0 942.0 801.0 1008.0
WheatHead 529.0 453.0 609.0 540.0
WheatHead 734.0 448.0 775.0 481.0
WheatHead 678.0 399.0 739.0 442.0
WheatHead 716.0 286.0 780.0 325.0
WheatHead 744.0 335.0 819.0 373.0
WheatHead 189.0 199.0 268.0 258.0
WheatHead 744.0 130.0 801.0 166.0
WheatHead 834.0 171.0 916.0 209.0
