WheatHead 767.0 21.0 893.0 100.0
WheatHead 115.0 709.0 258.0 806.0
WheatHead 79.0 465.0 243.0 555.0
WheatHead 64.0 860.0 202.0 954.0
WheatHead 768.0 450.0 896.0 560.0
WheatHead 811.0 675.0 962.0 816.0
WheatHead 622.0 709.0 752.0 780.0
WheatHead 43.0 936.0 176.0 995.0
WheatHead 51.0 414.0 156.0 496.0
WheatHead 744.0 801.0 875.0 906.0
WheatHead 253.0 755.0 376.0 860.0
WheatHead 7.0 779.0 119.0 838.0
WheatHead 11.0 13.0 111.0 97.0
WheatHead 627.0 847.0 693.0 911.0
WheatHead 688.0 117.0 762.0 186.0
WheatHead 471.0 632.0 550.0 734.0
WheatHead 721.0 181.0 913.0 299.0
WheatHead 7.0 109.0 87.0 170.0
WheatHead 657.0 460.0 714.0 527.0
WheatHead 663.0 945.0 766.0 1024.0
WheatHead 291.0 931.0 481.0 1024.0
WheatHead 724.0 593.0 878.0 670.0
WheatHead 716.0 529.0 780.0 578.0
WheatHead 903.0 952.0 1011.0 1021.0
WheatHead 642.0 652.0 755.0 709.0
WheatHead 0.0 89.0 39.0 141.0
WheatHead 493.0 956.0 686.0 1012.0
