WheatHead 189.0 453.0 267.0 544.0
WheatHead 432.0 588.0 499.0 694.0
WheatHead 125.0 57.0 202.0 144.0
WheatHead 420.0 687.0 471.0 780.0
WheatHead 39.0 664.0 99.0 742.0
WheatHead 0.0 450.0 24.0 521.0
WheatHead 834.0 416.0 873.0 507.0
WheatHead 656.0 857.0 724.0 928.0
WheatHead 816.0 24.0 866.0 136.0
WheatHead 99.0 88.0 131.0 207.0
WheatHead 540.0 106.0 595.0 181.0
WheatHead 899.0 675.0 935.0 746.0
WheatHead 345.0 565.0 389.0 634.0
WheatHead 481.0 861.0 550.0 940.0
WheatHead 204.0 686.0 277.0 750.0
WheatHead 66.0 288.0 107.0 404.0
WheatHead 839.0 96.0 882.0 169.0
WheatHead 434.0 180.0 527.0 238.0
WheatHead 759.0 548.0 791.0 611.0
WheatHead 993.0 957.0 1021.0 1022.0
WheatHead 552.0 768.0 589.0 832.0
WheatHead 0.0 158.0 35.0 233.0
WheatHead 386.0 214.0 412.0 290.0
WheatHead 952.0 495.0 984.0 566.0
WheatHead 16.0 527.0 49.0 599.0
WheatHead 13.0 0.0 55.0 53.0
WheatHead 659.0 277.0 686.0 354.0
WheatHead 12.0 427.0 39.0 503.0
WheatHead 987.0 2.0 1017.0 66.0
WheatHead 338.0 208.0 372.0 271.0
WheatHead 735.0 297.0 795.0 350.0
WheatHead 906.0 756.0 944.0 826.0
WheatHead 734.0 378.0 761.0 447.0
WheatHead 383.0 520.0 414.0 599.0
WheatHead 419.0 174.0 464.0 241.0
WheatHead 730.0 897.0 764.0 969.0
WheatHead 153.0 258.0 218.0 317.0
WheatHead 274.0 447.0 333.0 506.0
WheatHead 786.0 13.0 816.0 83.0
WheatHead 374.0 154.0 423.0 230.0
WheatHead 772.0 222.0 813.0 292.0
WheatHead 597.0 350.0 632.0 418.0
WheatHead 714.0 830.0 759.0 890.0
WheatHead 999.0 430.0 1024.0 522.0
WheatHead 338.0 750.0 365.0 806.0
WheatHead 965.0 767.0 1003.0 832.0
WheatHead 561.0 621.0 606.0 696.0
WheatHead 878.0 902.0 982.0 948.0
WheatHead 346.0 914.0 398.0 984.0
WheatHead 281.0 939.0 315.0 996.0
WheatHead 49.0 811.0 77.0 868.0
WheatHead 107.0 782.0 157.0 834.0
WheatHead 936.0 151.0 980.0 193.0
WheatHead 815.0 0.0 850.0 51.0
WheatHead 561.0 533.0 610.0 576.0
WheatHead 529.0 40.0 566.0 132.0
WheatHead 765.0 835.0 804.0 891.0
WheatHead 562.0 910.0 608.0 940.0
WheatHead 617.0 404.0 664.0 472.0
WheatHead 195.0 655.0 245.0 696.0
WheatHead 487.0 0.0 524.0 35.0
WheatHead 421.0 46.0 460.0 96.0
WheatHead 982.0 685.0 1024.0 720.0
WheatHead 866.0 12.0 902.0 75.0
WheatHead 189.0 948.0 226.0 988.0
WheatHead 431.0 988.0 468.0 1024.0
WheatHead 108.0 225.0 183.0 286.0
WheatHead 815.0 861.0 884.0 909.0
WheatHead 364.0 651.0 393.0 699.0
WheatHead 495.0 436.0 531.0 464.0
WheatHead 197.0 588.0 234.0 634.0
WheatHead 1005.0 63.0 1024.0 144.0
WheatHead 128.0 0.0 166.0 17.0
WheatHead 630.0 1009.0 683.0 1024.0
