WheatHead 996.0 483.0 1024.0 613.0
WheatHead 0.0 797.0 83.0 860.0
WheatHead 548.0 480.0 606.0 655.0
WheatHead 925.0 648.0 1024.0 738.0
WheatHead 900.0 488.0 997.0 635.0
WheatHead 827.0 910.0 963.0 1003.0
WheatHead 120.0 195.0 234.0 360.0
WheatHead 197.0 752.0 283.0 807.0
WheatHead 413.0 153.0 487.0 246.0
WheatHead 377.0 610.0 509.0 667.0
WheatHead 824.0 101.0 888.0 211.0
WheatHead 0.0 315.0 113.0 424.0
WheatHead 761.0 408.0 837.0 508.0
WheatHead 285.0 91.0 389.0 233.0
WheatHead 387.0 850.0 471.0 899.0
WheatHead 219.0 464.0 364.0 520.0
WheatHead 854.0 782.0 955.0 860.0
WheatHead 832.0 981.0 909.0 1022.0
WheatHead 802.0 726.0 864.0 802.0
WheatHead 57.0 61.0 166.0 189.0
WheatHead 518.0 1.0 582.0 73.0
WheatHead 613.0 743.0 799.0 783.0
WheatHead 462.0 499.0 559.0 547.0
WheatHead 0.0 868.0 39.0 958.0
WheatHead 924.0 603.0 991.0 675.0
WheatHead 110.0 480.0 279.0 617.0
WheatHead 404.0 648.0 563.0 746.0
WheatHead 305.0 204.0 479.0 312.0
WheatHead 827.0 824.0 927.0 860.0
WheatHead 283.0 345.0 363.0 458.0
WheatHead 646.0 400.0 698.0 440.0
WheatHead 684.0 880.0 745.0 942.0
WheatHead 432.0 701.0 548.0 797.0
WheatHead 117.0 648.0 300.0 720.0
WheatHead 535.0 165.0 746.0 334.0
WheatHead 330.0 126.0 490.0 290.0
WheatHead 0.0 183.0 111.0 290.0
WheatHead 1.0 424.0 131.0 516.0
WheatHead 605.0 247.0 716.0 359.0
WheatHead 442.0 753.0 624.0 874.0
WheatHead 771.0 783.0 862.0 883.0
WheatHead 193.0 255.0 400.0 338.0
WheatHead 312.0 938.0 458.0 977.0
WheatHead 421.0 466.0 494.0 521.0
WheatHead 782.0 390.0 857.0 519.0
WheatHead 862.0 901.0 935.0 1001.0
WheatHead 61.0 0.0 209.0 191.0
WheatHead 813.0 873.0 866.0 909.0
WheatHead 236.0 506.0 342.0 576.0
WheatHead 43.0 610.0 267.0 771.0
WheatHead 915.0 445.0 1015.0 619.0
WheatHead 243.0 1.0 290.0 40.0
WheatHead 15.0 655.0 116.0 767.0
WheatHead 0.0 259.0 91.0 371.0
WheatHead 357.0 366.0 420.0 396.0
WheatHead 408.0 879.0 697.0 940.0
WheatHead 404.0 926.0 533.0 966.0
WheatHead 59.0 495.0 128.0 541.0
