WheatHead 622.0 494.0 747.0 616.0
WheatHead 836.0 316.0 966.0 424.0
WheatHead 61.0 359.0 175.0 496.0
WheatHead 754.0 70.0 884.0 172.0
WheatHead 414.0 742.0 560.0 965.0
WheatHead 657.0 304.0 801.0 430.0
WheatHead 545.0 697.0 634.0 797.0
WheatHead 106.0 576.0 201.0 676.0
WheatHead 634.0 35.0 732.0 135.0
WheatHead 266.0 170.0 362.0 257.0
WheatHead 760.0 922.0 875.0 1012.0
WheatHead 568.0 862.0 668.0 939.0
WheatHead 688.0 614.0 796.0 709.0
WheatHead 174.0 321.0 258.0 393.0
WheatHead 171.0 151.0 269.0 231.0
WheatHead 58.0 810.0 137.0 876.0
WheatHead 176.0 950.0 291.0 1024.0
WheatHead 2.0 619.0 87.0 731.0
WheatHead 2.0 903.0 61.0 1021.0
WheatHead 28.0 701.0 122.0 775.0
WheatHead 250.0 236.0 341.0 311.0
WheatHead 1.0 494.0 75.0 603.0
WheatHead 59.0 945.0 144.0 1019.0
WheatHead 314.0 754.0 412.0 836.0
