WheatHead 643.0 13.0 712.0 90.0
WheatHead 356.0 88.0 438.0 154.0
WheatHead 703.0 36.0 780.0 118.0
WheatHead 379.0 503.0 441.0 584.0
WheatHead 234.0 43.0 315.0 116.0
WheatHead 223.0 585.0 309.0 645.0
WheatHead 811.0 427.0 866.0 506.0
WheatHead 899.0 174.0 978.0 281.0
WheatHead 65.0 24.0 137.0 105.0
WheatHead 1.0 98.0 62.0 173.0
WheatHead 917.0 111.0 970.0 214.0
WheatHead 96.0 161.0 178.0 238.0
WheatHead 517.0 944.0 598.0 1018.0
WheatHead 447.0 57.0 505.0 136.0
WheatHead 177.0 364.0 233.0 464.0
WheatHead 320.0 206.0 387.0 268.0
WheatHead 146.0 471.0 229.0 525.0
WheatHead 963.0 469.0 1014.0 543.0
WheatHead 543.0 555.0 653.0 608.0
WheatHead 883.0 352.0 991.0 434.0
WheatHead 469.0 19.0 540.0 80.0
WheatHead 232.0 237.0 306.0 316.0
WheatHead 58.0 868.0 166.0 941.0
WheatHead 120.0 417.0 221.0 498.0
WheatHead 323.0 255.0 376.0 333.0
WheatHead 879.0 5.0 943.0 70.0
WheatHead 226.0 951.0 315.0 1019.0
WheatHead 279.0 763.0 364.0 842.0
WheatHead 798.0 68.0 849.0 141.0
WheatHead 147.0 286.0 239.0 344.0
WheatHead 155.0 19.0 253.0 118.0
WheatHead 811.0 756.0 902.0 811.0
WheatHead 707.0 252.0 772.0 302.0
WheatHead 891.0 640.0 954.0 694.0
WheatHead 600.0 840.0 667.0 887.0
WheatHead 897.0 963.0 972.0 1004.0
WheatHead 275.0 664.0 344.0 719.0
WheatHead 473.0 271.0 550.0 356.0
WheatHead 240.0 821.0 341.0 900.0
WheatHead 149.0 811.0 213.0 864.0
WheatHead 712.0 790.0 775.0 839.0
WheatHead 47.0 801.0 143.0 872.0
WheatHead 453.0 491.0 531.0 555.0
WheatHead 700.0 307.0 752.0 341.0
WheatHead 393.0 662.0 490.0 694.0
WheatHead 155.0 608.0 241.0 659.0
WheatHead 617.0 720.0 673.0 753.0
WheatHead 528.0 615.0 591.0 664.0
WheatHead 644.0 520.0 694.0 578.0
WheatHead 0.0 580.0 55.0 653.0
WheatHead 58.0 87.0 120.0 139.0
WheatHead 907.0 836.0 961.0 903.0
WheatHead 524.0 802.0 555.0 873.0
WheatHead 877.0 969.0 920.0 1024.0
WheatHead 584.0 940.0 626.0 970.0
WheatHead 755.0 981.0 791.0 1024.0
WheatHead 163.0 546.0 231.0 607.0
WheatHead 420.0 212.0 475.0 300.0
WheatHead 379.0 397.0 423.0 450.0
WheatHead 0.0 191.0 36.0 253.0
WheatHead 715.0 644.0 780.0 686.0
WheatHead 20.0 517.0 105.0 572.0
WheatHead 804.0 988.0 862.0 1014.0
WheatHead 421.0 264.0 488.0 365.0
WheatHead 950.0 622.0 1002.0 666.0
WheatHead 547.0 843.0 618.0 890.0
WheatHead 105.0 239.0 209.0 290.0
WheatHead 527.0 0.0 570.0 38.0
WheatHead 573.0 477.0 638.0 539.0
WheatHead 828.0 44.0 865.0 88.0
WheatHead 611.0 519.0 660.0 583.0
WheatHead 826.0 921.0 883.0 975.0
WheatHead 755.0 900.0 796.0 938.0
WheatHead 443.0 962.0 496.0 995.0
WheatHead 207.0 765.0 304.0 838.0
WheatHead 178.0 679.0 219.0 720.0
WheatHead 101.0 562.0 160.0 610.0
