WheatHead 920.0 475.0 1008.0 552.0
WheatHead 855.0 567.0 927.0 654.0
WheatHead 772.0 583.0 869.0 686.0
WheatHead 858.0 690.0 929.0 758.0
WheatHead 832.0 781.0 929.0 838.0
WheatHead 803.0 848.0 878.0 914.0
WheatHead 602.0 705.0 703.0 796.0
WheatHead 610.0 519.0 695.0 606.0
WheatHead 488.0 374.0 574.0 489.0
WheatHead 680.0 197.0 750.0 340.0
WheatHead 722.0 303.0 791.0 365.0
WheatHead 681.0 389.0 746.0 449.0
WheatHead 911.0 220.0 1015.0 291.0
WheatHead 870.0 0.0 952.0 70.0
WheatHead 894.0 64.0 948.0 123.0
WheatHead 743.0 59.0 800.0 103.0
WheatHead 744.0 101.0 832.0 179.0
WheatHead 664.0 96.0 740.0 172.0
WheatHead 449.0 103.0 534.0 209.0
WheatHead 343.0 21.0 418.0 92.0
WheatHead 141.0 309.0 264.0 399.0
WheatHead 98.0 352.0 154.0 408.0
WheatHead 43.0 242.0 160.0 320.0
WheatHead 148.0 539.0 273.0 616.0
WheatHead 220.0 624.0 296.0 725.0
WheatHead 134.0 697.0 262.0 763.0
WheatHead 149.0 851.0 243.0 974.0
WheatHead 127.0 952.0 216.0 1024.0
WheatHead 298.0 950.0 351.0 1016.0
WheatHead 235.0 836.0 347.0 907.0
WheatHead 313.0 793.0 387.0 863.0
WheatHead 496.0 837.0 583.0 901.0
WheatHead 556.0 791.0 661.0 888.0
WheatHead 662.0 912.0 725.0 975.0
WheatHead 766.0 941.0 849.0 1008.0
WheatHead 0.0 409.0 51.0 490.0
WheatHead 908.0 927.0 985.0 1020.0
WheatHead 956.0 862.0 1024.0 929.0
WheatHead 77.0 867.0 135.0 931.0
WheatHead 38.0 729.0 123.0 811.0
WheatHead 66.0 534.0 133.0 601.0
WheatHead 638.0 179.0 680.0 242.0
WheatHead 970.0 651.0 1024.0 711.0
WheatHead 0.0 883.0 28.0 964.0
