WheatHead 706.0 79.0 757.0 189.0
WheatHead 678.0 888.0 750.0 1018.0
WheatHead 199.0 719.0 289.0 796.0
WheatHead 335.0 227.0 440.0 350.0
WheatHead 122.0 204.0 220.0 273.0
WheatHead 35.0 440.0 151.0 524.0
WheatHead 929.0 222.0 1024.0 350.0
WheatHead 17.0 304.0 161.0 391.0
WheatHead 263.0 604.0 407.0 752.0
WheatHead 520.0 595.0 645.0 736.0
WheatHead 603.0 895.0 670.0 1013.0
WheatHead 2.0 207.0 74.0 284.0
WheatHead 897.0 482.0 972.0 548.0
WheatHead 104.0 629.0 202.0 711.0
WheatHead 2.0 775.0 112.0 837.0
WheatHead 629.0 112.0 709.0 197.0
