WheatHead 470.0 898.0 548.0 976.0
WheatHead 302.0 904.0 387.0 1001.0
WheatHead 193.0 837.0 268.0 919.0
WheatHead 59.0 808.0 125.0 871.0
WheatHead 315.0 772.0 368.0 848.0
WheatHead 451.0 759.0 520.0 826.0
WheatHead 0.0 749.0 34.0 821.0
WheatHead 305.0 665.0 371.0 735.0
WheatHead 266.0 703.0 327.0 767.0
WheatHead 440.0 552.0 501.0 631.0
WheatHead 425.0 624.0 486.0 677.0
WheatHead 162.0 591.0 234.0 667.0
WheatHead 0.0 548.0 76.0 635.0
WheatHead 760.0 605.0 854.0 678.0
WheatHead 852.0 643.0 923.0 701.0
WheatHead 802.0 672.0 881.0 733.0
WheatHead 769.0 742.0 845.0 799.0
WheatHead 940.0 617.0 1001.0 672.0
WheatHead 946.0 715.0 1009.0 777.0
WheatHead 934.0 768.0 1010.0 870.0
WheatHead 328.0 327.0 421.0 394.0
WheatHead 389.0 396.0 444.0 454.0
WheatHead 535.0 395.0 602.0 465.0
WheatHead 498.0 263.0 565.0 339.0
WheatHead 405.0 134.0 469.0 213.0
WheatHead 380.0 210.0 432.0 259.0
WheatHead 472.0 139.0 529.0 201.0
WheatHead 624.0 171.0 690.0 246.0
WheatHead 551.0 18.0 622.0 110.0
WheatHead 736.0 103.0 820.0 173.0
WheatHead 976.0 179.0 1024.0 258.0
WheatHead 961.0 338.0 1024.0 408.0
WheatHead 793.0 231.0 855.0 295.0
WheatHead 938.0 304.0 1009.0 370.0
