WheatHead 78.0 638.0 147.0 700.0
WheatHead 144.0 594.0 203.0 671.0
WheatHead 243.0 556.0 307.0 640.0
WheatHead 201.0 618.0 244.0 681.0
WheatHead 244.0 640.0 311.0 691.0
WheatHead 248.0 682.0 321.0 769.0
WheatHead 200.0 728.0 256.0 809.0
WheatHead 170.0 813.0 254.0 876.0
WheatHead 55.0 847.0 116.0 907.0
WheatHead 42.0 7.0 133.0 79.0
WheatHead 140.0 0.0 188.0 59.0
WheatHead 292.0 0.0 358.0 78.0
WheatHead 152.0 164.0 224.0 233.0
WheatHead 553.0 60.0 604.0 133.0
WheatHead 579.0 116.0 664.0 230.0
WheatHead 429.0 271.0 503.0 348.0
WheatHead 359.0 288.0 412.0 339.0
WheatHead 618.0 291.0 760.0 373.0
WheatHead 810.0 140.0 888.0 223.0
WheatHead 752.0 85.0 809.0 164.0
WheatHead 870.0 21.0 927.0 122.0
WheatHead 963.0 0.0 1015.0 59.0
WheatHead 984.0 119.0 1024.0 196.0
WheatHead 928.0 304.0 987.0 388.0
WheatHead 700.0 612.0 823.0 726.0
WheatHead 972.0 540.0 1024.0 603.0
WheatHead 564.0 881.0 634.0 951.0
WheatHead 890.0 969.0 1002.0 1024.0
WheatHead 329.0 573.0 457.0 734.0
WheatHead 292.0 747.0 388.0 847.0
