WheatHead 109.0 14.0 225.0 136.0
WheatHead 29.0 0.0 120.0 36.0
WheatHead 236.0 67.0 299.0 135.0
WheatHead 283.0 114.0 346.0 207.0
WheatHead 252.0 160.0 304.0 216.0
WheatHead 49.0 92.0 141.0 175.0
WheatHead 1.0 113.0 84.0 200.0
WheatHead 245.0 292.0 323.0 372.0
WheatHead 140.0 330.0 202.0 409.0
WheatHead 192.0 378.0 252.0 436.0
WheatHead 79.0 397.0 179.0 461.0
WheatHead 4.0 542.0 78.0 621.0
WheatHead 0.0 639.0 82.0 735.0
WheatHead 290.0 480.0 395.0 568.0
WheatHead 210.0 710.0 314.0 781.0
WheatHead 316.0 740.0 390.0 810.0
WheatHead 373.0 765.0 492.0 835.0
WheatHead 528.0 669.0 601.0 748.0
WheatHead 505.0 596.0 578.0 660.0
WheatHead 617.0 612.0 711.0 705.0
WheatHead 617.0 507.0 699.0 593.0
WheatHead 711.0 435.0 778.0 513.0
WheatHead 794.0 532.0 889.0 627.0
WheatHead 913.0 654.0 993.0 773.0
WheatHead 804.0 715.0 938.0 776.0
WheatHead 774.0 765.0 863.0 822.0
WheatHead 986.0 898.0 1024.0 977.0
WheatHead 683.0 878.0 763.0 978.0
WheatHead 536.0 936.0 632.0 1009.0
WheatHead 591.0 874.0 651.0 938.0
WheatHead 464.0 860.0 575.0 916.0
WheatHead 393.0 980.0 466.0 1024.0
WheatHead 184.0 871.0 282.0 933.0
WheatHead 196.0 927.0 263.0 986.0
WheatHead 156.0 962.0 214.0 1024.0
WheatHead 579.0 256.0 634.0 318.0
WheatHead 701.0 244.0 783.0 356.0
WheatHead 683.0 134.0 824.0 278.0
WheatHead 653.0 204.0 737.0 264.0
WheatHead 605.0 70.0 667.0 194.0
WheatHead 844.0 55.0 946.0 188.0
WheatHead 846.0 145.0 948.0 210.0
WheatHead 841.0 181.0 927.0 251.0
WheatHead 936.0 213.0 1024.0 286.0
WheatHead 964.0 40.0 1024.0 141.0
WheatHead 679.0 0.0 754.0 53.0
WheatHead 91.0 978.0 142.0 1024.0
WheatHead 596.0 343.0 654.0 403.0
WheatHead 501.0 273.0 562.0 332.0
WheatHead 945.0 844.0 1020.0 922.0
WheatHead 924.0 0.0 1008.0 51.0
WheatHead 189.0 17.0 242.0 54.0
WheatHead 297.0 65.0 378.0 119.0
WheatHead 394.0 0.0 454.0 30.0
WheatHead 0.0 234.0 46.0 302.0
WheatHead 0.0 749.0 40.0 813.0
WheatHead 239.0 992.0 299.0 1023.0
WheatHead 766.0 712.0 854.0 777.0
WheatHead 787.0 562.0 831.0 631.0
WheatHead 1007.0 482.0 1024.0 525.0
WheatHead 1008.0 536.0 1024.0 611.0
WheatHead 1000.0 993.0 1023.0 1023.0
WheatHead 599.0 610.0 646.0 690.0
