WheatHead 123.0 60.0 200.0 138.0
WheatHead 86.0 137.0 236.0 231.0
WheatHead 53.0 223.0 129.0 283.0
WheatHead 77.0 284.0 146.0 357.0
WheatHead 235.0 251.0 317.0 321.0
WheatHead 146.0 307.0 258.0 395.0
WheatHead 387.0 183.0 473.0 262.0
WheatHead 0.0 515.0 74.0 586.0
WheatHead 14.0 595.0 92.0 752.0
WheatHead 71.0 944.0 146.0 1020.0
WheatHead 0.0 933.0 73.0 1020.0
WheatHead 142.0 866.0 227.0 930.0
WheatHead 47.0 817.0 135.0 897.0
WheatHead 428.0 60.0 517.0 126.0
WheatHead 149.0 632.0 238.0 688.0
WheatHead 245.0 428.0 337.0 479.0
WheatHead 261.0 488.0 346.0 537.0
WheatHead 284.0 336.0 369.0 402.0
WheatHead 582.0 299.0 656.0 359.0
WheatHead 635.0 361.0 766.0 421.0
WheatHead 793.0 369.0 874.0 440.0
WheatHead 864.0 358.0 946.0 418.0
WheatHead 843.0 228.0 942.0 288.0
WheatHead 705.0 157.0 804.0 231.0
WheatHead 774.0 94.0 840.0 157.0
WheatHead 366.0 552.0 505.0 688.0
WheatHead 496.0 508.0 583.0 583.0
WheatHead 434.0 421.0 537.0 474.0
WheatHead 720.0 466.0 823.0 557.0
WheatHead 893.0 478.0 990.0 538.0
WheatHead 833.0 452.0 914.0 509.0
WheatHead 892.0 628.0 1002.0 706.0
WheatHead 810.0 653.0 915.0 721.0
WheatHead 542.0 578.0 623.0 642.0
WheatHead 507.0 777.0 590.0 856.0
WheatHead 232.0 825.0 302.0 960.0
WheatHead 261.0 572.0 354.0 714.0
WheatHead 266.0 695.0 342.0 810.0
WheatHead 821.0 792.0 938.0 901.0
WheatHead 822.0 724.0 976.0 793.0
WheatHead 690.0 823.0 838.0 926.0
WheatHead 567.0 915.0 656.0 987.0
WheatHead 665.0 971.0 733.0 1024.0
WheatHead 823.0 970.0 960.0 1024.0
WheatHead 381.0 0.0 463.0 67.0
WheatHead 579.0 49.0 641.0 118.0
WheatHead 631.0 32.0 721.0 90.0
WheatHead 881.0 294.0 952.0 333.0
WheatHead 512.0 797.0 604.0 907.0
WheatHead 958.0 875.0 1024.0 987.0
WheatHead 778.0 829.0 895.0 888.0
WheatHead 651.0 98.0 744.0 159.0
WheatHead 659.0 351.0 751.0 465.0
WheatHead 0.0 796.0 63.0 847.0
WheatHead 817.0 524.0 937.0 600.0
WheatHead 677.0 857.0 802.0 947.0
WheatHead 974.0 516.0 1024.0 566.0
WheatHead 740.0 459.0 864.0 533.0
