WheatHead 57.0 143.0 143.0 233.0
WheatHead 883.0 453.0 959.0 551.0
WheatHead 986.0 140.0 1024.0 210.0
WheatHead 998.0 537.0 1024.0 607.0
WheatHead 374.0 116.0 457.0 177.0
WheatHead 785.0 932.0 888.0 1006.0
WheatHead 557.0 944.0 669.0 1009.0
WheatHead 735.0 48.0 820.0 123.0
WheatHead 594.0 50.0 735.0 119.0
WheatHead 166.0 638.0 248.0 712.0
WheatHead 420.0 959.0 558.0 1021.0
WheatHead 235.0 250.0 316.0 320.0
WheatHead 686.0 187.0 771.0 232.0
WheatHead 322.0 367.0 445.0 409.0
WheatHead 588.0 520.0 663.0 591.0
WheatHead 670.0 401.0 720.0 466.0
WheatHead 39.0 812.0 253.0 894.0
WheatHead 433.0 821.0 618.0 894.0
WheatHead 652.0 722.0 828.0 785.0
WheatHead 0.0 945.0 124.0 998.0
WheatHead 187.0 401.0 304.0 454.0
WheatHead 356.0 427.0 413.0 517.0
WheatHead 675.0 628.0 759.0 688.0
WheatHead 71.0 0.0 207.0 69.0
WheatHead 234.0 371.0 355.0 427.0
WheatHead 854.0 24.0 907.0 61.0
WheatHead 1.0 399.0 108.0 476.0
WheatHead 26.0 64.0 167.0 115.0
WheatHead 174.0 809.0 336.0 1013.0
WheatHead 499.0 243.0 598.0 305.0
WheatHead 105.0 753.0 178.0 809.0
WheatHead 693.0 345.0 845.0 415.0
WheatHead 915.0 583.0 964.0 678.0
WheatHead 196.0 502.0 306.0 576.0
WheatHead 471.0 413.0 516.0 473.0
WheatHead 557.0 334.0 660.0 421.0
WheatHead 28.0 993.0 130.0 1023.0
WheatHead 834.0 255.0 904.0 297.0
WheatHead 291.0 947.0 431.0 1005.0
WheatHead 645.0 603.0 708.0 679.0
WheatHead 104.0 322.0 214.0 379.0
WheatHead 570.0 439.0 741.0 503.0
WheatHead 653.0 409.0 707.0 469.0
WheatHead 0.0 446.0 62.0 529.0
WheatHead 458.0 16.0 527.0 68.0
WheatHead 935.0 133.0 981.0 205.0
WheatHead 113.0 237.0 161.0 316.0
WheatHead 151.0 753.0 215.0 842.0
WheatHead 791.0 316.0 923.0 391.0
WheatHead 280.0 210.0 360.0 256.0
WheatHead 552.0 894.0 611.0 918.0
WheatHead 485.0 348.0 571.0 390.0
WheatHead 6.0 42.0 76.0 83.0
WheatHead 151.0 369.0 261.0 415.0
WheatHead 610.0 580.0 682.0 618.0
WheatHead 365.0 605.0 435.0 638.0
WheatHead 110.0 662.0 166.0 725.0
WheatHead 959.0 992.0 1021.0 1023.0
WheatHead 398.0 31.0 631.0 126.0
WheatHead 275.0 0.0 368.0 41.0
WheatHead 364.0 581.0 447.0 629.0
WheatHead 882.0 981.0 982.0 1024.0
WheatHead 0.0 537.0 92.0 587.0
WheatHead 0.0 694.0 99.0 770.0
WheatHead 286.0 469.0 339.0 501.0
WheatHead 327.0 662.0 494.0 716.0
WheatHead 179.0 50.0 330.0 151.0
WheatHead 950.0 597.0 1023.0 657.0
WheatHead 34.0 560.0 219.0 637.0
WheatHead 208.0 444.0 303.0 490.0
WheatHead 826.0 90.0 1024.0 173.0
WheatHead 139.0 725.0 196.0 760.0
WheatHead 944.0 604.0 984.0 692.0
WheatHead 802.0 280.0 900.0 391.0
WheatHead 122.0 305.0 318.0 362.0
