WheatHead 501.0 140.0 578.0 250.0
WheatHead 878.0 430.0 972.0 499.0
WheatHead 706.0 74.0 829.0 148.0
WheatHead 151.0 92.0 286.0 199.0
WheatHead 488.0 537.0 565.0 711.0
WheatHead 560.0 614.0 680.0 701.0
WheatHead 314.0 631.0 401.0 780.0
WheatHead 832.0 898.0 929.0 972.0
WheatHead 261.0 0.0 348.0 94.0
WheatHead 386.0 143.0 460.0 250.0
WheatHead 358.0 570.0 473.0 637.0
WheatHead 924.0 284.0 1003.0 358.0
WheatHead 950.0 528.0 1024.0 602.0
WheatHead 61.0 46.0 145.0 177.0
WheatHead 721.0 652.0 803.0 806.0
WheatHead 837.0 97.0 949.0 248.0
WheatHead 986.0 227.0 1024.0 319.0
WheatHead 99.0 407.0 225.0 601.0
WheatHead 650.0 273.0 729.0 378.0
WheatHead 437.0 0.0 501.0 43.0
WheatHead 213.0 800.0 318.0 882.0
WheatHead 742.0 304.0 880.0 460.0
WheatHead 15.0 596.0 110.0 806.0
WheatHead 115.0 506.0 225.0 624.0
WheatHead 453.0 99.0 524.0 163.0
WheatHead 624.0 801.0 832.0 893.0
WheatHead 391.0 696.0 545.0 888.0
WheatHead 386.0 931.0 512.0 1018.0
WheatHead 616.0 706.0 734.0 867.0
WheatHead 844.0 350.0 924.0 430.0
WheatHead 512.0 453.0 581.0 540.0
WheatHead 215.0 250.0 279.0 340.0
WheatHead 993.0 903.0 1024.0 1021.0
WheatHead 837.0 268.0 903.0 322.0
WheatHead 33.0 257.0 102.0 337.0
WheatHead 135.0 709.0 202.0 806.0
WheatHead 271.0 960.0 373.0 1024.0
WheatHead 2.0 232.0 66.0 317.0
WheatHead 476.0 176.0 550.0 250.0
WheatHead 773.0 189.0 821.0 268.0
WheatHead 66.0 629.0 158.0 834.0
WheatHead 17.0 742.0 66.0 819.0
WheatHead 501.0 888.0 652.0 965.0
WheatHead 803.0 391.0 860.0 473.0
WheatHead 696.0 28.0 780.0 92.0
WheatHead 954.0 0.0 1024.0 79.0
WheatHead 257.0 751.0 314.0 815.0
WheatHead 294.0 779.0 361.0 852.0
WheatHead 101.0 953.0 233.0 1024.0
WheatHead 27.0 932.0 177.0 1024.0
WheatHead 4.0 927.0 126.0 1023.0
