WheatHead 936.0 73.0 980.0 169.0
WheatHead 531.0 486.0 598.0 580.0
WheatHead 782.0 163.0 883.0 252.0
WheatHead 688.0 899.0 779.0 961.0
WheatHead 521.0 559.0 580.0 638.0
WheatHead 843.0 735.0 891.0 843.0
WheatHead 215.0 948.0 301.0 1011.0
WheatHead 765.0 876.0 861.0 939.0
WheatHead 255.0 475.0 301.0 576.0
WheatHead 603.0 405.0 671.0 465.0
WheatHead 0.0 120.0 58.0 199.0
WheatHead 225.0 62.0 308.0 161.0
WheatHead 199.0 412.0 264.0 486.0
WheatHead 173.0 458.0 264.0 528.0
WheatHead 43.0 2.0 75.0 62.0
WheatHead 872.4000244140625 402.0 983.4000244140625 477.0
WheatHead 744.0 603.0 791.0 660.0
WheatHead 34.0 2.0 68.0 68.0
WheatHead 0.0 277.0 59.0 333.0
WheatHead 436.0 521.0 496.0 591.0
WheatHead 674.0 36.0 726.0 168.0
WheatHead 667.0 980.0 712.0 1022.0
WheatHead 645.0 292.0 711.0 322.0
WheatHead 752.0 499.0 800.0 555.0
WheatHead 260.0 812.0 324.0 861.0
WheatHead 6.0 797.0 90.0 826.0
WheatHead 197.0 318.0 377.0 382.0
WheatHead 774.0 494.0 815.0 548.0
WheatHead 486.0 103.0 618.0 159.0
WheatHead 435.0 181.0 499.0 236.0
WheatHead 441.0 897.0 502.0 925.0
WheatHead 105.0 1.0 157.0 34.0
WheatHead 861.0 415.0 891.0 486.0
WheatHead 670.0 618.0 699.0 692.0
WheatHead 0.0 163.0 36.0 221.0
WheatHead 400.0 432.0 469.0 464.0
WheatHead 363.0 884.0 436.0 913.0
WheatHead 55.0 432.0 143.0 585.0
WheatHead 253.0 921.0 320.0 943.0
WheatHead 299.0 674.0 364.0 700.0
WheatHead 752.0 809.0 783.0 869.0
WheatHead 708.0 604.0 752.0 659.0
WheatHead 301.0 60.0 352.0 92.0
WheatHead 851.0 988.0 917.0 1022.0
WheatHead 645.0 338.0 690.0 387.0
WheatHead 486.0 693.0 535.0 726.0
WheatHead 502.3999938964844 226.1999969482422 578.5 278.29998779296875
WheatHead 376.0 1004.0 447.0 1022.0
WheatHead 156.0 552.0 216.0 595.0
WheatHead 238.0 563.0 268.0 617.0
WheatHead 868.0 590.0 910.0 636.0
WheatHead 830.0 320.0 860.0 383.0
WheatHead 660.0 976.0 686.0 1024.0
WheatHead 599.0 917.0 657.0 944.0
WheatHead 936.0 323.0 983.0 372.0
WheatHead 906.0 475.0 958.0 544.0
WheatHead 948.0 491.0 994.0 543.0
WheatHead 885.0 658.0 924.0 711.0
WheatHead 979.0 576.0 1003.0 635.0
WheatHead 997.0 107.0 1024.0 166.0
WheatHead 79.0 878.0 145.0 924.0
WheatHead 198.0 859.0 247.0 890.0
WheatHead 138.0 898.0 217.0 940.0
WheatHead 549.0 912.0 590.0 950.0
