WheatHead 104.0 499.0 225.0 622.0
WheatHead 171.0 796.0 281.0 949.0
WheatHead 26.0 747.0 148.0 847.0
WheatHead 407.0 115.0 522.0 251.0
WheatHead 624.0 149.0 747.0 305.0
WheatHead 176.0 220.0 279.0 343.0
WheatHead 535.0 309.0 635.0 408.0
WheatHead 847.0 890.0 975.0 1006.0
WheatHead 0.0 0.0 89.0 107.0
WheatHead 637.0 629.0 888.0 750.0
WheatHead 35.0 604.0 130.0 701.0
WheatHead 645.0 424.0 824.0 529.0
WheatHead 576.0 0.0 744.0 66.0
WheatHead 627.0 880.0 762.0 990.0
WheatHead 458.0 445.0 665.0 552.0
WheatHead 826.0 757.0 926.0 857.0
WheatHead 587.0 559.0 661.0 628.0
