WheatHead 47.0 561.0 136.0 634.0
WheatHead 61.0 800.0 204.0 891.0
WheatHead 737.0 365.0 815.0 486.0
WheatHead 0.0 0.0 39.0 70.0
WheatHead 859.0 0.0 1024.0 74.0
WheatHead 314.0 561.0 405.0 614.0
WheatHead 912.0 584.0 996.0 649.0
WheatHead 969.0 184.0 1024.0 251.0
WheatHead 907.0 77.0 954.0 192.0
WheatHead 0.0 697.0 15.0 740.0
WheatHead 915.0 410.0 977.0 555.0
WheatHead 189.0 705.0 297.0 742.0
WheatHead 746.0 513.0 824.0 584.0
WheatHead 308.0 587.0 394.0 644.0
WheatHead 760.0 696.0 820.0 804.0
WheatHead 913.0 921.0 1018.0 969.0
WheatHead 421.0 673.0 565.0 737.0
WheatHead 143.0 292.0 214.0 333.0
WheatHead 417.0 577.0 587.0 641.0
WheatHead 910.0 211.0 1007.0 271.0
WheatHead 555.0 546.0 656.0 587.0
WheatHead 20.0 1.0 121.0 23.0
WheatHead 395.0 633.0 487.0 663.0
WheatHead 148.0 546.0 253.0 576.0
WheatHead 124.0 191.0 230.0 255.0
WheatHead 968.0 266.0 1024.0 301.0
WheatHead 64.0 393.0 154.0 458.0
WheatHead 521.0 152.0 644.0 258.0
WheatHead 722.0 951.0 768.0 1011.0
WheatHead 20.0 345.0 157.0 419.0
WheatHead 669.0 218.0 723.0 288.0
WheatHead 143.0 0.0 188.0 49.0
WheatHead 705.0 726.0 768.0 780.0
WheatHead 256.0 634.0 311.0 663.0
WheatHead 939.0 847.0 980.0 916.0
WheatHead 552.0 723.0 613.0 768.0
WheatHead 0.0 866.0 53.0 950.0
WheatHead 815.0 674.0 962.0 743.0
WheatHead 324.0 963.0 409.0 1019.0
WheatHead 973.0 995.0 1024.0 1021.0
WheatHead 566.0 219.0 644.0 264.0
WheatHead 596.0 701.0 669.0 731.0
WheatHead 750.0 15.0 805.0 47.0
WheatHead 935.0 658.0 998.0 751.0
WheatHead 529.0 992.0 602.0 1021.0
WheatHead 954.0 850.0 981.0 916.0
WheatHead 9.0 499.0 79.0 536.0
WheatHead 0.0 744.0 62.0 771.0
WheatHead 202.0 203.0 273.0 256.0
WheatHead 197.0 560.0 326.0 613.0
WheatHead 522.4000244140625 329.5 634.5999755859375 392.0
WheatHead 0.0 475.0 19.0 567.0
WheatHead 539.0 75.0 615.0 135.0
WheatHead 713.0 624.0 933.0 676.0
WheatHead 963.0 707.0 1024.0 749.0
WheatHead 588.0 507.0 731.0 650.0
WheatHead 440.0 811.0 621.0 905.0
WheatHead 663.0 835.0 811.0 910.0
WheatHead 130.0 664.0 233.0 724.0
WheatHead 30.0 439.0 134.0 492.0
WheatHead 887.0 440.0 997.0 553.0
WheatHead 982.0 667.0 1024.0 707.0
WheatHead 10.0 999.0 116.0 1024.0
WheatHead 882.0 949.0 945.0 993.0
