WheatHead 109.0 166.0 185.0 315.0
WheatHead 0.0 242.0 58.0 350.0
WheatHead 298.0 228.0 369.0 285.0
WheatHead 217.0 88.0 282.0 134.0
WheatHead 373.0 103.0 445.0 161.0
WheatHead 425.0 170.0 480.0 305.0
WheatHead 469.0 196.0 546.0 359.0
WheatHead 191.0 301.0 277.0 369.0
WheatHead 86.0 405.0 161.0 507.0
WheatHead 203.0 473.0 263.0 534.0
WheatHead 261.0 417.0 316.0 491.0
WheatHead 112.0 519.0 173.0 587.0
WheatHead 233.0 531.0 307.0 606.0
WheatHead 613.0 351.0 692.0 494.0
WheatHead 652.0 247.0 728.0 323.0
WheatHead 452.0 506.0 528.0 605.0
WheatHead 421.0 605.0 503.0 697.0
WheatHead 346.0 564.0 418.0 632.0
WheatHead 224.0 636.0 321.0 750.0
WheatHead 115.0 686.0 194.0 792.0
WheatHead 0.0 672.0 98.0 796.0
WheatHead 1.0 593.0 70.0 663.0
WheatHead 359.0 727.0 426.0 854.0
WheatHead 275.0 768.0 392.0 883.0
WheatHead 420.0 802.0 564.0 876.0
WheatHead 24.0 843.0 130.0 940.0
WheatHead 178.0 856.0 235.0 934.0
WheatHead 225.0 991.0 311.0 1024.0
WheatHead 317.0 985.0 370.0 1024.0
WheatHead 112.0 977.0 179.0 1024.0
WheatHead 583.0 928.0 664.0 1007.0
WheatHead 680.0 864.0 793.0 953.0
WheatHead 681.0 580.0 766.0 749.0
WheatHead 770.0 650.0 821.0 748.0
WheatHead 832.0 714.0 897.0 843.0
WheatHead 939.0 721.0 1024.0 830.0
WheatHead 896.0 510.0 960.0 606.0
WheatHead 916.0 324.0 971.0 431.0
WheatHead 747.0 375.0 828.0 439.0
WheatHead 673.0 23.0 735.0 102.0
WheatHead 865.0 18.0 923.0 75.0
WheatHead 990.0 142.0 1024.0 197.0
WheatHead 1019.0 1023.0 1021.0 1024.0
WheatHead 215.0 0.0 323.0 58.0
WheatHead 45.0 335.0 124.0 418.0
WheatHead 318.0 509.0 397.0 582.0
WheatHead 263.0 177.0 300.0 223.0
WheatHead 780.0 915.0 831.0 987.0
WheatHead 756.0 0.0 822.0 64.0
WheatHead 483.0 31.0 534.0 89.0
WheatHead 563.0 41.0 608.0 85.0
WheatHead 173.0 147.0 233.0 220.0
WheatHead 159.0 0.0 206.0 56.0
WheatHead 83.0 698.0 140.0 766.0
WheatHead 181.0 98.0 261.0 144.0
WheatHead 286.0 155.0 311.0 189.0
WheatHead 259.0 146.0 293.0 187.0
WheatHead 0.0 814.0 40.0 876.0
