WheatHead 671.0 846.0 735.0 939.0
WheatHead 922.0 9.0 996.0 106.0
WheatHead 750.0 402.0 806.0 517.0
WheatHead 573.0 312.0 662.0 434.0
WheatHead 28.0 229.0 102.0 296.0
WheatHead 450.0 318.0 531.0 416.0
WheatHead 801.0 684.0 890.0 771.0
WheatHead 0.0 344.0 79.0 435.0
WheatHead 606.0 585.0 667.0 659.0
WheatHead 34.0 723.0 117.0 774.0
WheatHead 827.0 677.0 950.0 741.0
WheatHead 421.0 486.0 550.0 563.0
WheatHead 0.0 816.0 76.0 879.0
WheatHead 46.0 619.0 129.0 671.0
WheatHead 715.0 120.0 785.0 192.0
WheatHead 92.0 128.0 210.0 229.0
WheatHead 415.0 569.0 570.0 660.0
WheatHead 90.0 53.0 203.0 151.0
WheatHead 820.0 475.0 865.0 552.0
WheatHead 425.0 409.0 543.0 458.0
WheatHead 83.0 991.0 169.0 1022.0
WheatHead 49.0 116.0 126.0 208.0
WheatHead 490.0 817.0 595.0 858.0
WheatHead 868.0 380.0 958.0 454.0
WheatHead 0.0 465.0 77.0 547.0
WheatHead 458.0 120.0 495.0 187.0
WheatHead 834.0 337.0 963.0 420.0
WheatHead 0.0 1.0 38.0 58.0
WheatHead 573.0 367.0 638.0 502.0
WheatHead 798.0 813.0 879.0 905.0
WheatHead 700.0 748.0 759.0 786.0
WheatHead 385.0 779.0 472.0 819.0
WheatHead 587.0 903.0 637.0 972.0
WheatHead 33.0 770.0 140.0 806.0
WheatHead 543.0 245.0 643.0 296.0
WheatHead 509.0 270.0 542.0 333.0
WheatHead 520.0 963.0 632.0 984.0
WheatHead 827.0 0.0 869.0 27.0
WheatHead 390.0 977.0 494.0 1003.0
WheatHead 0.0 70.0 86.0 125.0
WheatHead 548.0 652.0 589.0 748.0
WheatHead 424.0 512.0 481.0 551.0
WheatHead 787.0 584.0 842.0 625.0
WheatHead 55.0 479.0 117.0 522.0
WheatHead 916.0 894.0 1024.0 946.0
WheatHead 278.0 732.0 358.0 793.0
WheatHead 708.0 605.0 825.0 664.0
