WheatHead 57.0 324.0 126.0 446.0
WheatHead 291.0 913.0 336.0 977.0
WheatHead 0.0 111.0 27.0 212.0
WheatHead 25.0 94.0 92.0 159.0
WheatHead 393.0 38.0 464.0 135.0
WheatHead 311.0 68.0 374.0 150.0
WheatHead 246.0 123.0 303.0 193.0
WheatHead 272.0 201.0 325.0 269.0
WheatHead 355.0 194.0 430.0 271.0
WheatHead 694.0 36.0 752.0 120.0
WheatHead 701.0 215.0 765.0 284.0
WheatHead 743.0 130.0 836.0 217.0
WheatHead 908.0 161.0 972.0 234.0
WheatHead 964.0 116.0 1015.0 190.0
WheatHead 819.0 0.0 884.0 37.0
WheatHead 217.0 317.0 287.0 384.0
WheatHead 59.0 264.0 115.0 332.0
WheatHead 153.0 971.0 216.0 1024.0
WheatHead 27.0 918.0 92.0 968.0
WheatHead 64.0 499.0 160.0 576.0
WheatHead 135.0 445.0 191.0 500.0
WheatHead 55.0 574.0 168.0 661.0
WheatHead 176.0 617.0 249.0 686.0
WheatHead 287.0 591.0 348.0 665.0
WheatHead 336.0 522.0 389.0 590.0
WheatHead 392.0 514.0 448.0 589.0
WheatHead 366.0 601.0 428.0 656.0
WheatHead 443.0 433.0 520.0 567.0
WheatHead 546.0 538.0 595.0 591.0
WheatHead 653.0 529.0 728.0 612.0
WheatHead 791.0 410.0 901.0 527.0
WheatHead 933.0 463.0 1004.0 548.0
WheatHead 89.0 742.0 148.0 806.0
WheatHead 34.0 769.0 82.0 829.0
WheatHead 325.0 751.0 407.0 844.0
WheatHead 139.0 858.0 220.0 955.0
WheatHead 296.0 874.0 363.0 925.0
WheatHead 321.0 926.0 373.0 995.0
WheatHead 626.0 837.0 702.0 904.0
WheatHead 960.0 766.0 1019.0 828.0
WheatHead 925.0 664.0 994.0 728.0
WheatHead 559.0 701.0 628.0 758.0
WheatHead 493.0 743.0 560.0 796.0
WheatHead 568.0 22.0 601.0 99.0
WheatHead 723.0 780.0 783.0 815.0
WheatHead 715.0 716.0 777.0 766.0
WheatHead 648.0 713.0 702.0 765.0
WheatHead 218.0 706.0 356.0 816.0
WheatHead 854.0 913.0 907.0 977.0
