WheatHead 570.0 755.0 634.0 826.0
WheatHead 975.0 652.0 1024.0 721.0
WheatHead 87.0 363.0 171.0 468.0
WheatHead 901.0 893.0 974.0 993.0
WheatHead 106.0 153.0 196.0 308.0
WheatHead 99.0 609.0 199.0 698.0
WheatHead 473.0 317.0 565.0 412.0
WheatHead 465.0 20.0 568.0 140.0
WheatHead 596.0 309.0 668.0 396.0
WheatHead 576.0 657.0 688.0 768.0
WheatHead 570.0 545.0 655.0 640.0
WheatHead 435.0 724.0 552.0 819.0
WheatHead 668.0 481.0 750.0 573.0
WheatHead 563.0 448.0 647.0 552.0
WheatHead 218.0 539.0 285.0 611.0
WheatHead 28.0 289.0 122.0 384.0
WheatHead 309.0 931.0 373.0 1008.0
WheatHead 501.0 220.0 570.0 296.0
WheatHead 796.0 649.0 856.0 710.0
WheatHead 785.0 476.0 857.0 550.0
WheatHead 755.0 791.0 808.0 867.0
WheatHead 64.0 914.0 158.0 989.0
WheatHead 371.0 2.0 453.0 66.0
WheatHead 785.0 965.0 847.0 1024.0
WheatHead 692.0 609.0 742.0 670.0
WheatHead 46.0 107.0 102.0 181.0
WheatHead 2.0 171.0 51.0 250.0
WheatHead 2.0 645.0 81.0 696.0
WheatHead 2.0 693.0 74.0 744.0
WheatHead 181.0 189.0 218.0 245.0
