WheatHead 783.0 798.0 855.0 884.0
WheatHead 663.0 302.0 720.0 413.0
WheatHead 66.0 533.0 119.0 683.0
WheatHead 770.0 40.0 868.0 120.0
WheatHead 616.0 440.0 678.0 494.0
WheatHead 16.0 418.0 171.0 502.0
WheatHead 845.0 531.0 885.0 611.0
WheatHead 949.0 284.0 1021.0 360.0
WheatHead 369.0 373.0 410.0 420.0
WheatHead 261.0 488.0 350.0 524.0
WheatHead 841.0 390.0 941.0 434.0
WheatHead 0.0 0.0 75.0 61.0
WheatHead 135.0 301.0 222.0 346.0
WheatHead 777.0 431.0 848.0 490.0
WheatHead 8.0 79.0 92.0 166.0
WheatHead 130.0 518.0 194.0 561.0
WheatHead 259.0 200.0 367.0 240.0
WheatHead 946.0 81.0 1022.0 142.0
WheatHead 533.0 621.0 617.0 669.0
WheatHead 935.0 797.0 1013.0 841.0
WheatHead 200.0 418.0 278.0 462.0
WheatHead 639.0 740.0 697.0 783.0
WheatHead 484.0 332.0 615.0 385.0
WheatHead 699.0 545.0 773.0 708.0
WheatHead 891.0 432.0 985.0 482.0
WheatHead 273.0 166.0 354.0 200.0
WheatHead 484.0 817.0 530.0 872.0
WheatHead 830.0 798.0 890.0 851.0
WheatHead 140.0 2.0 242.0 33.0
WheatHead 0.0 197.0 12.0 215.0
WheatHead 267.0 92.0 314.0 158.0
WheatHead 544.0 546.0 665.0 581.0
WheatHead 289.0 435.0 371.0 474.0
WheatHead 330.0 391.0 402.0 470.0
WheatHead 130.8000030517578 838.5999755859375 203.39999389648438 895.7000122070312
WheatHead 623.0 497.0 690.0 567.0
WheatHead 230.0 405.0 314.0 451.0
WheatHead 980.0 16.0 1024.0 40.0
WheatHead 540.0 414.0 607.0 481.0
WheatHead 116.0 38.0 198.0 95.0
WheatHead 984.0 523.0 1024.0 598.0
WheatHead 877.0 129.0 993.0 174.0
WheatHead 862.0 803.0 927.0 861.0
WheatHead 612.0 830.0 726.0 922.0
WheatHead 462.0 351.0 549.0 402.0
WheatHead 0.0 434.0 129.0 517.0
WheatHead 460.0 61.0 705.0 163.0
WheatHead 197.0 876.0 329.0 926.0
WheatHead 2.0 981.0 33.0 1014.0
WheatHead 0.0 936.0 31.0 987.0
WheatHead 19.0 916.0 117.0 966.0
WheatHead 88.0 929.0 192.0 973.0
WheatHead 115.0 868.0 174.0 948.0
WheatHead 194.0 940.0 265.0 1003.0
WheatHead 243.0 940.0 341.0 974.0
WheatHead 274.0 992.0 336.0 1024.0
WheatHead 636.0 951.0 759.0 1020.0
WheatHead 686.0 865.0 797.0 922.0
WheatHead 757.0 921.0 883.0 991.0
WheatHead 870.0 870.0 950.0 916.0
WheatHead 851.0 923.0 914.0 963.0
WheatHead 921.0 926.0 1016.0 985.0
WheatHead 456.0 994.0 505.0 1024.0
WheatHead 894.0 992.0 1022.0 1024.0
