WheatHead 56.0 836.0 136.0 878.0
WheatHead 42.0 912.0 148.0 970.0
WheatHead 190.0 970.0 296.0 1024.0
WheatHead 175.0 885.0 237.0 912.0
WheatHead 247.0 814.0 297.0 857.0
WheatHead 310.0 799.0 375.0 837.0
WheatHead 393.0 801.0 443.0 848.0
WheatHead 393.0 905.0 446.0 959.0
WheatHead 482.0 979.0 559.0 1024.0
WheatHead 611.0 863.0 700.0 908.0
WheatHead 755.0 936.0 818.0 1024.0
WheatHead 44.0 245.0 158.0 289.0
WheatHead 0.0 326.0 46.0 365.0
WheatHead 90.0 433.0 187.0 542.0
WheatHead 734.0 0.0 798.0 33.0
WheatHead 897.0 0.0 981.0 30.0
WheatHead 969.0 81.0 1019.0 116.0
WheatHead 937.0 167.0 1005.0 204.0
WheatHead 298.0 0.0 347.0 30.0
WheatHead 238.0 44.0 331.0 89.0
WheatHead 462.0 79.0 541.0 146.0
WheatHead 577.0 121.0 662.0 147.0
WheatHead 572.0 109.0 650.0 137.0
WheatHead 607.0 49.0 654.0 77.0
WheatHead 398.0 195.0 463.0 230.0
WheatHead 345.0 333.0 434.0 383.0
WheatHead 279.0 385.0 329.0 422.0
WheatHead 330.0 373.0 427.0 423.0
WheatHead 437.0 451.0 512.0 503.0
WheatHead 367.0 480.0 496.0 524.0
WheatHead 451.0 476.0 568.0 546.0
WheatHead 269.0 531.0 382.0 578.0
WheatHead 515.0 584.0 550.0 641.0
WheatHead 676.0 534.0 729.0 585.0
WheatHead 673.0 397.0 778.0 462.0
WheatHead 895.0 572.0 937.0 607.0
WheatHead 912.0 628.0 944.0 732.0
WheatHead 873.0 339.0 902.0 377.0
WheatHead 13.0 519.0 105.0 566.0
WheatHead 798.0 96.0 843.0 165.0
WheatHead 139.0 281.0 226.0 342.0
WheatHead 495.0 0.0 532.0 33.0
