WheatHead 132.0 156.0 204.0 242.0
WheatHead 340.0 122.0 486.0 257.0
WheatHead 240.0 271.0 323.0 389.0
WheatHead 0.0 348.0 90.0 434.0
WheatHead 101.0 344.0 175.0 462.0
WheatHead 104.0 669.0 216.0 815.0
WheatHead 300.0 356.0 419.0 505.0
WheatHead 472.0 402.0 529.0 472.0
WheatHead 510.0 454.0 601.0 533.0
WheatHead 601.0 345.0 701.0 418.0
WheatHead 453.0 613.0 532.0 745.0
WheatHead 366.0 683.0 470.0 777.0
WheatHead 176.0 906.0 266.0 970.0
WheatHead 339.0 957.0 409.0 1024.0
WheatHead 274.0 980.0 341.0 1024.0
WheatHead 986.0 937.0 1023.0 989.0
WheatHead 679.0 982.0 796.0 1024.0
WheatHead 607.0 831.0 691.0 912.0
WheatHead 579.0 703.0 643.0 798.0
WheatHead 595.0 637.0 683.0 715.0
WheatHead 725.0 631.0 793.0 730.0
WheatHead 775.0 557.0 859.0 663.0
WheatHead 727.0 413.0 796.0 467.0
WheatHead 728.0 450.0 811.0 497.0
WheatHead 859.0 492.0 925.0 539.0
WheatHead 876.0 400.0 960.0 459.0
WheatHead 932.0 363.0 983.0 417.0
WheatHead 880.0 351.0 942.0 408.0
WheatHead 66.0 320.0 132.0 445.0
WheatHead 0.0 452.0 38.0 530.0
WheatHead 989.0 254.0 1024.0 329.0
WheatHead 704.0 405.0 748.0 447.0
WheatHead 838.0 428.0 915.0 481.0
WheatHead 769.0 392.0 871.0 465.0
WheatHead 827.0 499.0 914.0 557.0
WheatHead 930.0 949.0 994.0 999.0
