WheatHead 19.0 553.0 89.0 622.0
WheatHead 60.0 500.0 138.0 587.0
WheatHead 72.0 402.0 136.0 494.0
WheatHead 160.0 351.0 231.0 442.0
WheatHead 98.0 328.0 153.0 394.0
WheatHead 320.0 370.0 388.0 450.0
WheatHead 145.0 175.0 293.0 237.0
WheatHead 90.0 34.0 152.0 103.0
WheatHead 0.0 23.0 51.0 88.0
WheatHead 282.0 0.0 372.0 39.0
WheatHead 130.0 73.0 207.0 133.0
WheatHead 318.0 81.0 416.0 151.0
WheatHead 349.0 181.0 430.0 248.0
WheatHead 446.0 295.0 592.0 368.0
WheatHead 472.0 256.0 549.0 300.0
WheatHead 624.0 180.0 698.0 265.0
WheatHead 737.0 251.0 816.0 336.0
WheatHead 716.0 317.0 778.0 386.0
WheatHead 755.0 376.0 832.0 485.0
WheatHead 564.0 373.0 649.0 430.0
WheatHead 503.0 140.0 606.0 200.0
WheatHead 434.0 92.0 557.0 137.0
WheatHead 429.0 7.0 493.0 80.0
WheatHead 550.0 22.0 620.0 76.0
WheatHead 616.0 0.0 704.0 26.0
WheatHead 675.0 10.0 778.0 75.0
WheatHead 216.0 494.0 345.0 560.0
WheatHead 109.0 626.0 323.0 691.0
WheatHead 74.0 748.0 190.0 788.0
WheatHead 46.0 790.0 140.0 849.0
WheatHead 135.0 854.0 211.0 903.0
WheatHead 73.0 934.0 137.0 1024.0
WheatHead 302.0 857.0 416.0 929.0
WheatHead 503.0 833.0 649.0 944.0
WheatHead 415.0 979.0 480.0 1024.0
WheatHead 532.0 763.0 592.0 842.0
WheatHead 513.0 660.0 601.0 729.0
WheatHead 601.0 762.0 671.0 824.0
WheatHead 705.0 845.0 784.0 888.0
WheatHead 723.0 738.0 808.0 797.0
WheatHead 728.0 644.0 876.0 722.0
WheatHead 916.0 605.0 1018.0 695.0
WheatHead 647.0 531.0 755.0 599.0
WheatHead 630.0 449.0 712.0 513.0
WheatHead 673.0 890.0 735.0 942.0
WheatHead 784.0 934.0 901.0 1010.0
WheatHead 504.0 455.0 593.0 563.0
WheatHead 402.0 458.0 513.0 562.0
WheatHead 352.0 713.0 427.0 779.0
WheatHead 884.0 776.0 951.0 830.0
WheatHead 839.0 821.0 894.0 899.0
WheatHead 918.0 842.0 984.0 912.0
WheatHead 948.0 348.0 1024.0 406.0
WheatHead 977.0 500.0 1024.0 559.0
WheatHead 841.0 266.0 929.0 330.0
WheatHead 947.0 248.0 1014.0 327.0
WheatHead 822.0 109.0 912.0 214.0
WheatHead 862.0 51.0 962.0 109.0
WheatHead 956.0 92.0 1024.0 151.0
WheatHead 444.0 151.0 496.0 197.0
WheatHead 0.0 118.0 60.0 212.0
WheatHead 0.0 235.0 47.0 323.0
WheatHead 566.0 203.0 641.0 266.0
WheatHead 25.0 294.0 93.0 359.0
WheatHead 674.0 707.0 722.0 758.0
