WheatHead 951.0 958.0 1022.0 1013.0
WheatHead 1.0 813.0 88.0 865.0
WheatHead 662.0 159.0 779.0 204.0
WheatHead 836.0 550.0 969.0 617.0
WheatHead 170.0 172.0 252.0 243.0
WheatHead 359.0 491.0 471.0 542.0
WheatHead 0.0 509.0 85.0 561.0
WheatHead 404.0 633.0 512.0 673.0
WheatHead 222.0 125.0 369.0 220.0
WheatHead 563.0 223.0 665.0 291.0
WheatHead 602.0 742.0 681.0 815.0
WheatHead 273.0 576.0 360.0 627.0
WheatHead 0.0 286.0 72.0 329.0
WheatHead 135.0 450.0 238.0 512.0
WheatHead 506.0 121.0 598.0 184.0
WheatHead 434.0 135.0 554.0 199.0
WheatHead 223.0 656.0 328.0 704.0
WheatHead 412.0 853.0 487.0 915.0
WheatHead 418.0 224.0 534.0 285.0
WheatHead 177.0 958.0 263.0 1013.0
WheatHead 15.0 931.0 122.0 964.0
WheatHead 883.0 348.0 951.0 375.0
WheatHead 566.0 305.0 685.0 350.0
WheatHead 671.0 944.0 741.0 993.0
WheatHead 743.0 940.0 856.0 999.0
WheatHead 820.0 871.0 912.0 940.0
WheatHead 940.0 800.0 1024.0 851.0
WheatHead 731.0 360.0 804.0 400.0
WheatHead 271.0 300.0 372.0 360.0
WheatHead 780.0 587.0 856.0 632.0
WheatHead 95.0 0.0 175.0 42.0
WheatHead 322.0 846.0 380.0 880.0
WheatHead 652.0 247.0 754.0 303.0
WheatHead 81.0 54.0 140.0 87.0
WheatHead 708.0 132.0 891.0 233.0
WheatHead 567.0 0.0 635.0 46.0
WheatHead 217.0 948.0 335.0 977.0
WheatHead 879.0 180.0 962.0 217.0
WheatHead 521.0 913.0 644.0 946.0
WheatHead 881.0 208.0 972.0 255.0
WheatHead 919.0 481.0 1014.0 543.0
WheatHead 0.0 146.0 88.0 197.0
WheatHead 969.0 0.0 1004.0 38.0
WheatHead 582.0 147.0 689.0 206.0
WheatHead 261.0 182.0 371.0 250.0
WheatHead 980.0 477.0 1024.0 518.0
WheatHead 423.0 812.0 480.0 847.0
WheatHead 271.0 250.0 400.0 293.0
WheatHead 0.0 651.0 84.0 701.0
WheatHead 120.0 509.0 267.0 553.0
WheatHead 121.0 536.0 245.0 616.0
WheatHead 787.0 0.0 870.0 43.0
WheatHead 974.0 876.0 1024.0 931.0
WheatHead 370.0 551.0 513.0 598.0
WheatHead 197.0 854.0 319.0 909.0
WheatHead 853.0 856.0 962.0 897.0
WheatHead 205.0 541.0 327.0 581.0
WheatHead 222.0 256.0 294.0 296.0
WheatHead 145.0 260.0 243.0 310.0
WheatHead 12.0 15.0 81.0 64.0
WheatHead 277.0 913.0 411.0 958.0
WheatHead 771.0 911.0 873.0 950.0
WheatHead 574.0 886.0 638.0 923.0
WheatHead 514.0 784.0 650.0 833.0
WheatHead 78.0 693.0 169.0 735.0
WheatHead 48.0 616.0 140.0 651.0
WheatHead 242.0 0.0 308.0 24.0
WheatHead 109.0 921.0 216.0 964.0
WheatHead 118.0 187.0 187.0 221.0
WheatHead 385.0 931.0 512.0 988.0
WheatHead 170.0 530.0 275.0 605.0
WheatHead 48.0 581.0 146.0 631.0
WheatHead 67.0 157.0 192.0 265.0
WheatHead 0.0 541.0 76.0 573.0
WheatHead 109.0 975.0 215.0 1019.0
WheatHead 71.0 967.0 148.0 1014.0
WheatHead 398.0 882.0 512.0 911.0
