WheatHead 498.0 695.0 585.0 809.0
WheatHead 614.0 476.0 757.0 668.0
WheatHead 379.0 871.0 528.0 994.0
WheatHead 701.0 906.0 896.0 1016.0
WheatHead 719.0 577.0 897.0 688.0
WheatHead 570.0 808.0 680.0 911.0
WheatHead 686.0 847.0 832.0 942.0
WheatHead 569.0 979.0 666.0 1024.0
WheatHead 505.0 404.0 619.0 472.0
WheatHead 450.0 304.0 545.0 399.0
WheatHead 657.0 303.0 780.0 405.0
WheatHead 502.0 655.0 630.0 724.0
WheatHead 758.0 238.0 891.0 361.0
WheatHead 280.0 746.0 355.0 824.0
WheatHead 559.0 337.0 659.0 410.0
