WheatHead 3.0 104.0 90.0 202.0
WheatHead 17.0 325.0 104.0 396.0
WheatHead 0.0 523.0 73.0 615.0
WheatHead 73.0 557.0 190.0 627.0
WheatHead 94.0 464.0 185.0 526.0
WheatHead 445.0 392.0 534.0 477.0
WheatHead 249.0 246.0 339.0 309.0
WheatHead 165.0 271.0 231.0 328.0
WheatHead 328.0 186.0 415.0 254.0
WheatHead 230.0 130.0 307.0 206.0
WheatHead 313.0 77.0 385.0 145.0
WheatHead 550.0 144.0 649.0 232.0
WheatHead 410.0 0.0 504.0 47.0
WheatHead 276.0 0.0 359.0 74.0
WheatHead 576.0 0.0 692.0 98.0
WheatHead 798.0 74.0 863.0 152.0
WheatHead 844.0 70.0 927.0 153.0
WheatHead 931.0 49.0 1024.0 144.0
WheatHead 0.0 778.0 67.0 907.0
WheatHead 6.0 712.0 88.0 787.0
WheatHead 193.0 668.0 329.0 746.0
WheatHead 408.0 944.0 507.0 1024.0
WheatHead 340.0 832.0 430.0 920.0
WheatHead 751.0 817.0 870.0 903.0
WheatHead 950.0 778.0 1024.0 845.0
WheatHead 825.0 597.0 893.0 669.0
WheatHead 697.0 508.0 791.0 593.0
WheatHead 589.0 642.0 669.0 720.0
WheatHead 490.0 511.0 591.0 589.0
WheatHead 576.0 504.0 665.0 572.0
WheatHead 944.0 544.0 1024.0 601.0
WheatHead 778.0 337.0 923.0 415.0
WheatHead 879.0 239.0 1001.0 290.0
WheatHead 914.0 276.0 1012.0 328.0
WheatHead 729.0 197.0 892.0 265.0
WheatHead 619.0 890.0 766.0 974.0
WheatHead 770.0 948.0 847.0 1024.0
WheatHead 385.0 26.0 465.0 90.0
