WheatHead 869.0 249.0 921.0 344.0
WheatHead 757.0 699.0 826.0 789.0
WheatHead 318.0 898.0 446.0 966.0
WheatHead 169.0 573.0 288.0 685.0
WheatHead 719.0 450.0 787.0 535.0
WheatHead 353.0 387.0 481.0 450.0
WheatHead 319.0 740.0 401.0 827.0
WheatHead 449.0 94.0 544.0 186.0
WheatHead 367.0 445.0 488.0 518.0
WheatHead 924.0 129.0 977.0 235.0
WheatHead 955.0 949.0 1024.0 1013.0
WheatHead 53.0 397.0 150.0 438.0
WheatHead 738.0 819.0 851.0 895.0
WheatHead 290.0 20.0 387.0 129.0
WheatHead 57.0 528.0 122.0 662.0
WheatHead 199.0 46.0 276.0 131.0
WheatHead 983.0 499.0 1024.0 568.0
WheatHead 46.0 772.0 149.0 844.0
WheatHead 337.0 832.0 428.0 886.0
WheatHead 571.0 633.0 669.0 682.0
WheatHead 563.0 204.0 623.0 294.0
WheatHead 310.0 97.0 392.0 178.0
WheatHead 78.0 0.0 141.0 16.0
WheatHead 561.0 680.0 653.0 728.0
WheatHead 724.0 585.0 801.0 640.0
WheatHead 985.0 610.0 1024.0 666.0
WheatHead 330.0 340.0 424.0 395.0
WheatHead 302.0 199.0 391.0 275.0
WheatHead 113.0 854.0 224.0 916.0
WheatHead 876.0 539.0 941.0 588.0
WheatHead 628.0 106.0 756.0 189.0
WheatHead 519.0 16.0 597.0 75.0
WheatHead 745.0 120.0 829.0 205.0
WheatHead 120.0 918.0 232.0 975.0
WheatHead 427.0 349.0 468.0 423.0
WheatHead 719.0 353.0 791.0 403.0
WheatHead 396.0 267.0 438.0 365.0
WheatHead 0.0 531.0 58.0 584.0
WheatHead 453.0 752.0 542.0 801.0
WheatHead 207.0 963.0 289.0 996.0
WheatHead 0.0 89.0 83.0 161.0
WheatHead 389.0 677.0 487.0 728.0
WheatHead 928.0 437.0 996.0 502.0
WheatHead 300.0 1003.0 364.0 1024.0
WheatHead 346.0 977.0 427.0 1018.0
WheatHead 299.0 0.0 410.0 35.0
WheatHead 680.0 292.0 739.0 340.0
WheatHead 815.0 147.0 894.0 215.0
WheatHead 842.0 905.0 922.0 955.0
WheatHead 200.0 775.0 270.0 831.0
WheatHead 436.0 992.0 504.0 1024.0
WheatHead 668.0 78.0 739.0 132.0
WheatHead 0.0 154.0 22.0 190.0
WheatHead 123.0 8.0 177.0 82.0
WheatHead 0.0 332.0 51.0 363.0
WheatHead 670.0 1003.0 730.0 1024.0
WheatHead 468.0 942.0 595.0 979.0
WheatHead 899.0 957.0 952.0 1003.0
WheatHead 37.0 715.0 132.0 769.0
WheatHead 705.0 29.0 767.0 85.0
WheatHead 600.0 47.0 676.0 111.0
WheatHead 660.0 0.0 771.0 69.0
WheatHead 651.0 963.0 717.0 995.0
WheatHead 640.0 938.0 714.0 978.0
WheatHead 0.0 983.0 38.0 1024.0
WheatHead 0.0 129.0 51.0 171.0
WheatHead 932.0 803.0 1007.0 851.0
WheatHead 949.0 861.0 1007.0 906.0
WheatHead 167.0 9.0 280.0 123.0
WheatHead 212.0 0.0 286.0 53.0
WheatHead 245.0 0.0 299.0 45.0
