WheatHead 332.0 657.0 522.0 752.0
WheatHead 399.0 778.0 552.0 860.0
WheatHead 0.0 547.0 61.0 647.0
WheatHead 7.0 227.0 145.0 304.0
WheatHead 773.0 15.0 908.0 84.0
WheatHead 360.0 250.0 486.0 340.0
WheatHead 622.0 594.0 686.0 663.0
WheatHead 668.0 849.0 844.0 947.0
WheatHead 847.0 816.0 995.0 867.0
WheatHead 476.0 363.0 583.0 432.0
WheatHead 814.0 734.0 957.0 806.0
WheatHead 391.0 542.0 476.0 627.0
WheatHead 701.0 363.0 954.0 430.0
WheatHead 816.0 552.0 952.0 744.0
WheatHead 837.0 885.0 1024.0 972.0
WheatHead 238.0 499.0 353.0 606.0
WheatHead 0.0 340.0 97.0 506.0
WheatHead 0.0 622.0 156.0 727.0
WheatHead 552.0 921.0 691.0 988.0
WheatHead 624.0 486.0 688.0 547.0
WheatHead 637.0 714.0 762.0 791.0
WheatHead 560.0 253.0 688.0 322.0
WheatHead 138.0 647.0 291.0 752.0
WheatHead 0.0 87.0 76.0 153.0
WheatHead 46.0 934.0 192.0 1024.0
WheatHead 826.0 84.0 1013.0 174.0
WheatHead 0.0 977.0 71.0 1024.0
WheatHead 35.0 737.0 220.0 832.0
WheatHead 215.0 97.0 309.0 268.0
WheatHead 236.0 870.0 508.0 970.0
WheatHead 596.0 673.0 673.0 760.0
WheatHead 92.0 366.0 179.0 519.0
WheatHead 325.0 404.0 509.0 488.0
WheatHead 94.0 125.0 171.0 268.0
WheatHead 181.0 243.0 286.0 353.0
WheatHead 596.0 389.0 714.0 450.0
WheatHead 852.0 409.0 924.0 476.0
WheatHead 619.0 84.0 696.0 148.0
WheatHead 775.0 647.0 857.0 711.0
WheatHead 476.0 92.0 588.0 158.0
WheatHead 550.0 128.0 629.0 204.0
WheatHead 174.0 148.0 238.0 225.0
WheatHead 519.0 2.0 642.0 51.0
WheatHead 711.0 104.0 826.0 156.0
WheatHead 235.0 570.0 343.0 647.0
WheatHead 448.0 435.0 622.0 514.0
WheatHead 286.0 102.0 376.0 174.0
WheatHead 903.0 209.0 1024.0 281.0
WheatHead 135.0 849.0 215.0 903.0
WheatHead 609.0 158.0 826.0 230.0
WheatHead 724.0 796.0 826.0 860.0
WheatHead 314.0 314.0 419.0 376.0
WheatHead 652.0 186.0 811.0 279.0
WheatHead 158.0 742.0 281.0 903.0
WheatHead 780.0 962.0 898.0 1024.0
WheatHead 908.0 2.0 980.0 43.0
WheatHead 0.0 2.0 10.0 79.0
WheatHead 14.0 2.0 120.0 60.0
WheatHead 670.0 970.0 826.0 1018.0
WheatHead 947.0 442.0 1024.0 499.0
WheatHead 171.0 320.0 271.0 376.0
WheatHead 919.0 133.0 1024.0 181.0
WheatHead 808.0 276.0 919.0 332.0
WheatHead 547.0 20.0 698.0 87.0
WheatHead 616.0 2.0 734.0 30.0
WheatHead 616.0 143.0 732.0 163.0
