WheatHead 14.0 108.0 68.0 179.0
WheatHead 18.0 411.0 81.0 519.0
WheatHead 126.0 473.0 213.0 556.0
WheatHead 251.0 609.0 362.0 714.0
WheatHead 152.0 706.0 225.0 768.0
WheatHead 64.0 740.0 138.0 810.0
WheatHead 258.0 763.0 391.0 841.0
WheatHead 115.0 860.0 279.0 945.0
WheatHead 36.0 894.0 119.0 1010.0
WheatHead 905.0 952.0 998.0 1024.0
WheatHead 557.0 683.0 646.0 799.0
WheatHead 651.0 650.0 720.0 750.0
WheatHead 769.0 688.0 864.0 792.0
WheatHead 867.0 643.0 964.0 731.0
WheatHead 785.0 590.0 859.0 669.0
WheatHead 591.0 594.0 695.0 663.0
WheatHead 572.0 438.0 677.0 522.0
WheatHead 493.0 464.0 610.0 530.0
WheatHead 791.0 462.0 871.0 539.0
WheatHead 750.0 530.0 838.0 590.0
WheatHead 946.0 328.0 1005.0 460.0
WheatHead 792.0 167.0 858.0 272.0
WheatHead 926.0 172.0 1024.0 249.0
WheatHead 374.0 308.0 453.0 487.0
WheatHead 352.0 479.0 520.0 560.0
WheatHead 392.0 656.0 474.0 733.0
WheatHead 135.0 175.0 225.0 234.0
WheatHead 198.0 220.0 292.0 306.0
WheatHead 342.0 168.0 411.0 239.0
WheatHead 251.0 77.0 328.0 139.0
WheatHead 171.0 11.0 245.0 86.0
WheatHead 29.0 30.0 83.0 85.0
WheatHead 373.0 58.0 448.0 130.0
WheatHead 494.0 15.0 591.0 83.0
WheatHead 583.0 81.0 666.0 164.0
WheatHead 571.0 169.0 639.0 243.0
WheatHead 709.0 6.0 778.0 89.0
WheatHead 55.0 219.0 122.0 269.0
WheatHead 380.0 236.0 443.0 296.0
WheatHead 445.0 249.0 505.0 320.0
WheatHead 91.0 152.0 151.0 236.0
WheatHead 587.0 544.0 668.0 596.0
