WheatHead 46.0 878.0 176.0 967.0
WheatHead 253.0 517.0 376.0 606.0
WheatHead 739.0 957.0 834.0 1024.0
WheatHead 133.0 957.0 209.0 1024.0
WheatHead 130.0 560.0 261.0 622.0
WheatHead 294.0 624.0 407.0 752.0
WheatHead 624.0 353.0 696.0 430.0
WheatHead 0.0 768.0 74.0 880.0
WheatHead 112.0 609.0 225.0 698.0
WheatHead 138.0 71.0 268.0 189.0
WheatHead 199.0 750.0 345.0 847.0
WheatHead 785.0 724.0 954.0 811.0
WheatHead 481.0 243.0 586.0 366.0
WheatHead 0.0 92.0 151.0 181.0
WheatHead 0.0 414.0 186.0 499.0
WheatHead 35.0 724.0 112.0 834.0
WheatHead 225.0 857.0 294.0 913.0
WheatHead 0.0 248.0 140.0 312.0
WheatHead 348.0 765.0 442.0 826.0
WheatHead 450.0 488.0 583.0 591.0
WheatHead 0.0 297.0 29.0 374.0
WheatHead 455.0 837.0 509.0 936.0
WheatHead 637.0 74.0 783.0 151.0
WheatHead 924.0 399.0 1000.0 537.0
WheatHead 524.0 220.0 691.0 330.0
WheatHead 573.0 993.0 714.0 1024.0
WheatHead 865.0 565.0 993.0 683.0
WheatHead 806.0 322.0 903.0 522.0
WheatHead 606.0 476.0 732.0 619.0
WheatHead 747.0 2.0 852.0 71.0
WheatHead 225.0 51.0 363.0 174.0
WheatHead 138.0 250.0 268.0 417.0
WheatHead 46.0 5.0 138.0 107.0
WheatHead 834.0 977.0 1003.0 1024.0
WheatHead 808.0 614.0 875.0 680.0
WheatHead 209.0 693.0 271.0 783.0
WheatHead 442.0 706.0 627.0 816.0
WheatHead 757.0 120.0 852.0 176.0
WheatHead 552.0 271.0 627.0 488.0
WheatHead 294.0 343.0 378.0 437.0
WheatHead 573.0 949.0 750.0 993.0
WheatHead 248.0 358.0 320.0 519.0
WheatHead 908.0 529.0 990.0 596.0
WheatHead 599.0 622.0 770.0 878.0
WheatHead 942.0 942.0 1024.0 995.0
WheatHead 0.0 864.0 61.0 978.0
WheatHead 535.0 483.0 688.0 596.0
WheatHead 166.0 176.0 222.0 238.0
WheatHead 703.0 0.0 792.0 31.0
WheatHead 936.0 279.0 1011.0 368.0
WheatHead 668.0 852.0 752.0 921.0
WheatHead 440.0 2.0 512.0 245.0
WheatHead 448.0 637.0 565.0 837.0
WheatHead 952.0 368.0 1018.0 427.0
WheatHead 145.0 2.0 207.0 56.0
WheatHead 865.0 304.0 939.0 389.0
WheatHead 586.0 911.0 775.0 962.0
WheatHead 261.0 94.0 501.0 373.0
WheatHead 166.0 944.0 245.0 999.0
WheatHead 0.0 482.0 192.0 538.0
WheatHead 542.0 857.0 599.0 931.0
WheatHead 716.0 885.0 798.0 931.0
WheatHead 750.0 747.0 954.0 832.0
WheatHead 611.0 888.0 660.0 919.0
WheatHead 302.0 698.0 399.0 780.0
WheatHead 509.0 616.0 724.0 714.0
WheatHead 471.0 424.0 668.0 524.0
WheatHead 104.0 302.0 181.0 486.0
WheatHead 775.0 432.0 852.0 529.0
WheatHead 903.0 430.0 1024.0 478.0
WheatHead 563.0 163.0 716.0 217.0
WheatHead 693.0 117.0 791.0 161.0
WheatHead 99.0 12.0 166.0 61.0
WheatHead 980.0 61.0 1024.0 153.0
