WheatHead 0.0 711.0 79.0 810.0
WheatHead 130.0 464.0 242.0 626.0
WheatHead 223.0 630.0 283.0 731.0
WheatHead 143.0 267.0 212.0 339.0
WheatHead 295.0 198.0 379.0 343.0
WheatHead 358.0 252.0 415.0 318.0
WheatHead 255.0 179.0 320.0 238.0
WheatHead 465.0 313.0 527.0 386.0
WheatHead 734.0 95.0 839.0 234.0
WheatHead 832.0 104.0 900.0 205.0
WheatHead 916.0 171.0 974.0 245.0
WheatHead 785.0 282.0 868.0 341.0
WheatHead 969.0 227.0 1024.0 301.0
WheatHead 432.0 673.0 510.0 762.0
WheatHead 594.0 646.0 664.0 721.0
WheatHead 599.0 822.0 677.0 900.0
WheatHead 969.0 768.0 1024.0 867.0
WheatHead 894.0 612.0 983.0 689.0
WheatHead 0.0 246.0 25.0 301.0
WheatHead 531.0 217.0 570.0 267.0
WheatHead 1006.0 283.0 1024.0 339.0
