WheatHead 0.0 413.0 183.0 536.0
WheatHead 75.0 30.0 232.0 139.0
WheatHead 0.0 0.0 133.0 58.0
WheatHead 13.0 538.0 106.0 646.0
WheatHead 0.0 861.0 114.0 961.0
WheatHead 28.0 778.0 173.0 888.0
WheatHead 276.0 765.0 407.0 981.0
WheatHead 372.0 703.0 439.0 794.0
WheatHead 393.0 907.0 492.0 1024.0
WheatHead 446.0 717.0 530.0 930.0
WheatHead 505.0 662.0 578.0 846.0
WheatHead 430.0 425.0 530.0 624.0
WheatHead 477.0 341.0 571.0 546.0
WheatHead 228.0 297.0 348.0 499.0
WheatHead 346.0 157.0 444.0 333.0
WheatHead 620.0 458.0 722.0 635.0
WheatHead 623.0 532.0 690.0 648.0
WheatHead 706.0 633.0 816.0 793.0
WheatHead 815.0 640.0 893.0 705.0
WheatHead 910.0 637.0 1005.0 728.0
WheatHead 807.0 386.0 905.0 544.0
WheatHead 775.0 230.0 853.0 314.0
WheatHead 673.0 125.0 765.0 185.0
WheatHead 476.0 96.0 633.0 167.0
WheatHead 797.0 6.0 875.0 140.0
WheatHead 900.0 116.0 975.0 187.0
WheatHead 956.0 179.0 1024.0 259.0
WheatHead 965.0 292.0 1023.0 375.0
WheatHead 949.0 47.0 1024.0 110.0
WheatHead 825.0 956.0 928.0 1005.0
WheatHead 784.0 992.0 865.0 1024.0
WheatHead 987.0 901.0 1024.0 994.0
WheatHead 592.0 695.0 658.0 757.0
WheatHead 694.0 800.0 761.0 902.0
WheatHead 626.0 954.0 713.0 1024.0
WheatHead 561.0 730.0 690.0 908.0
WheatHead 624.0 785.0 697.0 962.0
