WheatHead 940.0 122.0 1024.0 162.0
WheatHead 900.0 103.0 951.0 142.0
WheatHead 827.0 52.0 860.0 97.0
WheatHead 944.0 0.0 1002.0 33.0
WheatHead 754.0 39.0 802.0 75.0
WheatHead 722.0 144.0 801.0 196.0
WheatHead 797.0 238.0 859.0 286.0
WheatHead 951.0 265.0 1024.0 301.0
WheatHead 547.0 0.0 600.0 38.0
WheatHead 554.0 23.0 640.0 71.0
WheatHead 503.0 112.0 587.0 163.0
WheatHead 400.0 147.0 440.0 177.0
WheatHead 353.0 211.0 431.0 252.0
WheatHead 425.0 282.0 493.0 332.0
WheatHead 264.0 216.0 297.0 239.0
WheatHead 38.0 132.0 109.0 158.0
WheatHead 87.0 5.0 184.0 39.0
WheatHead 882.0 600.0 938.0 654.0
WheatHead 900.0 634.0 933.0 686.0
WheatHead 799.0 542.0 840.0 658.0
WheatHead 709.0 502.0 787.0 534.0
WheatHead 648.0 582.0 699.0 622.0
WheatHead 478.0 648.0 574.0 690.0
WheatHead 649.0 648.0 792.0 740.0
WheatHead 674.0 750.0 737.0 806.0
WheatHead 743.0 797.0 807.0 867.0
WheatHead 111.0 487.0 200.0 554.0
WheatHead 60.0 584.0 155.0 615.0
WheatHead 8.0 638.0 79.0 663.0
WheatHead 27.0 650.0 87.0 674.0
WheatHead 38.0 692.0 65.0 732.0
WheatHead 0.0 762.0 62.0 855.0
