WheatHead 868.0 345.0 961.0 410.0
WheatHead 484.0 0.0 553.0 74.0
WheatHead 516.0 62.0 628.0 137.0
WheatHead 109.0 957.0 215.0 1010.0
WheatHead 0.0 731.0 89.0 812.0
WheatHead 933.0 32.0 996.0 117.0
WheatHead 385.0 169.0 468.0 232.0
WheatHead 1.0 304.0 75.0 368.0
WheatHead 472.0 212.0 561.0 264.0
WheatHead 248.0 4.0 354.0 62.0
WheatHead 607.0 266.0 692.0 330.0
WheatHead 899.0 516.0 974.0 565.0
WheatHead 907.0 724.0 998.0 811.0
WheatHead 678.0 65.0 812.0 143.0
WheatHead 635.0 786.0 772.0 863.0
WheatHead 303.0 697.0 380.0 738.0
WheatHead 409.0 64.0 529.0 141.0
WheatHead 1013.0 60.0 1024.0 101.0
WheatHead 686.0 322.0 759.0 401.0
WheatHead 260.0 587.0 376.0 621.0
WheatHead 45.0 94.0 133.0 146.0
WheatHead 786.0 225.0 888.0 265.0
WheatHead 991.0 653.0 1024.0 714.0
WheatHead 1.0 385.0 79.0 430.0
WheatHead 355.0 836.0 460.0 882.0
WheatHead 73.0 447.0 161.0 477.0
WheatHead 663.0 275.0 754.7000122070312 322.20001220703125
WheatHead 294.0 126.0 365.0 172.0
WheatHead 307.0 350.0 383.0 401.0
WheatHead 207.0 852.0 329.0 910.0
WheatHead 0.0 690.0 62.0 737.0
WheatHead 579.0 445.0 670.0 513.0
WheatHead 81.0 817.0 178.0 863.0
WheatHead 927.0 346.0 978.0 394.0
WheatHead 399.0 884.0 480.0 921.0
WheatHead 991.0 857.0 1024.0 891.0
WheatHead 410.0 713.0 530.0 782.0
WheatHead 309.0 553.0 399.0 588.0
WheatHead 857.0 585.0 924.0 621.0
WheatHead 760.0 241.0 856.0 280.0
WheatHead 901.0 804.0 983.0 847.0
WheatHead 448.0 467.0 520.0 501.0
WheatHead 603.0 548.0 745.0 592.0
WheatHead 157.0 495.0 237.0 528.0
WheatHead 951.0 208.0 1015.0 241.0
WheatHead 358.0 32.0 480.0 70.0
WheatHead 166.0 344.0 300.0 413.0
WheatHead 195.0 592.0 319.0 631.0
WheatHead 281.0 519.0 389.0 552.0
WheatHead 2.0 466.0 112.0 515.0
WheatHead 926.0 848.0 1004.0 890.0
WheatHead 684.0 481.0 779.0 528.0
WheatHead 1.0 1003.0 50.0 1024.0
WheatHead 1007.0 143.0 1024.0 165.0
WheatHead 823.0 421.0 888.0 450.0
WheatHead 984.0 394.0 1024.0 451.0
WheatHead 565.0 885.0 680.0 932.0
WheatHead 46.0 995.0 109.0 1024.0
WheatHead 888.0 51.0 958.0 125.0
WheatHead 0.0 905.0 40.0 924.0
WheatHead 388.0 814.0 479.0 855.0
WheatHead 169.0 427.0 273.0 479.0
WheatHead 827.0 472.0 934.0 517.0
WheatHead 0.0 99.0 149.0 167.0
