WheatHead 953.0 204.0 1024.0 262.0
WheatHead 944.0 129.0 1016.0 194.0
WheatHead 851.0 97.0 904.0 187.0
WheatHead 722.0 107.0 798.0 213.0
WheatHead 692.0 236.0 804.0 322.0
WheatHead 717.0 344.0 769.0 399.0
WheatHead 785.0 369.0 848.0 440.0
WheatHead 698.0 0.0 808.0 97.0
WheatHead 301.0 0.0 441.0 96.0
WheatHead 417.0 3.0 499.0 103.0
WheatHead 504.0 174.0 600.0 247.0
WheatHead 290.0 298.0 372.0 374.0
WheatHead 43.0 224.0 186.0 301.0
WheatHead 0.0 371.0 105.0 440.0
WheatHead 0.0 54.0 55.0 134.0
WheatHead 660.0 455.0 717.0 518.0
WheatHead 533.0 582.0 638.0 665.0
WheatHead 691.0 604.0 796.0 668.0
WheatHead 770.0 699.0 843.0 780.0
WheatHead 922.0 615.0 986.0 688.0
WheatHead 953.0 762.0 1024.0 841.0
WheatHead 911.0 965.0 993.0 1024.0
WheatHead 407.0 870.0 526.0 945.0
WheatHead 474.0 793.0 568.0 854.0
WheatHead 650.0 800.0 737.0 858.0
WheatHead 593.0 934.0 645.0 991.0
WheatHead 0.0 939.0 48.0 997.0
WheatHead 70.0 814.0 159.0 893.0
WheatHead 135.0 649.0 231.0 750.0
WheatHead 251.0 626.0 362.0 717.0
WheatHead 11.0 721.0 146.0 807.0
WheatHead 754.0 52.0 850.0 166.0
WheatHead 841.0 847.0 932.0 901.0
WheatHead 861.0 901.0 901.0 953.0
