WheatHead 1.0 0.0 76.0 42.0
WheatHead 155.0 0.0 267.0 42.0
WheatHead 263.0 72.0 351.0 157.0
WheatHead 64.0 119.0 132.0 183.0
WheatHead 0.0 50.0 48.0 163.0
WheatHead 457.0 0.0 567.0 132.0
WheatHead 614.0 0.0 694.0 69.0
WheatHead 715.0 0.0 782.0 27.0
WheatHead 972.0 177.0 1024.0 288.0
WheatHead 740.0 18.0 840.0 195.0
WheatHead 264.0 239.0 374.0 328.0
WheatHead 464.0 149.0 546.0 205.0
WheatHead 140.0 344.0 237.0 416.0
WheatHead 11.0 376.0 95.0 460.0
WheatHead 4.0 307.0 76.0 359.0
WheatHead 127.0 462.0 216.0 538.0
WheatHead 39.0 490.0 113.0 564.0
WheatHead 384.0 479.0 475.0 544.0
WheatHead 418.0 244.0 493.0 387.0
WheatHead 457.0 320.0 546.0 425.0
WheatHead 556.0 355.0 623.0 443.0
WheatHead 758.0 356.0 861.0 464.0
WheatHead 862.0 311.0 1004.0 396.0
WheatHead 588.0 496.0 655.0 564.0
WheatHead 453.0 551.0 582.0 688.0
WheatHead 237.0 605.0 311.0 705.0
WheatHead 67.0 601.0 153.0 698.0
WheatHead 52.0 810.0 144.0 899.0
WheatHead 98.0 656.0 237.0 780.0
WheatHead 348.0 788.0 463.0 931.0
WheatHead 647.0 603.0 793.0 688.0
WheatHead 652.0 779.0 784.0 851.0
WheatHead 237.0 848.0 339.0 941.0
WheatHead 78.0 905.0 167.0 1020.0
WheatHead 182.0 935.0 254.0 1002.0
WheatHead 815.0 963.0 943.0 1024.0
WheatHead 1001.0 685.0 1024.0 732.0
WheatHead 576.0 968.0 640.0 1024.0
WheatHead 259.0 951.0 345.0 1018.0
WheatHead 291.0 749.0 474.0 818.0
