WheatHead 438.0 397.0 525.0 465.0
WheatHead 307.0 475.0 423.0 525.0
WheatHead 655.0 0.0 719.0 73.0
WheatHead 943.0 622.0 1003.0 705.0
WheatHead 0.0 215.0 64.0 326.0
WheatHead 559.0 924.0 709.0 1014.0
WheatHead 699.0 862.0 761.0 968.0
WheatHead 447.0 137.0 546.0 275.0
WheatHead 27.0 675.0 154.0 729.0
WheatHead 199.0 578.0 297.0 636.0
WheatHead 0.0 407.0 121.0 446.0
WheatHead 85.0 443.0 172.0 558.0
WheatHead 0.0 533.0 126.0 573.0
WheatHead 823.0 59.0 914.0 114.0
WheatHead 548.0 272.0 655.0 380.0
WheatHead 305.0 285.0 408.0 410.0
WheatHead 755.0 492.0 841.0 623.0
WheatHead 194.0 887.0 252.0 976.0
WheatHead 838.0 970.0 883.0 1024.0
WheatHead 846.0 230.0 897.0 352.0
WheatHead 988.0 552.0 1022.0 655.0
WheatHead 692.5 574.0 801.0 638.2000122070312
WheatHead 120.0 811.0 199.0 859.0
WheatHead 182.0 684.0 237.0 726.0
WheatHead 292.0 415.0 385.0 438.0
WheatHead 841.0 417.0 883.0 479.0
WheatHead 566.0 180.0 653.0 235.0
WheatHead 816.0 117.0 875.0 236.0
WheatHead 76.0 812.0 106.0 872.0
WheatHead 941.0 231.0 1024.0 272.0
WheatHead 422.0 289.0 561.0 327.0
WheatHead 622.0 820.0 715.0 927.0
WheatHead 333.0 987.0 417.0 1022.0
WheatHead 0.0 568.0 67.0 611.0
WheatHead 797.0 878.0 910.0 923.0
WheatHead 361.0 880.0 417.0 925.0
WheatHead 140.0 587.0 192.0 634.0
WheatHead 638.0 215.0 674.0 282.0
WheatHead 897.0 272.0 940.0 432.0
WheatHead 0.0 318.0 56.0 353.0
WheatHead 316.0 225.0 360.0 313.0
WheatHead 65.0 954.0 126.0 1003.0
WheatHead 61.599998474121094 240.60000610351562 189.10000610351562 280.3999938964844
WheatHead 546.0 363.0 632.0 411.0
WheatHead 741.0 108.0 920.0 146.0
WheatHead 548.0 673.0 603.0 738.0
WheatHead 917.0 454.0 953.0 507.0
WheatHead 895.0 902.0 925.0 993.0
WheatHead 386.0 0.0 550.0 72.0
WheatHead 559.0 0.0 606.0 42.0
WheatHead 258.0 605.0 461.0 675.0
WheatHead 438.0 39.0 492.0 99.0
WheatHead 0.0 42.0 23.0 76.0
WheatHead 289.0 368.0 357.0 386.0
WheatHead 172.0 565.0 296.0 652.0
WheatHead 174.0 169.0 318.0 241.0
WheatHead 827.0 186.0 941.0 238.0
WheatHead 755.0 240.0 834.0 361.0
WheatHead 854.0 223.0 937.0 298.0
