WheatHead 0.0 0.0 103.0 2.0
WheatHead 605.0 620.0 791.0 713.0
WheatHead 94.0 0.0 195.0 87.0
WheatHead 0.0 852.0 89.0 933.0
WheatHead 0.0 936.0 101.0 1012.0
WheatHead 343.0 581.0 549.0 683.0
WheatHead 358.0 0.0 512.0 122.0
WheatHead 217.0 767.0 347.0 909.0
WheatHead 556.0 556.0 764.0 675.0
WheatHead 701.0 546.0 804.0 687.0
WheatHead 787.0 804.0 914.0 904.0
WheatHead 194.0 544.0 416.0 642.0
WheatHead 942.0 365.0 1024.0 500.0
WheatHead 313.0 804.0 433.0 964.0
WheatHead 818.0 933.0 921.0 1024.0
WheatHead 621.0 777.0 702.0 860.0
WheatHead 486.0 0.0 608.0 69.0
WheatHead 698.0 160.0 782.0 244.0
WheatHead 976.0 548.0 1024.0 659.0
WheatHead 69.0 32.0 264.0 141.0
WheatHead 385.0 756.0 463.0 957.0
WheatHead 406.0 386.0 496.0 477.0
