WheatHead 598.0 296.0 708.0 375.0
WheatHead 787.0 214.0 907.0 323.0
WheatHead 870.0 506.0 1024.0 605.0
WheatHead 557.0 446.0 644.0 507.0
WheatHead 151.0 51.0 246.0 134.0
WheatHead 596.0 829.0 716.0 944.0
WheatHead 537.0 727.0 629.0 816.0
WheatHead 665.0 368.0 788.0 458.0
WheatHead 798.0 384.0 924.0 506.0
WheatHead 702.0 661.0 800.0 753.0
WheatHead 644.0 971.0 728.0 1024.0
WheatHead 20.0 71.0 91.0 156.0
WheatHead 688.0 834.0 811.0 908.0
WheatHead 637.0 533.0 798.0 665.0
WheatHead 588.0 0.0 678.0 74.0
WheatHead 671.0 189.0 747.0 262.0
WheatHead 0.0 472.0 93.0 622.0
WheatHead 512.0 888.0 597.0 958.0
WheatHead 25.0 678.0 107.0 752.0
WheatHead 445.0 343.0 524.0 412.0
WheatHead 721.0 366.0 878.0 463.0
WheatHead 896.0 686.0 995.0 739.0
