WheatHead 0.0 784.0 48.0 865.0
WheatHead 597.0 968.0 678.0 1014.0
WheatHead 71.0 938.0 170.0 1011.0
WheatHead 4.0 894.0 69.0 979.0
WheatHead 187.0 799.0 345.0 972.0
WheatHead 299.0 812.0 387.0 894.0
WheatHead 349.0 776.0 494.0 915.0
WheatHead 22.0 690.0 239.0 780.0
WheatHead 0.0 563.0 80.0 678.0
WheatHead 39.0 482.0 171.0 598.0
WheatHead 0.0 247.0 112.0 448.0
WheatHead 0.0 124.0 134.0 191.0
WheatHead 0.0 13.0 59.0 104.0
WheatHead 190.0 173.0 263.0 291.0
WheatHead 255.0 259.0 321.0 404.0
WheatHead 278.0 297.0 350.0 392.0
WheatHead 355.0 290.0 434.0 395.0
WheatHead 224.0 112.0 312.0 231.0
WheatHead 349.0 128.0 397.0 209.0
WheatHead 303.0 25.0 466.0 159.0
WheatHead 393.0 15.0 474.0 148.0
WheatHead 429.0 3.0 517.0 105.0
WheatHead 449.0 349.0 528.0 415.0
WheatHead 562.0 332.0 624.0 467.0
WheatHead 640.0 302.0 747.0 416.0
WheatHead 677.0 379.0 764.0 487.0
WheatHead 365.0 531.0 520.0 616.0
WheatHead 465.0 608.0 553.0 727.0
WheatHead 236.0 647.0 353.0 745.0
WheatHead 693.0 556.0 751.0 695.0
WheatHead 737.0 701.0 790.0 803.0
WheatHead 609.0 108.0 712.0 239.0
WheatHead 688.0 101.0 728.0 200.0
WheatHead 372.0 979.0 431.0 1021.0
WheatHead 855.0 926.0 931.0 999.0
WheatHead 786.0 669.0 907.0 770.0
WheatHead 866.0 436.0 940.0 584.0
WheatHead 907.0 397.0 979.0 513.0
WheatHead 961.0 229.0 1022.0 376.0
WheatHead 842.0 214.0 919.0 302.0
WheatHead 809.0 96.0 927.0 227.0
WheatHead 826.0 17.0 898.0 131.0
WheatHead 867.0 4.0 978.0 120.0
WheatHead 925.0 132.0 1024.0 212.0
WheatHead 735.0 835.0 827.0 927.0
WheatHead 478.0 229.0 578.0 400.0
