WheatHead 834.0 167.0 943.0 235.0
WheatHead 215.0 872.0 320.0 944.0
WheatHead 240.0 763.0 356.0 819.0
WheatHead 718.0 197.0 812.0 283.0
WheatHead 936.0 614.0 1024.0 666.0
WheatHead 203.0 562.0 344.0 633.0
WheatHead 554.0 569.0 632.0 628.0
WheatHead 2.0 21.0 111.0 110.0
WheatHead 299.0 630.0 442.0 735.0
WheatHead 352.0 729.0 477.0 790.0
WheatHead 782.0 451.0 839.0 557.0
WheatHead 479.0 15.0 533.0 140.0
WheatHead 398.0 476.0 503.0 551.0
WheatHead 973.0 851.0 1024.0 909.0
WheatHead 614.0 170.0 704.0 234.0
WheatHead 125.0 988.0 202.0 1022.0
WheatHead 509.0 135.0 561.0 203.0
WheatHead 229.0 402.0 389.0 484.0
WheatHead 0.0 790.0 107.0 824.0
WheatHead 673.0 527.0 752.0 580.0
WheatHead 398.0 554.0 503.0 588.0
WheatHead 128.0 520.0 224.39999389648438 583.0
WheatHead 662.0 539.0 730.0 608.0
WheatHead 365.0 484.0 424.0 528.0
WheatHead 686.0 167.0 759.0 208.0
WheatHead 610.0 588.0 705.0 618.0
WheatHead 120.0 793.0 237.0 873.0
WheatHead 503.0 772.0 585.0 805.0
WheatHead 701.0 522.0 818.0 565.0
WheatHead 693.0 0.0 755.0 29.0
WheatHead 457.0 645.0 571.0 685.0
WheatHead 531.0 887.0 608.0 933.0
WheatHead 450.0 951.0 546.0 986.0
WheatHead 330.0 969.0 492.0 1015.0
WheatHead 425.0 156.0 611.0 284.0
WheatHead 562.0 809.0 645.0 861.0
WheatHead 746.0 924.0 813.0 944.0
WheatHead 0.0 618.0 76.0 643.0
WheatHead 698.0 668.0 804.0 717.0
WheatHead 693.0 215.0 745.0 252.0
WheatHead 252.0 604.0 374.0 808.0
WheatHead 752.0 563.0 840.0 592.0
WheatHead 705.0 649.0 812.0 689.0
WheatHead 1.0 832.0 55.0 858.0
WheatHead 233.0 521.0 328.0 552.0
WheatHead 704.0 1000.0 791.0 1022.0
WheatHead 745.0 950.0 837.0 991.0
WheatHead 76.0 445.0 278.0 561.0
WheatHead 819.0 992.0 886.0 1024.0
WheatHead 0.0 214.0 35.0 243.0
WheatHead 114.0 669.0 187.0 712.0
WheatHead 2.0 991.0 92.0 1024.0
WheatHead 148.0 804.0 241.0 869.0
WheatHead 773.0 840.0 823.0 893.0
WheatHead 637.0 843.0 683.0 899.0
WheatHead 274.0 0.0 482.0 96.0
WheatHead 118.0 30.0 330.0 112.0
WheatHead 57.0 704.0 254.0 797.0
WheatHead 117.0 729.0 244.0 813.0
