WheatHead 106.0 58.0 206.0 147.0
WheatHead 23.0 198.0 104.0 279.0
WheatHead 0.0 285.0 62.0 364.0
WheatHead 210.0 267.0 340.0 356.0
WheatHead 161.0 395.0 242.0 470.0
WheatHead 198.0 555.0 311.0 657.0
WheatHead 395.0 318.0 505.0 442.0
WheatHead 535.0 435.0 640.0 537.0
WheatHead 393.0 0.0 490.0 80.0
WheatHead 248.0 0.0 332.0 53.0
WheatHead 581.0 0.0 675.0 128.0
WheatHead 691.0 11.0 874.0 198.0
WheatHead 902.0 437.0 986.0 529.0
WheatHead 818.0 540.0 996.0 718.0
WheatHead 659.0 748.0 830.0 864.0
WheatHead 675.0 482.0 777.0 567.0
WheatHead 462.0 720.0 553.0 886.0
WheatHead 251.0 714.0 356.0 791.0
WheatHead 66.0 821.0 228.0 937.0
WheatHead 589.0 890.0 724.0 987.0
WheatHead 789.0 856.0 996.0 972.0
WheatHead 628.0 248.0 755.0 355.0
WheatHead 762.0 121.0 930.0 218.0
