WheatHead 298.0 280.0 407.0 333.0
WheatHead 325.0 187.0 440.0 258.0
WheatHead 411.0 107.0 481.0 210.0
WheatHead 460.0 215.0 529.0 302.0
WheatHead 160.0 163.0 209.0 240.0
WheatHead 120.0 265.0 175.0 343.0
WheatHead 71.0 250.0 116.0 301.0
WheatHead 44.0 251.0 88.0 325.0
WheatHead 0.0 238.0 68.0 296.0
WheatHead 378.0 324.0 448.0 380.0
WheatHead 478.0 311.0 539.0 363.0
WheatHead 515.0 299.0 579.0 350.0
WheatHead 627.0 302.0 713.0 347.0
WheatHead 474.0 632.0 538.0 717.0
WheatHead 561.0 657.0 641.0 721.0
WheatHead 545.0 732.0 623.0 795.0
WheatHead 647.0 728.0 743.0 798.0
WheatHead 691.0 642.0 759.0 736.0
WheatHead 789.0 691.0 858.0 759.0
WheatHead 802.0 647.0 893.0 725.0
WheatHead 728.0 415.0 813.0 475.0
WheatHead 855.0 443.0 945.0 492.0
WheatHead 813.0 257.0 878.0 346.0
WheatHead 777.0 339.0 843.0 391.0
WheatHead 960.0 358.0 1024.0 436.0
WheatHead 901.0 105.0 987.0 200.0
WheatHead 795.0 0.0 863.0 40.0
WheatHead 153.0 621.0 228.0 697.0
WheatHead 239.0 632.0 337.0 688.0
WheatHead 51.0 645.0 116.0 701.0
WheatHead 107.0 694.0 208.0 746.0
WheatHead 2.0 699.0 111.0 757.0
WheatHead 90.0 758.0 167.0 800.0
WheatHead 148.0 795.0 262.0 942.0
WheatHead 336.0 833.0 425.0 934.0
WheatHead 403.0 765.0 467.0 859.0
WheatHead 434.0 811.0 529.0 885.0
WheatHead 305.0 752.0 389.0 815.0
WheatHead 385.0 707.0 451.0 766.0
WheatHead 306.0 687.0 381.0 747.0
WheatHead 0.0 745.0 58.0 802.0
WheatHead 546.0 825.0 636.0 922.0
WheatHead 628.0 802.0 707.0 904.0
WheatHead 886.0 727.0 956.0 806.0
WheatHead 944.0 776.0 1024.0 847.0
WheatHead 871.0 874.0 929.0 942.0
WheatHead 851.0 942.0 927.0 1016.0
WheatHead 2.0 631.0 65.0 708.0
WheatHead 980.0 909.0 1024.0 967.0
WheatHead 727.0 363.0 791.0 408.0
WheatHead 819.0 395.0 923.0 438.0
WheatHead 613.0 357.0 681.0 425.0
