WheatHead 887.0 53.0 966.0 157.0
WheatHead 939.0 636.0 1008.0 716.0
WheatHead 241.0 16.0 342.0 94.0
WheatHead 264.0 615.0 362.0 706.0
WheatHead 795.0 344.0 856.0 454.0
WheatHead 813.0 604.0 902.0 692.0
WheatHead 439.0 17.0 499.0 105.0
WheatHead 806.0 456.0 869.0 536.0
WheatHead 976.0 215.0 1024.0 318.0
WheatHead 9.0 338.0 95.0 421.0
WheatHead 479.0 398.0 550.0 481.0
WheatHead 927.0 431.0 985.0 502.0
WheatHead 228.0 232.0 301.0 315.0
WheatHead 660.0 531.0 729.0 602.0
WheatHead 892.0 0.0 959.0 75.0
WheatHead 243.0 750.0 319.0 827.0
WheatHead 94.0 573.0 177.0 640.0
WheatHead 525.0 263.0 598.0 337.0
WheatHead 2.0 233.0 92.0 331.0
WheatHead 406.0 65.0 471.0 152.0
WheatHead 629.0 267.0 714.0 332.0
WheatHead 401.0 297.0 458.0 402.0
WheatHead 9.0 311.0 90.0 370.0
WheatHead 648.0 36.0 744.0 142.0
WheatHead 377.0 657.0 459.0 728.0
WheatHead 707.0 383.0 772.0 462.0
WheatHead 144.0 319.0 214.0 391.0
WheatHead 565.0 124.0 633.0 181.0
WheatHead 94.0 349.0 163.0 415.0
WheatHead 387.0 380.0 443.0 454.0
WheatHead 111.0 633.0 199.0 684.0
WheatHead 849.0 677.0 932.0 761.0
WheatHead 62.0 765.0 157.0 851.0
WheatHead 977.0 341.0 1024.0 416.0
WheatHead 981.0 0.0 1024.0 69.0
WheatHead 633.0 187.0 704.0 260.0
WheatHead 365.0 177.0 470.0 245.0
WheatHead 811.0 116.0 875.0 165.0
WheatHead 664.0 710.0 744.0 772.0
WheatHead 211.0 783.0 278.0 835.0
WheatHead 207.0 303.0 283.0 397.0
WheatHead 268.0 331.0 354.0 382.0
WheatHead 636.0 776.0 693.0 834.0
WheatHead 659.0 0.0 743.0 37.0
WheatHead 540.0 831.0 603.0 877.0
WheatHead 311.0 531.0 367.0 570.0
WheatHead 5.0 988.0 81.0 1024.0
WheatHead 525.0 509.0 580.0 569.0
WheatHead 731.0 658.0 793.0 711.0
WheatHead 3.0 843.0 95.0 890.0
WheatHead 454.0 775.0 537.0 824.0
WheatHead 774.0 125.0 816.0 178.0
WheatHead 499.0 0.0 547.0 39.0
WheatHead 93.0 662.0 187.0 706.0
WheatHead 954.0 0.0 993.0 57.0
WheatHead 0.0 679.0 45.0 729.0
WheatHead 763.0 717.0 813.0 760.0
WheatHead 512.0 848.0 578.0 890.0
WheatHead 719.0 331.0 764.0 400.0
WheatHead 572.0 791.0 633.0 826.0
WheatHead 613.0 713.0 674.0 760.0
WheatHead 677.0 446.0 726.0 499.0
WheatHead 197.0 0.0 258.0 58.0
WheatHead 318.0 178.0 406.0 236.0
WheatHead 0.0 739.0 72.0 797.0
WheatHead 271.0 879.0 333.0 918.0
WheatHead 299.0 0.0 342.0 35.0
