WheatHead 265.0 51.0 333.0 129.0
WheatHead 76.0 0.0 141.0 43.0
WheatHead 63.0 108.0 119.0 161.0
WheatHead 275.0 183.0 374.0 277.0
WheatHead 227.0 202.0 279.0 257.0
WheatHead 369.0 247.0 475.0 309.0
WheatHead 456.0 260.0 597.0 343.0
WheatHead 544.0 324.0 755.0 387.0
WheatHead 473.0 336.0 563.0 411.0
WheatHead 111.0 354.0 291.0 419.0
WheatHead 0.0 203.0 98.0 264.0
WheatHead 33.0 273.0 120.0 348.0
WheatHead 139.0 598.0 253.0 671.0
WheatHead 286.0 580.0 408.0 699.0
WheatHead 0.0 584.0 98.0 660.0
WheatHead 120.0 651.0 219.0 722.0
WheatHead 48.0 654.0 122.0 743.0
WheatHead 197.0 860.0 306.0 960.0
WheatHead 269.0 961.0 363.0 1024.0
WheatHead 698.0 724.0 778.0 776.0
WheatHead 768.0 687.0 866.0 748.0
WheatHead 658.0 568.0 799.0 640.0
WheatHead 849.0 494.0 915.0 553.0
WheatHead 871.0 545.0 944.0 600.0
WheatHead 914.0 918.0 1013.0 1024.0
WheatHead 860.0 799.0 940.0 851.0
WheatHead 803.0 769.0 864.0 838.0
WheatHead 750.0 789.0 815.0 867.0
WheatHead 639.0 763.0 707.0 844.0
WheatHead 456.0 843.0 721.0 967.0
WheatHead 687.0 903.0 788.0 967.0
WheatHead 336.0 867.0 413.0 940.0
WheatHead 408.0 960.0 477.0 1024.0
WheatHead 51.0 878.0 167.0 949.0
WheatHead 38.0 845.0 102.0 929.0
WheatHead 0.0 802.0 56.0 894.0
WheatHead 965.0 311.0 1024.0 460.0
WheatHead 894.0 384.0 964.0 466.0
WheatHead 935.0 235.0 993.0 331.0
WheatHead 688.0 115.0 793.0 224.0
WheatHead 761.0 171.0 856.0 232.0
WheatHead 756.0 237.0 856.0 325.0
WheatHead 901.0 23.0 965.0 159.0
WheatHead 611.0 78.0 688.0 153.0
WheatHead 512.0 51.0 605.0 195.0
WheatHead 392.0 336.0 466.0 400.0
WheatHead 486.0 538.0 559.0 612.0
WheatHead 0.0 363.0 67.0 423.0
WheatHead 759.0 534.0 829.0 586.0
WheatHead 882.0 702.0 944.0 763.0
WheatHead 232.0 38.0 299.0 102.0
WheatHead 563.0 451.0 685.0 523.0
WheatHead 664.0 316.0 735.0 434.0
