WheatHead 606.0 0.0 721.0 17.0
WheatHead 550.0 0.0 635.0 20.0
WheatHead 329.0 0.0 402.0 62.0
WheatHead 373.0 0.0 528.0 119.0
WheatHead 97.0 53.0 203.0 194.0
WheatHead 32.0 105.0 145.0 233.0
WheatHead 0.0 10.0 33.0 192.0
WheatHead 387.0 183.0 556.0 233.0
WheatHead 610.0 60.0 752.0 342.0
WheatHead 321.0 231.0 386.0 348.0
WheatHead 410.0 266.0 534.0 346.0
WheatHead 309.0 337.0 408.0 439.0
WheatHead 401.0 361.0 510.0 457.0
WheatHead 634.0 320.0 688.0 406.0
WheatHead 647.0 291.0 791.0 516.0
WheatHead 165.0 330.0 252.0 473.0
WheatHead 0.0 214.0 131.0 378.0
WheatHead 0.0 431.0 160.0 545.0
WheatHead 68.0 553.0 162.0 679.0
WheatHead 200.0 622.0 301.0 833.0
WheatHead 276.0 647.0 350.0 800.0
WheatHead 269.0 510.0 366.0 637.0
WheatHead 544.0 592.0 606.0 765.0
WheatHead 605.0 530.0 690.0 758.0
WheatHead 432.0 543.0 520.0 786.0
WheatHead 396.0 666.0 489.0 840.0
WheatHead 99.0 675.0 188.0 811.0
WheatHead 0.0 875.0 16.0 935.0
WheatHead 9.0 879.0 129.0 950.0
WheatHead 146.0 915.0 269.0 1024.0
WheatHead 231.0 875.0 294.0 954.0
WheatHead 492.0 964.0 551.0 1019.0
WheatHead 545.0 992.0 592.0 1024.0
WheatHead 671.0 877.0 754.0 970.0
WheatHead 759.0 499.0 855.0 620.0
WheatHead 801.0 619.0 930.0 787.0
WheatHead 950.0 596.0 1024.0 744.0
WheatHead 986.0 509.0 1024.0 586.0
WheatHead 755.0 229.0 904.0 301.0
WheatHead 857.0 281.0 980.0 370.0
WheatHead 876.0 918.0 952.0 1024.0
WheatHead 961.0 10.0 1024.0 124.0
WheatHead 883.0 0.0 970.0 47.0
