WheatHead 168.0 929.0 248.0 1024.0
WheatHead 871.0 905.0 963.0 994.0
WheatHead 885.0 629.0 980.0 711.0
WheatHead 453.0 414.0 547.0 527.0
WheatHead 913.0 92.0 988.0 171.0
WheatHead 745.0 699.0 876.0 768.0
WheatHead 122.0 570.0 186.0 645.0
WheatHead 640.0 48.0 716.0 115.0
WheatHead 808.0 273.0 896.0 348.0
WheatHead 409.0 624.0 491.0 691.0
WheatHead 0.0 816.0 38.0 893.0
WheatHead 138.0 245.0 245.0 320.0
WheatHead 304.0 192.0 389.0 263.0
WheatHead 0.0 942.0 48.0 1011.0
WheatHead 501.0 593.0 565.0 673.0
WheatHead 176.0 645.0 243.0 711.0
WheatHead 245.0 583.0 309.0 650.0
WheatHead 675.0 701.0 757.0 762.0
WheatHead 768.0 107.0 867.0 192.0
WheatHead 163.0 104.0 230.0 192.0
WheatHead 803.0 540.0 936.0 637.0
WheatHead 839.0 847.0 911.0 896.0
WheatHead 793.0 967.0 849.0 1024.0
WheatHead 519.0 901.0 583.0 990.0
WheatHead 706.0 527.0 811.0 591.0
WheatHead 153.0 168.0 209.0 232.0
WheatHead 596.0 808.0 688.0 908.0
WheatHead 821.0 46.0 921.0 138.0
WheatHead 686.0 860.0 755.0 929.0
WheatHead 811.0 652.0 862.0 696.0
WheatHead 163.0 839.0 253.0 921.0
WheatHead 926.0 369.0 1015.0 407.0
WheatHead 668.0 256.0 777.0 309.0
WheatHead 760.0 849.0 829.0 911.0
WheatHead 695.0 955.0 769.0 1024.0
WheatHead 69.0 522.0 140.0 593.0
WheatHead 35.0 970.0 97.0 1024.0
WheatHead 624.0 901.0 701.0 962.0
WheatHead 706.0 911.0 773.0 998.0
WheatHead 742.0 888.0 839.0 954.0
WheatHead 198.0 478.0 246.0 522.0
WheatHead 236.0 478.0 300.0 537.0
WheatHead 271.0 522.0 317.0 586.0
WheatHead 284.0 458.0 360.0 522.0
WheatHead 366.0 432.0 432.0 499.0
WheatHead 289.0 304.0 353.0 371.0
WheatHead 391.0 314.0 468.0 381.0
WheatHead 422.0 268.0 471.0 325.0
WheatHead 232.0 304.0 286.0 363.0
WheatHead 599.0 309.0 647.0 445.0
WheatHead 826.0 501.0 883.0 583.0
WheatHead 783.0 38.0 939.0 88.0
WheatHead 747.0 30.0 811.0 102.0
WheatHead 683.0 10.0 755.0 58.0
WheatHead 913.0 2.0 1018.0 71.0
WheatHead 906.0 181.0 1021.0 266.0
WheatHead 191.0 409.0 278.0 478.0
WheatHead 162.0 364.0 258.0 458.0
