WheatHead 0.0 415.0 55.0 498.0
WheatHead 81.0 42.0 197.0 116.0
WheatHead 361.0 0.0 446.0 58.0
WheatHead 366.0 58.0 450.0 141.0
WheatHead 275.0 173.0 388.0 293.0
WheatHead 247.0 329.0 351.0 408.0
WheatHead 57.0 304.0 163.0 386.0
WheatHead 0.0 218.0 98.0 305.0
WheatHead 49.0 173.0 141.0 260.0
WheatHead 294.0 448.0 420.0 537.0
WheatHead 533.0 289.0 618.0 385.0
WheatHead 630.0 274.0 705.0 348.0
WheatHead 739.0 228.0 859.0 310.0
WheatHead 796.0 28.0 960.0 113.0
WheatHead 724.0 321.0 825.0 397.0
WheatHead 750.0 395.0 874.0 495.0
WheatHead 888.0 441.0 1024.0 532.0
WheatHead 556.9000244140625 533.9000244140625 643.9000244140625 603.9000244140625
WheatHead 626.0 638.0 719.0 716.0
WheatHead 0.0 681.0 67.0 747.0
WheatHead 918.0999755859375 722.7999877929688 991.0999755859375 795.7999877929688
WheatHead 198.0 0.0 279.0 29.0
WheatHead 385.0 173.0 496.0 257.0
WheatHead 616.0 155.0 679.0 226.0
WheatHead 604.0 405.0 685.0 484.0
WheatHead 789.0 495.0 867.0 572.0
WheatHead 775.0 809.0 854.0 911.0
WheatHead 565.0 850.0 697.0 941.0
WheatHead 294.0 686.0 359.0 747.0
WheatHead 271.0 789.0 352.0 874.0
WheatHead 267.0 874.0 364.0 960.0
WheatHead 183.0 791.0 253.0 854.0
WheatHead 0.0 825.0 43.0 903.0
WheatHead 209.0 927.0 314.0 1024.0
WheatHead 126.0 887.0 247.0 1024.0
WheatHead 26.0 984.0 118.0 1024.0
WheatHead 108.0 974.0 181.0 1024.0
WheatHead 82.0 399.0 176.0 484.0
WheatHead 169.0 188.0 240.0 230.0
WheatHead 844.0 347.0 935.0 421.0
