WheatHead 464.0 502.0 552.0 573.0
WheatHead 992.0 121.0 1024.0 194.0
WheatHead 707.0 207.0 760.0 290.0
WheatHead 320.0 756.0 385.0 856.0
WheatHead 966.0 410.0 1024.0 520.0
WheatHead 595.0 117.0 671.0 208.0
WheatHead 382.0 212.0 469.0 278.0
WheatHead 319.0 137.0 412.0 192.0
WheatHead 600.0 409.0 663.0 503.0
WheatHead 371.0 48.0 461.0 178.0
WheatHead 66.0 637.0 161.0 690.0
WheatHead 905.0 0.0 972.0 64.0
WheatHead 35.0 581.0 133.0 628.0
WheatHead 92.0 300.0 161.0 348.0
WheatHead 203.0 472.0 300.0 518.0
WheatHead 892.0 342.0 985.0 389.0
WheatHead 543.0 816.0 593.0 880.0
WheatHead 641.0 333.0 734.0 382.0
WheatHead 61.0 484.0 158.0 562.0
WheatHead 525.0 8.0 584.0 54.0
WheatHead 139.0 263.0 239.0 330.0
WheatHead 668.0 507.0 772.0 558.0
WheatHead 396.0 675.0 482.0 713.0
WheatHead 50.0 379.0 171.0 452.0
WheatHead 349.0 471.0 417.0 532.0
WheatHead 499.0 344.0 578.0 386.0
WheatHead 548.0 288.0 638.0 326.0
WheatHead 996.0 881.0 1024.0 936.0
WheatHead 740.0 568.0 817.0 630.0
WheatHead 183.0 201.0 266.0 258.0
WheatHead 31.0 230.0 113.0 307.0
WheatHead 389.0 972.0 480.0 1018.0
WheatHead 560.0 901.0 607.0 974.0
WheatHead 976.0 958.0 1024.0 1005.0
WheatHead 765.0 976.0 853.0 1019.0
WheatHead 438.0 310.0 496.0 357.0
WheatHead 978.0 226.0 1017.0 337.0
WheatHead 737.0 1.0 790.0 57.0
WheatHead 322.0 29.0 371.0 79.0
WheatHead 623.0 268.0 681.0 305.0
WheatHead 295.0 95.0 344.0 210.0
WheatHead 319.0 905.0 375.0 951.0
WheatHead 817.0 560.0 927.0 610.0
WheatHead 0.0 617.0 62.0 649.0
WheatHead 0.0 159.0 59.0 234.0
WheatHead 759.0 633.0 826.0 674.0
WheatHead 708.0 567.0 745.0 632.0
WheatHead 1001.0 608.0 1024.0 650.0
WheatHead 0.0 946.0 105.0 983.0
WheatHead 0.0 698.0 84.0 737.0
WheatHead 466.0 26.0 517.0 56.0
WheatHead 932.0 281.0 985.0 338.0
WheatHead 726.0 914.0 793.0 955.0
WheatHead 376.0 528.0 449.0 566.0
WheatHead 174.0 381.0 254.0 424.0
WheatHead 87.0 191.0 200.0 243.0
WheatHead 614.0 585.0 663.0 622.0
WheatHead 574.0 887.0 616.0 960.0
WheatHead 606.0 634.0 652.0 679.0
WheatHead 12.0 911.0 95.0 953.0
WheatHead 984.0 1.0 1024.0 33.0
WheatHead 602.0 278.0 666.0 333.0
WheatHead 216.0 257.0 307.0 303.0
WheatHead 801.0 654.0 855.0 685.0
WheatHead 373.0 603.0 438.0 655.0
WheatHead 19.0 505.0 102.0 561.0
WheatHead 281.0 0.0 322.0 42.0
WheatHead 389.0 925.0 441.0 964.0
WheatHead 278.0 976.0 334.0 1011.0
WheatHead 223.0 662.0 294.0 710.0
WheatHead 244.0 706.0 338.0 745.0
WheatHead 560.0 659.0 611.0 703.0
WheatHead 372.0 0.0 442.0 52.0
WheatHead 486.0 661.0 550.0 700.0
WheatHead 392.0 663.0 478.0 698.0
WheatHead 866.0 643.0 924.0 682.0
WheatHead 752.0 503.0 830.0 612.0
WheatHead 35.0 724.0 99.0 762.0
WheatHead 462.0 670.0 509.0 707.0
WheatHead 544.0 241.0 607.0 282.0
WheatHead 0.0 381.0 25.0 432.0
WheatHead 579.0 345.0 631.0 378.0
