WheatHead 609.0 43.0 693.0 136.0
WheatHead 818.0 754.0 922.0 842.0
WheatHead 901.0 971.0 995.0 1024.0
WheatHead 499.0 542.0 619.0 702.0
WheatHead 387.0 585.0 496.0 718.0
WheatHead 418.0 691.0 557.0 802.0
WheatHead 293.0 766.0 440.0 868.0
WheatHead 136.0 849.0 247.0 980.0
WheatHead 15.0 913.0 113.0 1015.0
WheatHead 65.0 885.0 148.0 954.0
WheatHead 726.0 508.0 819.0 638.0
WheatHead 820.0 359.0 915.0 458.0
WheatHead 752.0 179.0 857.0 368.0
WheatHead 551.0 190.0 632.0 295.0
WheatHead 621.0 251.0 715.0 430.0
WheatHead 365.0 67.0 413.0 152.0
WheatHead 311.0 76.0 382.0 184.0
WheatHead 120.0 147.0 220.0 275.0
WheatHead 106.0 362.0 260.0 477.0
WheatHead 0.0 492.0 142.0 623.0
WheatHead 201.0 0.0 272.0 66.0
WheatHead 866.0 581.0 934.0 664.0
WheatHead 330.0 152.0 397.0 248.0
WheatHead 643.0 109.0 694.0 178.0
WheatHead 401.0 175.0 487.0 268.0
WheatHead 419.0 146.0 494.0 202.0
WheatHead 624.0 968.0 737.0 1024.0
