WheatHead 0.0 0.0 22.0 81.0
WheatHead 0.0 466.0 51.0 523.0
WheatHead 71.0 489.0 130.0 563.0
WheatHead 77.0 391.0 137.0 440.0
WheatHead 176.0 385.0 232.0 444.0
WheatHead 100.0 169.0 156.0 234.0
WheatHead 79.0 216.0 187.0 283.0
WheatHead 257.0 187.0 329.0 286.0
WheatHead 339.0 86.0 403.0 202.0
WheatHead 610.0 251.0 712.0 322.0
WheatHead 407.0 325.0 492.0 432.0
WheatHead 231.0 516.0 303.0 593.0
WheatHead 279.0 604.0 352.0 666.0
WheatHead 665.0 541.0 728.0 617.0
WheatHead 735.0 397.0 836.0 479.0
WheatHead 733.0 168.0 852.0 247.0
WheatHead 901.0 182.0 1024.0 263.0
WheatHead 915.0 0.0 991.0 74.0
WheatHead 897.0 66.0 961.0 120.0
WheatHead 609.0 0.0 699.0 45.0
WheatHead 613.0 29.0 717.0 96.0
WheatHead 564.0 97.0 683.0 182.0
WheatHead 0.0 658.0 34.0 732.0
WheatHead 0.0 746.0 92.0 810.0
WheatHead 299.0 799.0 380.0 919.0
WheatHead 382.0 828.0 447.0 901.0
WheatHead 462.0 788.0 530.0 845.0
WheatHead 468.0 733.0 553.0 796.0
WheatHead 365.0 662.0 451.0 748.0
WheatHead 657.0 774.0 742.0 881.0
WheatHead 788.0 731.0 863.0 787.0
WheatHead 837.0 777.0 927.0 847.0
WheatHead 911.0 814.0 1024.0 916.0
WheatHead 957.0 650.0 1024.0 737.0
WheatHead 512.0 873.0 570.0 967.0
WheatHead 567.0 953.0 661.0 1024.0
WheatHead 231.0 858.0 309.0 927.0
WheatHead 157.0 832.0 227.0 897.0
WheatHead 198.0 934.0 273.0 1016.0
WheatHead 6.0 888.0 70.0 980.0
WheatHead 0.0 840.0 41.0 918.0
WheatHead 78.0 862.0 145.0 937.0
WheatHead 198.0 406.0 288.0 485.0
