WheatHead 30.0 315.0 98.0 385.0
WheatHead 942.0 292.0 1014.0 365.0
WheatHead 38.0 281.0 101.0 361.0
WheatHead 804.0 0.0 883.0 57.0
WheatHead 836.0 987.0 932.0 1022.0
WheatHead 735.0 928.0 819.0 1000.0
WheatHead 759.0 2.0 821.0 75.0
WheatHead 554.0 25.0 615.0 84.0
WheatHead 869.0 349.0 930.0 401.0
WheatHead 450.0 743.0 534.0 821.0
WheatHead 457.0 73.0 524.0 141.0
WheatHead 578.0 722.0 660.0 767.0
WheatHead 869.0 133.0 932.0 218.0
WheatHead 293.0 506.0 361.0 561.0
WheatHead 0.0 427.0 36.0 481.0
WheatHead 501.0 415.0 563.0 450.0
WheatHead 989.0 495.0 1024.0 591.0
WheatHead 318.0 305.0 348.0 398.0
WheatHead 963.0 66.0 1006.0 128.0
WheatHead 70.0 572.0 152.0 611.0
WheatHead 204.0 817.0 264.0 875.0
WheatHead 225.0 996.0 274.0 1024.0
WheatHead 737.0 65.0 786.0 131.0
WheatHead 240.0 1.0 322.0 39.0
WheatHead 267.0 660.0 315.0 723.0
WheatHead 449.0 539.0 498.0 602.0
WheatHead 684.0 294.0 716.0 360.0
WheatHead 498.0 370.0 559.0 428.0
WheatHead 344.0 741.0 426.0 820.0
WheatHead 223.0 375.0 329.0 413.0
WheatHead 506.0 315.0 567.0 370.0
WheatHead 80.0 423.0 128.0 481.0
WheatHead 643.0 651.0 701.0 693.0
WheatHead 638.0 192.0 667.0 264.0
WheatHead 730.0 344.0 778.0 402.0
WheatHead 768.0 451.0 830.0 483.0
WheatHead 6.0 977.0 81.0 1006.0
WheatHead 540.0 372.0 628.0 449.0
WheatHead 398.0 988.0 434.0 1022.0
WheatHead 932.0 958.0 988.0 995.0
WheatHead 161.0 585.0 223.0 622.0
WheatHead 902.0 308.0 965.0 369.0
WheatHead 963.0 509.0 1007.0 563.0
WheatHead 274.0 215.0 353.0 258.0
WheatHead 70.0 900.0 197.0 947.0
WheatHead 798.0 315.0 858.0 376.0
WheatHead 471.0 957.0 513.0 1003.0
WheatHead 415.0 666.0 480.0 694.0
WheatHead 397.0 707.0 458.0 742.0
WheatHead 330.0 241.0 380.0 285.0
WheatHead 229.0 338.0 314.0 389.0
WheatHead 417.0 621.0 487.0 671.0
WheatHead 539.0 972.0 577.0 1019.0
WheatHead 804.0 248.0 856.0 273.0
WheatHead 599.5999755859375 490.0 671.4000244140625 541.7999877929688
WheatHead 730.0 449.0 790.0 506.0
WheatHead 472.0 903.0 502.0 970.0
WheatHead 289.0 746.0 350.0 787.0
WheatHead 643.0 768.0 724.0 812.0
WheatHead 651.0 827.0 724.0 863.0
WheatHead 921.0 637.0 964.0 683.0
WheatHead 888.0 272.0 961.0 351.0
WheatHead 572.0 974.0 626.0 1023.0
WheatHead 0.0 794.0 79.0 852.0
