WheatHead 931.0 337.0 1024.0 409.0
WheatHead 366.0 1.0 492.0 77.0
WheatHead 773.0 89.0 857.0 168.0
WheatHead 693.0 363.0 791.0 445.0
WheatHead 949.0 227.0 1018.0 309.0
WheatHead 829.0 199.0 913.0 281.0
WheatHead 687.0 609.0 751.0 673.0
WheatHead 593.0 181.0 678.0 261.0
WheatHead 473.0 614.0 542.0 744.0
WheatHead 724.0 719.0 785.0 839.0
WheatHead 706.0 0.0 796.0 66.0
WheatHead 591.0 286.0 663.0 417.0
WheatHead 593.0 0.0 693.0 23.0
WheatHead 415.0 551.0 481.0 617.0
WheatHead 830.0 725.0 932.0 792.0
WheatHead 616.0 657.0 691.0 757.0
WheatHead 977.0 48.0 1024.0 138.0
WheatHead 695.0 93.0 762.0 185.0
WheatHead 714.0 148.0 811.0 212.0
WheatHead 670.0 245.0 732.0 366.0
WheatHead 504.0 0.0 582.0 44.0
