WheatHead 539.0 542.0 606.0 649.0
WheatHead 159.0 406.0 206.0 524.0
WheatHead 497.0 9.0 553.0 153.0
WheatHead 401.0 134.0 532.0 206.0
WheatHead 960.0 899.0 1024.0 957.0
WheatHead 255.0 823.0 383.0 878.0
WheatHead 925.0 583.0 1024.0 637.0
WheatHead 580.0 339.0 663.0 431.0
WheatHead 1.0 581.0 101.0 643.0
WheatHead 0.0 738.0 122.0 791.0
WheatHead 247.0 558.0 285.0 591.0
WheatHead 390.0 795.0 440.0 891.0
WheatHead 651.0 312.0 699.0 469.0
WheatHead 213.0 12.0 363.0 201.0
WheatHead 795.0 27.0 886.0 129.0
WheatHead 715.0 12.0 818.0 110.0
WheatHead 304.0 678.0 400.0 836.0
WheatHead 898.0 503.0 970.0 572.0
WheatHead 598.0 131.0 670.0 240.0
WheatHead 256.0 886.0 367.0 959.0
WheatHead 176.0 886.0 280.0 956.0
WheatHead 337.0 427.0 441.0 492.0
WheatHead 693.0 534.0 742.0 626.0
WheatHead 769.0 538.0 897.0 596.0
WheatHead 402.0 65.0 472.0 159.0
WheatHead 254.0 113.0 315.0 200.0
WheatHead 535.0 841.0 600.0 905.0
WheatHead 554.0 438.0 613.0 499.0
WheatHead 728.0 854.0 810.0 924.0
WheatHead 189.0 76.0 292.0 210.0
WheatHead 592.0 655.0 633.0 745.0
WheatHead 247.0 221.0 432.0 300.0
WheatHead 829.0 871.0 911.0 959.0
WheatHead 791.0 570.0 856.0 632.0
WheatHead 418.0 811.0 570.0 944.0
WheatHead 558.0 479.0 611.0 533.0
WheatHead 20.0 267.0 138.0 329.0
WheatHead 328.0 978.0 391.0 1022.0
WheatHead 103.0 970.0 236.0 1017.0
WheatHead 502.0 952.0 704.0 1022.0
WheatHead 465.0 559.0 525.0 589.0
WheatHead 330.0 875.0 406.0 905.0
WheatHead 1.0 984.0 123.0 1021.0
WheatHead 796.0 721.0 849.0 756.0
WheatHead 887.0 474.0 955.0 507.0
WheatHead 651.0 111.0 709.0 187.0
WheatHead 905.0 916.0 975.0 965.0
WheatHead 450.0 984.0 480.0 1024.0
WheatHead 43.0 524.0 108.0 564.0
WheatHead 0.0 462.0 50.0 566.0
WheatHead 607.0 649.0 793.0 686.0
WheatHead 358.0 359.0 405.0 420.0
WheatHead 235.0 510.0 339.0 590.0
WheatHead 383.0 660.0 460.0 715.0
WheatHead 115.0 559.0 334.0 626.0
WheatHead 542.0 890.0 596.0 921.0
WheatHead 781.0 837.0 907.0 893.0
WheatHead 46.0 80.0 161.0 142.0
WheatHead 110.0 125.0 198.0 191.0
WheatHead 27.0 87.0 152.0 178.0
WheatHead 31.0 119.0 213.0 253.0
WheatHead 1.0 103.0 24.0 228.0
WheatHead 274.0 0.0 413.0 91.0
WheatHead 940.0 3.0 1024.0 113.0
WheatHead 718.0 674.0 766.0 716.0
WheatHead 521.0 58.0 584.0 106.0
