WheatHead 581.0 624.0 673.0 742.0
WheatHead 273.0 860.0 378.0 957.0
WheatHead 906.0 240.0 995.0 317.0
WheatHead 458.0 657.0 555.0 775.0
WheatHead 179.0 642.0 281.0 719.0
WheatHead 785.0 476.0 885.0 611.0
WheatHead 834.0 962.0 916.0 1024.0
WheatHead 38.0 427.0 138.0 499.0
WheatHead 663.0 931.0 747.0 1024.0
WheatHead 104.0 957.0 227.0 1024.0
WheatHead 407.0 61.0 506.0 161.0
WheatHead 586.0 271.0 673.0 337.0
WheatHead 209.0 399.0 273.0 488.0
WheatHead 69.0 189.0 171.0 271.0
WheatHead 739.0 222.0 855.0 412.0
WheatHead 586.0 930.0 663.0 1023.0
WheatHead 977.0 394.0 1024.0 519.0
WheatHead 773.0 734.0 995.0 872.0
WheatHead 427.0 166.0 570.0 325.0
WheatHead 110.0 309.0 179.0 368.0
WheatHead 314.0 576.0 427.0 706.0
WheatHead 785.0 614.0 872.0 701.0
WheatHead 125.0 148.0 207.0 199.0
WheatHead 906.0 135.0 990.0 215.0
WheatHead 509.0 568.0 568.0 619.0
WheatHead 983.0 655.0 1024.0 747.0
WheatHead 504.0 988.0 629.0 1024.0
WheatHead 2.0 578.0 143.0 663.0
WheatHead 104.0 69.0 197.0 151.0
WheatHead 744.0 734.0 811.0 793.0
WheatHead 660.0 829.0 739.0 926.0
WheatHead 537.0 58.0 632.0 145.0
WheatHead 2.0 266.0 76.0 353.0
WheatHead 542.0 156.0 634.0 230.0
WheatHead 40.0 880.0 151.0 960.0
WheatHead 2.0 371.0 43.0 430.0
WheatHead 330.0 665.0 399.0 721.0
WheatHead 734.0 811.0 844.0 898.0
WheatHead 167.0 75.0 231.0 134.0
WheatHead 277.0 286.0 328.0 342.0
WheatHead 156.0 2.0 215.0 43.0
WheatHead 581.0 240.0 657.0 291.0
WheatHead 896.0 84.0 952.0 156.0
WheatHead 74.0 622.0 194.0 706.0
WheatHead 0.0 27.0 35.0 79.0
