WheatHead 847.0 15.0 922.0 76.0
WheatHead 908.0 0.0 1006.0 88.0
WheatHead 902.0 275.0 972.0 320.0
WheatHead 852.0 455.0 903.0 579.0
WheatHead 917.0 508.0 963.0 578.0
WheatHead 794.0 558.0 866.0 639.0
WheatHead 702.0 618.0 799.0 669.0
WheatHead 795.0 640.0 897.0 699.0
WheatHead 820.0 672.0 929.0 727.0
WheatHead 794.0 742.0 855.0 795.0
WheatHead 754.0 708.0 832.0 750.0
WheatHead 922.0 752.0 1002.0 817.0
WheatHead 960.0 811.0 1024.0 899.0
WheatHead 820.0 890.0 880.0 963.0
WheatHead 694.0 828.0 757.0 921.0
WheatHead 588.0 169.0 693.0 225.0
WheatHead 562.0 22.0 658.0 159.0
WheatHead 408.0 36.0 485.0 139.0
WheatHead 377.0 57.0 424.0 172.0
WheatHead 73.0 38.0 120.0 111.0
WheatHead 445.0 603.0 518.0 655.0
WheatHead 291.0 628.0 351.0 696.0
WheatHead 353.0 833.0 386.0 856.0
WheatHead 307.0 747.0 422.0 827.0
WheatHead 475.0 717.0 536.0 804.0
WheatHead 143.0 778.0 260.0 855.0
WheatHead 397.0 966.0 457.0 1024.0
WheatHead 0.0 818.0 64.0 888.0
WheatHead 0.0 315.0 37.0 385.0
WheatHead 15.0 346.0 64.0 396.0
WheatHead 24.0 382.0 77.0 436.0
WheatHead 33.0 120.0 107.0 208.0
WheatHead 146.0 174.0 215.0 268.0
WheatHead 77.0 273.0 145.0 340.0
WheatHead 214.0 322.0 275.0 401.0
WheatHead 87.0 420.0 136.0 489.0
WheatHead 112.0 470.0 179.0 536.0
WheatHead 202.0 480.0 267.0 582.0
WheatHead 173.0 606.0 247.0 681.0
WheatHead 57.0 621.0 132.0 734.0
WheatHead 394.0 405.0 442.0 493.0
WheatHead 438.0 363.0 488.0 399.0
WheatHead 326.0 237.0 410.0 317.0
WheatHead 263.0 248.0 320.0 304.0
WheatHead 555.0 821.0 623.0 876.0
WheatHead 513.0 704.0 605.0 780.0
WheatHead 287.0 396.0 346.0 471.0
WheatHead 178.0 366.0 244.0 431.0
