WheatHead 0.0 115.0 66.0 210.0
WheatHead 27.0 246.0 138.0 318.0
WheatHead 77.0 169.0 163.0 256.0
WheatHead 163.0 277.0 232.0 329.0
WheatHead 307.0 309.0 372.0 369.0
WheatHead 344.0 250.0 391.0 362.0
WheatHead 366.0 268.0 467.0 362.0
WheatHead 423.0 159.0 490.0 254.0
WheatHead 324.0 10.0 451.0 148.0
WheatHead 202.0 94.0 276.0 183.0
WheatHead 48.0 70.0 97.0 141.0
WheatHead 135.0 112.0 227.0 189.0
WheatHead 0.0 467.0 63.0 617.0
WheatHead 798.0 970.0 858.0 1024.0
WheatHead 856.0 955.0 912.0 1024.0
WheatHead 904.0 901.0 953.0 996.0
WheatHead 916.0 874.0 1019.0 979.0
WheatHead 332.0 795.0 415.0 905.0
WheatHead 231.0 847.0 320.0 933.0
WheatHead 279.0 736.0 350.0 807.0
WheatHead 276.0 676.0 340.0 739.0
WheatHead 176.0 642.0 283.0 722.0
WheatHead 428.0 706.0 565.0 802.0
WheatHead 538.0 695.0 634.0 772.0
WheatHead 579.0 825.0 706.0 904.0
WheatHead 874.0 511.0 944.0 642.0
WheatHead 952.0 662.0 1008.0 783.0
WheatHead 793.0 610.0 856.0 695.0
WheatHead 624.0 720.0 709.0 803.0
WheatHead 686.0 482.0 762.0 683.0
WheatHead 755.0 535.0 888.0 620.0
WheatHead 709.0 344.0 803.0 425.0
WheatHead 684.0 404.0 739.0 478.0
WheatHead 466.0 377.0 537.0 459.0
WheatHead 437.0 489.0 493.0 572.0
WheatHead 410.0 530.0 451.0 627.0
WheatHead 563.0 574.0 623.0 645.0
WheatHead 531.0 167.0 594.0 291.0
WheatHead 580.0 154.0 664.0 224.0
WheatHead 561.0 194.0 649.0 279.0
WheatHead 690.0 55.0 769.0 201.0
WheatHead 781.0 23.0 855.0 88.0
WheatHead 953.0 275.0 1011.0 346.0
WheatHead 619.0 358.0 657.0 403.0
WheatHead 818.0 316.0 905.0 359.0
WheatHead 369.0 183.0 414.0 266.0
WheatHead 403.0 356.0 447.0 394.0
WheatHead 679.0 497.0 730.0 651.0
WheatHead 79.0 296.0 122.0 356.0
