WheatHead 234.0 337.0 290.0 430.0
WheatHead 861.0 324.0 928.0 424.0
WheatHead 46.0 0.0 87.0 94.0
WheatHead 704.0 595.0 757.0 701.0
WheatHead 673.0 0.0 748.0 80.0
WheatHead 118.0 409.0 209.0 511.0
WheatHead 46.0 378.0 132.0 488.0
WheatHead 792.0 75.0 846.0 169.0
WheatHead 963.0 326.0 1018.0 410.0
WheatHead 700.0 652.0 745.0 748.0
WheatHead 491.0 339.0 537.0 425.0
WheatHead 953.0 263.0 991.0 350.0
WheatHead 778.0 918.0 860.0 1003.0
WheatHead 438.0 0.0 503.0 125.0
WheatHead 724.0 812.0 782.0 897.0
WheatHead 533.0 638.0 580.0 727.0
WheatHead 353.0 797.0 451.0 876.0
WheatHead 9.0 1.0 61.0 94.0
WheatHead 405.0 953.0 480.0 1024.0
WheatHead 977.0 634.0 1019.0 740.0
WheatHead 46.0 929.0 106.0 993.0
WheatHead 262.0 111.0 337.0 173.0
WheatHead 4.0 531.0 132.0 581.0
WheatHead 922.0 380.0 1007.0 506.0
WheatHead 466.0 535.0 530.0 629.0
WheatHead 12.0 103.0 51.0 189.0
WheatHead 140.0 187.0 200.0 249.0
WheatHead 884.0 752.0 981.0 819.0
WheatHead 0.0 756.0 113.0 853.0
WheatHead 638.0 244.0 667.0 309.0
WheatHead 993.0 767.0 1024.0 854.0
WheatHead 413.0 731.0 510.0 808.0
WheatHead 752.0 2.0 785.0 96.0
WheatHead 713.0 296.0 820.0 386.0
WheatHead 126.0 536.0 188.0 613.0
WheatHead 109.0 735.0 202.0 805.0
WheatHead 537.0 0.0 617.0 133.0
WheatHead 834.0 690.0 862.0 750.0
WheatHead 559.0 899.0 622.0 932.0
WheatHead 0.0 520.0 17.0 580.0
WheatHead 0.0 457.0 26.0 509.0
WheatHead 715.0 947.0 785.0 1023.0
WheatHead 172.0 604.0 251.0 648.0
WheatHead 277.0 931.0 332.0 1016.0
WheatHead 887.0 0.0 927.0 64.0
WheatHead 975.0 3.0 1024.0 143.0
WheatHead 483.0 461.0 548.0 524.0
WheatHead 462.0 263.0 503.0 337.0
WheatHead 818.0 569.0 866.0 643.0
WheatHead 552.0 842.0 601.0 879.0
WheatHead 866.0 846.0 899.0 899.0
WheatHead 284.0 821.0 333.0 847.0
WheatHead 326.0 297.0 374.0 371.0
WheatHead 47.0 850.0 124.0 901.0
WheatHead 219.0 563.0 286.0 607.0
WheatHead 851.0 560.0 932.0 634.0
WheatHead 656.0 851.0 688.0 932.0
WheatHead 94.0 909.0 177.0 957.0
WheatHead 287.0 869.0 360.0 935.0
WheatHead 444.0 455.0 500.0 554.0
WheatHead 406.0 458.0 441.0 518.0
WheatHead 191.0 858.0 247.0 909.0
WheatHead 203.0 64.0 280.0 118.0
WheatHead 442.0 144.0 481.0 210.0
WheatHead 670.0 677.0 693.0 746.0
WheatHead 704.0 245.0 761.0 289.0
WheatHead 266.0 734.0 353.0 787.0
WheatHead 91.0 995.0 126.0 1024.0
WheatHead 51.0 644.0 92.0 688.0
WheatHead 357.0 0.0 398.0 44.0
WheatHead 597.0 836.0 651.0 879.0
