WheatHead 960.0 637.0 1024.0 744.0
WheatHead 977.0 802.0 1024.0 903.0
WheatHead 739.0 366.0 811.0 504.0
WheatHead 730.0 833.0 792.0 897.0
WheatHead 824.0 604.0 880.0 742.0
WheatHead 896.0 412.0 970.0 517.0
WheatHead 911.0 931.0 1021.0 1008.0
WheatHead 584.0 176.0 639.0 262.0
WheatHead 908.0 563.0 980.0 645.0
WheatHead 949.0 440.0 1024.0 547.0
WheatHead 704.0 622.0 770.0 686.0
WheatHead 852.0 345.0 932.0 438.0
WheatHead 799.0 158.0 887.0 248.0
WheatHead 713.0 198.0 776.0 296.0
WheatHead 803.0 272.0 875.0 358.0
WheatHead 742.0 5.0 806.0 117.0
WheatHead 809.0 0.0 868.0 90.0
WheatHead 939.0 240.0 995.0 314.0
WheatHead 870.0 642.0 944.0 721.0
WheatHead 872.0 906.0 957.0 972.0
WheatHead 848.0 266.0 934.0 398.0
WheatHead 7.0 796.0 83.0 891.0
