WheatHead 502.0 770.0 571.0 830.0
WheatHead 450.0 186.0 512.0 291.0
WheatHead 649.0 272.0 731.0 333.0
WheatHead 644.0 560.0 699.0 628.0
WheatHead 386.0 485.0 457.0 552.0
WheatHead 266.0 565.0 330.0 627.0
WheatHead 742.0 787.0 808.0 858.0
WheatHead 47.0 224.0 175.0 295.0
WheatHead 396.0 696.0 483.0 775.0
WheatHead 198.0 790.0 294.0 853.0
WheatHead 756.0 216.0 845.0 324.0
WheatHead 552.0 74.0 642.0 156.0
WheatHead 307.0 46.0 363.0 135.0
WheatHead 60.0 767.0 140.0 824.0
WheatHead 471.0 2.0 583.0 74.0
WheatHead 116.0 71.0 167.0 122.0
WheatHead 844.0 668.0 919.0 803.0
WheatHead 881.0 363.0 949.0 444.0
WheatHead 943.0 390.0 981.0 426.0
