WheatHead 720.0 64.0 809.0 165.0
WheatHead 16.0 350.0 96.0 488.0
WheatHead 0.0 775.0 47.0 875.0
WheatHead 277.0 188.0 360.0 282.0
WheatHead 449.0 521.0 527.0 582.0
WheatHead 314.0 105.0 405.0 178.0
WheatHead 215.0 503.0 267.0 593.0
WheatHead 27.0 47.0 69.0 155.0
WheatHead 124.0 294.0 208.0 365.0
WheatHead 299.0 554.0 359.0 628.0
WheatHead 193.0 274.0 277.0 348.0
WheatHead 275.0 379.0 379.0 490.0
WheatHead 91.0 771.0 136.0 851.0
WheatHead 357.0 399.0 550.0 527.0
WheatHead 158.0 17.0 236.0 81.0
WheatHead 318.0 185.0 397.0 251.0
WheatHead 193.0 456.0 258.0 563.0
WheatHead 0.0 46.0 117.0 148.0
WheatHead 0.0 490.0 45.0 536.0
WheatHead 478.0 278.0 617.0 338.0
WheatHead 62.0 564.0 176.0 617.0
WheatHead 695.0 430.0 766.0 492.0
WheatHead 546.0 601.0 669.0 664.0
WheatHead 518.0 655.0 580.0 690.0
WheatHead 789.0 560.0 845.0 605.0
WheatHead 957.0 487.0 1010.0 556.0
WheatHead 0.0 903.0 38.0 977.0
WheatHead 413.0 486.0 490.0 571.0
WheatHead 550.0 241.0 585.0 300.0
WheatHead 66.0 359.0 155.0 410.0
WheatHead 871.0 1.0 958.0 24.0
WheatHead 824.4000244140625 602.0 888.4000244140625 631.5
WheatHead 715.0 636.0 753.0 686.0
WheatHead 469.0 60.0 499.0 128.0
WheatHead 349.0 574.0 404.0 651.0
WheatHead 424.0 289.0 465.0 335.0
WheatHead 67.0 459.0 187.0 518.0
WheatHead 334.0 351.0 442.0 409.0
WheatHead 251.0 604.0 330.0 659.0
WheatHead 471.0 331.0 609.0 516.0
