WheatHead 977.0 294.0 1024.0 407.0
WheatHead 696.0 182.0 817.0 275.0
WheatHead 504.0 435.0 623.0 563.0
WheatHead 755.0 433.0 854.0 509.0
WheatHead 453.0 647.0 568.0 762.0
WheatHead 173.0 837.0 381.0 1024.0
WheatHead 5.0 636.0 162.0 735.0
WheatHead 0.0 365.0 58.0 459.0
WheatHead 54.0 51.0 190.0 145.0
WheatHead 224.0 239.0 316.0 327.0
WheatHead 732.0 781.0 872.0 915.0
WheatHead 60.0 806.0 158.0 903.0
WheatHead 235.0 732.0 358.0 846.0
WheatHead 453.0 913.0 587.0 1024.0
WheatHead 595.0 762.0 728.0 909.0
WheatHead 808.0 645.0 883.0 733.0
WheatHead 561.0 0.0 691.0 86.0
WheatHead 273.0 504.0 382.0 630.0
WheatHead 54.0 359.0 121.0 422.0
WheatHead 166.0 333.0 231.0 394.0
WheatHead 0.0 836.0 44.0 940.0
WheatHead 139.0 503.0 216.0 562.0
WheatHead 624.0 600.0 695.0 702.0
WheatHead 641.0 431.0 704.0 503.0
WheatHead 772.0 524.0 862.0 577.0
WheatHead 932.0 733.0 992.0 806.0
WheatHead 721.0 943.0 793.0 1024.0
WheatHead 900.0 1011.0 990.0 1024.0
WheatHead 779.0 92.0 869.0 158.0
WheatHead 665.0 892.0 721.0 932.0
WheatHead 368.0 0.0 442.0 47.0
