WheatHead 351.0 0.0 436.0 44.0
WheatHead 376.0 35.0 462.0 122.0
WheatHead 442.0 136.0 533.0 230.0
WheatHead 613.0 35.0 699.0 95.0
WheatHead 709.0 86.0 773.0 152.0
WheatHead 538.0 76.0 600.0 154.0
WheatHead 88.0 233.0 156.0 303.0
WheatHead 13.0 233.0 77.0 309.0
WheatHead 73.0 311.0 195.0 407.0
WheatHead 401.0 340.0 462.0 405.0
WheatHead 171.0 392.0 249.0 473.0
WheatHead 251.0 464.0 383.0 537.0
WheatHead 416.0 467.0 474.0 544.0
WheatHead 109.0 509.0 205.0 589.0
WheatHead 3.0 538.0 79.0 626.0
WheatHead 2.0 395.0 64.0 473.0
WheatHead 21.0 745.0 109.0 823.0
WheatHead 137.0 747.0 210.0 823.0
WheatHead 264.0 791.0 327.0 860.0
WheatHead 64.0 844.0 194.0 944.0
WheatHead 249.0 895.0 344.0 986.0
WheatHead 778.0 952.0 846.0 1024.0
WheatHead 899.0 960.0 988.0 1024.0
WheatHead 739.0 862.0 814.0 940.0
WheatHead 610.0 791.0 736.0 879.0
WheatHead 477.0 853.0 606.0 924.0
WheatHead 505.0 906.0 587.0 973.0
WheatHead 774.0 716.0 849.0 850.0
WheatHead 871.0 711.0 938.0 828.0
WheatHead 698.0 603.0 774.0 720.0
WheatHead 601.0 566.0 673.0 632.0
WheatHead 509.0 621.0 578.0 712.0
WheatHead 579.0 646.0 679.0 770.0
WheatHead 610.0 431.0 748.0 524.0
WheatHead 818.0 369.0 894.0 460.0
WheatHead 739.0 371.0 806.0 440.0
WheatHead 928.0 557.0 998.0 627.0
WheatHead 932.0 652.0 1014.0 771.0
WheatHead 583.0 215.0 655.0 312.0
WheatHead 665.0 270.0 732.0 356.0
WheatHead 654.0 149.0 798.0 327.0
WheatHead 778.0 219.0 863.0 282.0
WheatHead 912.0 296.0 994.0 375.0
WheatHead 900.0 44.0 1024.0 149.0
WheatHead 752.0 185.0 809.0 244.0
WheatHead 1001.0 232.0 1024.0 277.0
WheatHead 38.0 988.0 162.0 1024.0
WheatHead 235.0 306.0 271.0 360.0
WheatHead 857.0 487.0 903.0 541.0
WheatHead 815.0 288.0 882.0 342.0
