WheatHead 541.0 117.0 604.0 218.0
WheatHead 200.0 292.0 245.0 390.0
WheatHead 797.0 172.0 876.0 233.0
WheatHead 821.0 0.0 854.0 69.0
WheatHead 428.0 622.0 495.0 693.0
WheatHead 234.0 573.0 318.0 647.0
WheatHead 0.0 129.0 77.0 185.0
WheatHead 456.0 43.0 501.0 120.0
WheatHead 524.0 615.0 585.0 682.0
WheatHead 0.0 66.0 84.0 133.0
WheatHead 0.0 308.0 55.0 382.0
WheatHead 899.0 568.0 976.0 637.0
WheatHead 957.0 53.0 1020.0 142.0
WheatHead 163.0 352.0 228.0 401.0
WheatHead 920.0 946.0 962.0 1024.0
WheatHead 372.0 324.0 432.0 378.0
WheatHead 618.0 81.0 685.0 141.0
WheatHead 582.0 947.0 645.0 995.0
WheatHead 323.0 413.0 380.0 473.0
WheatHead 861.0 91.0 898.0 154.0
WheatHead 983.0 1.0 1024.0 78.0
WheatHead 2.0 619.0 73.0 672.0
WheatHead 763.0 734.0 854.0 791.0
WheatHead 361.0 829.0 429.0 879.0
WheatHead 70.0 0.0 116.0 45.0
WheatHead 417.0 496.0 462.0 566.0
WheatHead 666.0 812.0 708.0 865.0
WheatHead 279.0 672.0 349.0 733.0
WheatHead 178.0 43.0 278.0 117.0
WheatHead 719.0 366.0 765.0 441.0
WheatHead 772.0 686.0 839.0 749.0
WheatHead 712.0 92.0 757.0 162.0
WheatHead 711.0 474.0 754.0 548.0
WheatHead 225.0 973.0 271.0 1022.0
WheatHead 413.0 1.0 463.0 70.0
WheatHead 708.0 559.0 762.0 659.0
WheatHead 570.0 34.0 603.0 88.0
WheatHead 679.0 432.0 733.0 483.0
WheatHead 729.0 42.0 811.0 118.0
WheatHead 670.0 761.0 734.0 805.0
WheatHead 151.0 323.0 207.0 363.0
WheatHead 554.0 53.0 613.0 126.0
WheatHead 611.0 812.0 669.0 861.0
WheatHead 330.0 714.0 390.0 762.0
WheatHead 104.0 129.0 159.0 175.0
WheatHead 385.0 655.0 455.0 711.0
WheatHead 325.0 753.0 382.0 800.0
WheatHead 281.0 487.0 324.0 543.0
WheatHead 425.0 712.0 476.0 755.0
WheatHead 959.0 385.0 1017.0 461.0
WheatHead 513.0 120.0 562.0 177.0
WheatHead 201.0 766.0 345.0 832.0
WheatHead 449.0 867.0 503.0 910.0
WheatHead 342.0 115.0 409.0 173.0
WheatHead 628.0 368.0 670.0 427.0
WheatHead 502.0 137.0 554.0 210.0
WheatHead 721.0 638.0 782.0 700.0
WheatHead 292.0 85.0 378.0 143.0
WheatHead 880.0 722.0 928.0 778.0
WheatHead 930.0 753.0 986.0 813.0
WheatHead 972.0 664.0 1022.0 715.0
WheatHead 921.0 374.0 975.0 455.0
WheatHead 316.0 249.0 359.0 291.0
WheatHead 175.0 742.0 252.0 793.0
WheatHead 996.0 967.0 1024.0 1015.0
WheatHead 326.0 920.0 430.0 982.0
