WheatHead 545.0 189.0 773.0 288.0
WheatHead 814.0 213.0 927.0 288.0
WheatHead 507.0 100.0 583.0 194.0
WheatHead 204.0 124.0 325.0 219.0
WheatHead 225.0 257.0 288.0 331.0
WheatHead 266.0 318.0 354.0 387.0
WheatHead 296.0 239.0 366.0 306.0
WheatHead 488.0 218.0 563.0 306.0
WheatHead 478.0 289.0 601.0 393.0
WheatHead 516.0 376.0 631.0 437.0
WheatHead 406.0 411.0 539.0 488.0
WheatHead 690.0 475.0 776.0 589.0
WheatHead 768.0 471.0 863.0 537.0
WheatHead 881.0 456.0 968.0 518.0
WheatHead 963.0 430.0 1024.0 485.0
WheatHead 776.0 301.0 937.0 380.0
WheatHead 855.0 337.0 993.0 408.0
WheatHead 933.0 303.0 1024.0 358.0
WheatHead 968.0 235.0 1024.0 318.0
WheatHead 0.0 198.0 77.0 280.0
WheatHead 82.0 444.0 159.0 585.0
WheatHead 144.0 530.0 247.0 647.0
WheatHead 220.0 492.0 291.0 583.0
WheatHead 286.0 531.0 378.0 619.0
WheatHead 0.0 305.0 36.0 374.0
WheatHead 4.0 699.0 70.0 761.0
WheatHead 119.0 822.0 175.0 886.0
WheatHead 8.0 856.0 82.0 916.0
WheatHead 197.0 858.0 295.0 982.0
WheatHead 70.0 911.0 171.0 983.0
WheatHead 0.0 930.0 45.0 1024.0
WheatHead 309.0 829.0 421.0 900.0
WheatHead 287.0 732.0 385.0 784.0
WheatHead 441.0 742.0 602.0 811.0
WheatHead 641.0 744.0 754.0 826.0
WheatHead 798.0 709.0 960.0 778.0
WheatHead 821.0 793.0 946.0 866.0
WheatHead 785.0 833.0 889.0 909.0
WheatHead 889.0 931.0 990.0 1005.0
WheatHead 568.0 874.0 649.0 976.0
WheatHead 443.0 806.0 529.0 866.0
WheatHead 695.0 903.0 788.0 972.0
WheatHead 524.0 823.0 598.0 875.0
WheatHead 362.0 901.0 418.0 968.0
WheatHead 291.0 1002.0 396.0 1024.0
WheatHead 428.0 862.0 481.0 909.0
WheatHead 393.0 328.0 464.0 380.0
WheatHead 182.0 340.0 246.0 407.0
WheatHead 227.0 440.0 292.0 489.0
WheatHead 40.0 762.0 122.0 826.0
WheatHead 782.0 954.0 852.0 1023.0
WheatHead 546.0 773.0 639.0 821.0
WheatHead 0.0 365.0 118.0 431.0
