WheatHead 0.0 0.0 36.0 96.0
WheatHead 45.0 436.0 158.0 618.0
WheatHead 132.0 295.0 190.0 431.0
WheatHead 180.0 639.0 289.0 734.0
WheatHead 360.0 604.0 443.0 753.0
WheatHead 507.0 621.0 619.0 696.0
WheatHead 420.0 835.0 508.0 901.0
WheatHead 406.0 889.0 517.0 957.0
WheatHead 338.0 918.0 403.0 1024.0
WheatHead 257.0 992.0 326.0 1024.0
WheatHead 483.0 997.0 596.0 1024.0
WheatHead 564.0 765.0 751.0 845.0
WheatHead 541.0 538.0 697.0 650.0
WheatHead 640.0 428.0 705.0 557.0
WheatHead 374.0 54.0 456.0 164.0
WheatHead 629.0 165.0 685.0 271.0
WheatHead 574.0 38.0 627.0 90.0
WheatHead 723.0 624.0 828.0 692.0
WheatHead 815.0 694.0 987.0 789.0
WheatHead 951.0 852.0 1024.0 995.0
WheatHead 887.0 437.0 985.0 516.0
WheatHead 980.0 450.0 1024.0 534.0
WheatHead 641.0 376.0 808.0 669.0
WheatHead 766.0 297.0 883.0 418.0
WheatHead 986.0 252.0 1024.0 312.0
WheatHead 671.0 181.0 764.0 265.0
WheatHead 739.0 128.0 828.0 209.0
WheatHead 756.0 115.0 1024.0 237.0
WheatHead 910.0 0.0 976.0 57.0
WheatHead 976.0 0.0 1024.0 119.0
WheatHead 964.0 147.0 1024.0 193.0
WheatHead 586.0 501.0 657.0 569.0
WheatHead 499.0 548.0 611.0 605.0
