WheatHead 458.0 570.0 573.0 693.0
WheatHead 478.0 455.0 573.0 570.0
WheatHead 898.0 30.0 1024.0 181.0
WheatHead 212.0 665.0 327.0 796.0
WheatHead 720.0 458.0 824.0 595.0
WheatHead 711.0 632.0 816.0 768.0
WheatHead 607.0 985.0 687.0 1024.0
WheatHead 176.0 130.0 281.0 220.0
WheatHead 2.0 345.0 140.0 471.0
WheatHead 847.0 358.0 921.0 476.0
WheatHead 166.0 532.0 289.0 652.0
WheatHead 785.0 714.0 906.0 865.0
WheatHead 752.0 7.0 880.0 107.0
WheatHead 824.0 202.0 924.0 337.0
WheatHead 589.0 20.0 628.0 85.0
WheatHead 87.0 25.0 179.0 122.0
WheatHead 2.0 872.0 110.0 967.0
WheatHead 2.0 952.0 94.0 1024.0
WheatHead 890.0 407.0 972.0 488.0
WheatHead 709.0 189.0 770.0 281.0
