WheatHead 504.0 0.0 667.0 70.0
WheatHead 622.0 15.0 736.0 121.0
WheatHead 882.0 0.0 1000.0 185.0
WheatHead 1000.0 25.0 1024.0 147.0
WheatHead 840.0 305.0 947.0 444.0
WheatHead 488.0 206.0 675.0 323.0
WheatHead 258.0 149.0 374.0 222.0
WheatHead 167.0 202.0 309.0 305.0
WheatHead 108.0 305.0 307.0 403.0
WheatHead 206.0 372.0 325.0 488.0
WheatHead 334.0 442.0 466.0 565.0
WheatHead 311.0 488.0 384.0 606.0
WheatHead 55.0 598.0 130.0 698.0
WheatHead 106.0 683.0 183.0 763.0
WheatHead 0.0 480.0 51.0 728.0
WheatHead 7.0 307.0 116.0 391.0
WheatHead 399.0 596.0 474.0 700.0
WheatHead 433.0 702.0 484.0 819.0
WheatHead 74.0 941.0 185.0 1019.0
WheatHead 267.0 777.0 362.0 858.0
WheatHead 525.0 809.0 649.0 880.0
WheatHead 519.0 342.0 618.0 442.0
WheatHead 768.0 484.0 848.0 728.0
WheatHead 551.0 451.0 655.0 626.0
WheatHead 876.0 464.0 970.0 581.0
WheatHead 919.0 476.0 1024.0 665.0
WheatHead 925.0 653.0 1024.0 817.0
WheatHead 770.0 746.0 850.0 856.0
WheatHead 700.0 799.0 775.0 868.0
WheatHead 710.0 848.0 813.0 923.0
WheatHead 0.0 104.0 86.0 177.0
WheatHead 0.0 951.0 94.0 1020.0
WheatHead 249.0 934.0 317.0 1024.0
