WheatHead 0.0 23.0 40.0 120.0
WheatHead 0.0 293.0 40.0 392.0
WheatHead 2.0 218.0 60.0 294.0
WheatHead 0.0 790.0 50.0 893.0
WheatHead 0.0 996.0 42.0 1024.0
WheatHead 236.0 822.0 306.0 955.0
WheatHead 346.0 709.0 474.0 943.0
WheatHead 233.0 637.0 305.0 734.0
WheatHead 438.0 577.0 539.0 731.0
WheatHead 511.0 599.0 615.0 661.0
WheatHead 501.0 530.0 710.0 616.0
WheatHead 322.0 380.0 386.0 506.0
WheatHead 233.0 395.0 346.0 552.0
WheatHead 166.0 479.0 241.0 600.0
WheatHead 227.0 567.0 308.0 629.0
WheatHead 42.0 365.0 193.0 435.0
WheatHead 31.0 389.0 117.0 537.0
WheatHead 494.0 180.0 555.0 294.0
WheatHead 243.0 130.0 380.0 199.0
WheatHead 158.0 116.0 224.0 173.0
WheatHead 44.0 29.0 130.0 109.0
WheatHead 336.0 110.0 463.0 173.0
WheatHead 560.0 106.0 641.0 223.0
WheatHead 704.0 195.0 811.0 309.0
WheatHead 623.0 431.0 732.0 501.0
WheatHead 720.0 431.0 819.0 525.0
WheatHead 683.0 518.0 777.0 606.0
WheatHead 567.0 36.0 786.0 136.0
WheatHead 745.0 0.0 811.0 79.0
WheatHead 303.0 0.0 375.0 63.0
WheatHead 778.0 0.0 902.0 21.0
WheatHead 938.0 0.0 1024.0 32.0
WheatHead 953.0 173.0 1024.0 251.0
WheatHead 980.0 133.0 1024.0 174.0
WheatHead 914.0 29.0 995.0 91.0
WheatHead 794.0 509.0 894.0 592.0
WheatHead 856.0 413.0 1005.0 531.0
WheatHead 981.0 522.0 1024.0 607.0
WheatHead 928.0 576.0 990.0 639.0
WheatHead 907.0 626.0 1012.0 718.0
WheatHead 841.0 676.0 957.0 763.0
WheatHead 506.0 783.0 580.0 860.0
WheatHead 674.0 814.0 765.0 881.0
WheatHead 836.0 775.0 903.0 844.0
WheatHead 971.0 775.0 1024.0 864.0
WheatHead 844.0 881.0 985.0 1021.0
WheatHead 658.0 937.0 771.0 1014.0
WheatHead 461.0 973.0 542.0 1024.0
WheatHead 530.0 938.0 608.0 1014.0
WheatHead 544.0 994.0 631.0 1024.0
WheatHead 253.0 533.0 308.0 589.0
WheatHead 109.0 448.0 169.0 521.0
WheatHead 293.0 177.0 360.0 241.0
WheatHead 476.0 61.0 530.0 120.0
WheatHead 480.0 5.0 521.0 46.0
WheatHead 961.0 104.0 1024.0 153.0
WheatHead 941.0 62.0 1016.0 139.0
WheatHead 17.0 391.0 63.0 455.0
WheatHead 717.0 313.0 783.0 391.0
