WheatHead 525.0 0.0 602.0 84.0
WheatHead 860.0 542.0 916.0 629.0
WheatHead 703.0 380.0 787.0 479.0
WheatHead 510.0 204.0 592.0 294.0
WheatHead 733.0 890.0 790.0 974.0
WheatHead 60.0 50.0 161.0 155.0
WheatHead 333.0 390.0 395.0 490.0
WheatHead 341.0 329.0 422.0 405.0
WheatHead 38.0 808.0 146.0 862.0
WheatHead 439.0 862.0 537.0 969.0
WheatHead 324.0 434.0 421.0 578.0
WheatHead 520.0 109.0 580.0 180.0
WheatHead 256.0 514.0 315.0 606.0
WheatHead 132.0 350.0 240.0 494.0
WheatHead 697.0 182.0 803.0 262.0
WheatHead 389.0 481.0 496.0 568.0
WheatHead 928.0 154.0 996.0 286.0
WheatHead 434.0 536.0 531.0 660.0
WheatHead 95.0 266.0 184.0 359.0
WheatHead 987.0 394.0 1024.0 528.0
WheatHead 834.0 711.0 918.0 800.0
WheatHead 531.0 836.0 628.0 921.0
WheatHead 828.0 921.0 876.0 995.0
WheatHead 533.0 604.0 674.0 676.0
WheatHead 259.0 910.0 369.0 983.0
WheatHead 897.0 812.0 973.0 987.0
WheatHead 851.0 131.0 939.0 232.0
WheatHead 643.0 264.0 694.0 331.0
WheatHead 253.0 70.0 391.0 204.0
WheatHead 712.0 750.0 808.0 840.0
WheatHead 509.0 675.0 589.0 731.0
WheatHead 263.0 752.0 401.0 807.0
WheatHead 435.0 759.0 512.0 836.0
WheatHead 368.0 0.0 420.0 66.0
WheatHead 846.0 281.0 1000.0 342.0
WheatHead 387.0 824.0 457.0 961.0
WheatHead 118.0 963.0 198.0 1014.0
WheatHead 632.0 339.0 692.0 386.0
WheatHead 555.0 496.0 614.0 562.0
WheatHead 691.0 614.0 719.0 688.0
WheatHead 890.0 425.0 954.0 483.0
WheatHead 0.0 450.0 96.0 495.0
WheatHead 860.0 672.0 963.0 747.0
WheatHead 808.0 972.0 850.0 1022.0
WheatHead 39.0 527.0 139.0 582.0
WheatHead 909.0 1.0 963.0 47.0
WheatHead 57.0 884.0 262.0 955.0
WheatHead 936.0 718.0 989.0 794.0
WheatHead 667.0 556.0 751.0 603.0
WheatHead 114.0 0.0 159.0 47.0
WheatHead 476.0 685.0 547.0 738.0
WheatHead 45.0 707.0 96.0 752.0
WheatHead 138.0 67.0 262.0 137.0
WheatHead 109.0 427.0 166.0 510.0
WheatHead 697.0 188.0 790.0 304.0
WheatHead 466.0 365.0 573.0 437.0
WheatHead 245.0 660.0 281.0 742.0
WheatHead 563.0 690.0 628.0 729.0
WheatHead 0.0 535.0 40.0 603.0
WheatHead 611.0 494.0 692.0 531.0
WheatHead 90.0 427.0 230.0 669.0
WheatHead 838.0 385.0 875.0 420.0
WheatHead 561.0 679.0 622.0 708.0
WheatHead 113.0 636.0 193.0 712.0
WheatHead 76.0 0.0 116.0 35.0
WheatHead 28.0 237.0 133.0 337.0
WheatHead 518.0 372.0 597.0 431.0
WheatHead 741.0 297.0 815.0 354.0
WheatHead 113.0 622.0 202.0 677.0
WheatHead 0.0 230.0 62.0 288.0
WheatHead 643.0 0.0 725.0 30.0
WheatHead 635.0 1.0 688.0 46.0
WheatHead 660.0 568.0 737.0 634.0
