WheatHead 908.0 400.0 982.0 449.0
WheatHead 953.0 265.0 1011.0 325.0
WheatHead 959.0 892.0 1019.0 965.0
WheatHead 914.0 980.0 968.0 1024.0
WheatHead 922.0 766.0 989.0 849.0
WheatHead 757.0 518.0 818.0 570.0
WheatHead 709.0 529.0 762.0 572.0
WheatHead 751.0 575.0 826.0 623.0
WheatHead 817.0 635.0 874.0 690.0
WheatHead 914.0 626.0 1024.0 681.0
WheatHead 798.0 692.0 877.0 780.0
WheatHead 576.0 677.0 656.0 743.0
WheatHead 612.0 737.0 697.0 844.0
WheatHead 598.0 916.0 658.0 996.0
WheatHead 634.0 942.0 698.0 1024.0
WheatHead 301.0 980.0 372.0 1024.0
WheatHead 198.0 968.0 322.0 1024.0
WheatHead 126.0 821.0 240.0 871.0
WheatHead 126.0 860.0 239.0 922.0
WheatHead 346.0 616.0 426.0 747.0
WheatHead 456.0 766.0 527.0 832.0
WheatHead 539.0 780.0 602.0 843.0
WheatHead 187.0 697.0 280.0 784.0
WheatHead 124.0 688.0 206.0 769.0
WheatHead 70.0 703.0 159.0 766.0
WheatHead 67.0 646.0 146.0 705.0
WheatHead 178.0 636.0 281.0 699.0
WheatHead 216.0 579.0 318.0 671.0
WheatHead 178.0 546.0 298.0 602.0
WheatHead 63.0 499.0 156.0 576.0
WheatHead 209.0 320.0 281.0 351.0
WheatHead 210.0 346.0 292.0 402.0
WheatHead 146.0 363.0 231.0 430.0
WheatHead 520.0 182.0 594.0 346.0
WheatHead 496.0 363.0 574.0 433.0
WheatHead 698.0 306.0 784.0 376.0
WheatHead 752.0 423.0 834.0 492.0
WheatHead 892.0 145.0 960.0 215.0
WheatHead 925.0 206.0 985.0 269.0
WheatHead 840.0 109.0 904.0 167.0
WheatHead 630.0 0.0 744.0 63.0
WheatHead 585.0 101.0 673.0 156.0
WheatHead 490.0 37.0 561.0 129.0
WheatHead 320.0 38.0 444.0 89.0
WheatHead 378.0 93.0 455.0 138.0
WheatHead 183.0 96.0 250.0 144.0
WheatHead 271.0 107.0 346.0 160.0
WheatHead 413.0 260.0 501.0 316.0
WheatHead 281.0 342.0 352.0 391.0
WheatHead 33.0 0.0 122.0 51.0
WheatHead 105.0 17.0 172.0 89.0
WheatHead 467.0 598.0 552.0 656.0
WheatHead 533.0 706.0 589.0 761.0
WheatHead 676.0 432.0 725.0 497.0
WheatHead 64.0 247.0 135.0 306.0
WheatHead 406.0 489.0 455.0 559.0
WheatHead 209.0 241.0 279.0 345.0
WheatHead 591.0 522.0 664.0 592.0
WheatHead 769.0 395.0 822.0 439.0
