WheatHead 273.0 366.0 358.0 471.0
WheatHead 304.0 465.0 409.0 568.0
WheatHead 212.0 284.0 309.0 360.0
WheatHead 340.0 33.0 432.0 115.0
WheatHead 212.0 435.0 286.0 547.0
WheatHead 381.0 555.0 468.0 619.0
WheatHead 276.0 563.0 384.0 640.0
WheatHead 857.0 808.0 1008.0 887.0
WheatHead 432.0 665.0 711.0 780.0
WheatHead 0.0 71.0 138.0 143.0
WheatHead 373.0 427.0 517.0 506.0
WheatHead 716.0 128.0 829.0 186.0
WheatHead 755.0 163.0 878.0 261.0
WheatHead 35.0 176.0 194.0 289.0
WheatHead 30.0 634.0 166.0 739.0
WheatHead 706.0 627.0 921.0 744.0
WheatHead 693.0 939.0 816.0 1008.0
WheatHead 0.0 432.0 58.0 634.0
WheatHead 358.0 611.0 496.0 698.0
WheatHead 519.0 353.0 727.0 486.0
WheatHead 463.0 217.0 614.0 294.0
WheatHead 117.0 568.0 192.0 622.0
WheatHead 289.0 161.0 435.0 232.0
WheatHead 140.0 668.0 258.0 724.0
WheatHead 532.0 926.0 693.0 1008.0
WheatHead 119.0 468.0 175.0 522.0
WheatHead 538.0 0.0 673.0 47.0
WheatHead 686.0 491.0 780.0 558.0
WheatHead 814.0 421.0 901.0 513.0
WheatHead 791.0 337.0 911.0 437.0
WheatHead 81.0 604.0 151.0 652.0
WheatHead 145.0 880.0 430.0 975.0
WheatHead 867.0 601.0 985.0 686.0
WheatHead 435.0 778.0 719.0 849.0
WheatHead 317.0 207.0 468.0 276.0
WheatHead 890.0 368.0 1013.0 437.0
WheatHead 281.0 770.0 432.0 967.0
WheatHead 87.0 801.0 168.0 911.0
WheatHead 686.0 0.0 890.0 46.0
WheatHead 766.0 20.0 989.0 148.0
WheatHead 225.0 744.0 281.0 821.0
WheatHead 460.0 878.0 609.0 962.0
WheatHead 120.0 145.0 197.0 212.0
WheatHead 924.0 908.0 1024.0 1011.0
WheatHead 944.0 240.0 1024.0 320.0
WheatHead 872.0 0.0 998.0 51.0
WheatHead 188.0 964.0 398.0 1024.0
WheatHead 464.0 1.0 582.0 47.0
WheatHead 911.0 28.0 1024.0 111.0
WheatHead 954.0 138.0 1024.0 202.0
WheatHead 990.0 320.0 1024.0 381.0
WheatHead 488.0 381.0 629.0 501.0
WheatHead 970.0 501.0 1024.0 568.0
WheatHead 422.0 721.0 576.0 788.0
WheatHead 844.0 640.0 1024.0 706.0
