WheatHead 297.0 919.0 408.0 1024.0
WheatHead 104.0 943.0 206.0 1014.0
WheatHead 376.0 734.0 517.0 889.0
WheatHead 334.0 370.0 441.0 588.0
WheatHead 222.0 303.0 318.0 551.0
WheatHead 128.0 273.0 234.0 405.0
WheatHead 0.0 159.0 78.0 305.0
WheatHead 545.0 395.0 689.0 486.0
WheatHead 640.0 494.0 722.0 602.0
WheatHead 584.0 518.0 675.0 661.0
WheatHead 492.0 516.0 600.0 663.0
WheatHead 669.0 635.0 756.0 722.0
WheatHead 624.0 799.0 720.0 919.0
WheatHead 547.0 943.0 637.0 1021.0
WheatHead 840.0 925.0 911.0 1024.0
WheatHead 882.0 830.0 953.0 933.0
WheatHead 968.0 734.0 1024.0 864.0
WheatHead 555.0 260.0 644.0 356.0
WheatHead 433.0 102.0 525.0 214.0
WheatHead 366.0 277.0 439.0 374.0
WheatHead 417.0 0.0 539.0 69.0
WheatHead 366.0 0.0 478.0 27.0
WheatHead 143.0 0.0 246.0 76.0
WheatHead 710.0 0.0 789.0 53.0
WheatHead 635.0 0.0 734.0 123.0
WheatHead 622.0 141.0 695.0 222.0
WheatHead 931.0 88.0 1024.0 172.0
WheatHead 961.0 366.0 1024.0 457.0
WheatHead 17.0 90.0 161.0 206.0
