WheatHead 64.0 183.0 146.0 298.0
WheatHead 132.0 170.0 204.0 244.0
WheatHead 243.0 201.0 329.0 281.0
WheatHead 62.0 965.0 135.0 1024.0
WheatHead 398.0 950.0 459.0 1024.0
WheatHead 504.0 908.0 576.0 987.0
WheatHead 652.0 955.0 719.0 1012.0
WheatHead 778.0 902.0 853.0 983.0
WheatHead 971.0 982.0 1024.0 1024.0
WheatHead 620.0 748.0 702.0 839.0
WheatHead 315.0 564.0 398.0 655.0
WheatHead 193.0 559.0 254.0 684.0
WheatHead 0.0 563.0 60.0 659.0
WheatHead 146.0 534.0 196.0 610.0
WheatHead 379.0 399.0 457.0 513.0
WheatHead 551.0 556.0 607.0 624.0
WheatHead 662.0 561.0 787.0 659.0
WheatHead 887.0 628.0 971.0 715.0
WheatHead 958.0 528.0 1024.0 607.0
WheatHead 756.0 475.0 841.0 544.0
WheatHead 746.0 398.0 864.0 464.0
WheatHead 652.0 351.0 723.0 418.0
WheatHead 989.0 220.0 1024.0 291.0
WheatHead 998.0 68.0 1024.0 132.0
WheatHead 830.0 86.0 905.0 146.0
WheatHead 689.0 8.0 758.0 76.0
WheatHead 500.0 19.0 560.0 86.0
WheatHead 321.0 206.0 405.0 260.0
WheatHead 349.0 280.0 411.0 345.0
WheatHead 195.0 375.0 287.0 449.0
WheatHead 548.0 199.0 638.0 278.0
WheatHead 645.0 140.0 735.0 203.0
WheatHead 292.0 670.0 358.0 766.0
WheatHead 878.0 222.0 935.0 288.0
