WheatHead 0.0 447.0 70.0 512.0
WheatHead 0.0 393.0 81.0 461.0
WheatHead 0.0 679.0 51.0 769.0
WheatHead 24.0 544.0 85.0 618.0
WheatHead 58.0 575.0 147.0 670.0
WheatHead 0.0 843.0 48.0 906.0
WheatHead 0.0 906.0 40.0 993.0
WheatHead 23.0 900.0 115.0 999.0
WheatHead 249.0 578.0 324.0 649.0
WheatHead 303.0 627.0 370.0 697.0
WheatHead 425.0 841.0 499.0 931.0
WheatHead 450.0 957.0 548.0 1021.0
WheatHead 490.0 868.0 576.0 975.0
WheatHead 506.0 655.0 594.0 761.0
WheatHead 480.0 594.0 535.0 660.0
WheatHead 475.0 541.0 566.0 599.0
WheatHead 539.0 450.0 614.0 520.0
WheatHead 472.0 479.0 542.0 538.0
WheatHead 450.0 408.0 524.0 496.0
WheatHead 663.0 500.0 739.0 564.0
WheatHead 761.0 396.0 839.0 468.0
WheatHead 728.0 587.0 808.0 656.0
WheatHead 765.0 638.0 860.0 723.0
WheatHead 865.0 552.0 942.0 622.0
WheatHead 871.0 456.0 955.0 567.0
WheatHead 316.0 114.0 416.0 192.0
WheatHead 434.0 0.0 515.0 41.0
WheatHead 447.0 39.0 511.0 92.0
WheatHead 529.0 26.0 601.0 95.0
WheatHead 493.0 98.0 569.0 157.0
WheatHead 584.0 128.0 657.0 192.0
WheatHead 651.0 77.0 787.0 128.0
WheatHead 736.0 0.0 832.0 55.0
WheatHead 811.0 23.0 865.0 94.0
WheatHead 874.0 55.0 970.0 149.0
WheatHead 976.0 437.0 1024.0 514.0
WheatHead 658.0 946.0 752.0 1024.0
