WheatHead 41.0 190.0 105.0 336.0
WheatHead 152.0 479.0 231.0 636.0
WheatHead 180.0 661.0 265.0 759.0
WheatHead 17.0 683.0 74.0 822.0
WheatHead 0.0 608.0 70.0 703.0
WheatHead 0.0 501.0 45.0 589.0
WheatHead 51.0 447.0 115.0 529.0
WheatHead 3.0 18.0 92.0 86.0
WheatHead 235.0 0.0 376.0 33.0
WheatHead 149.0 67.0 283.0 133.0
WheatHead 131.0 94.0 212.0 221.0
WheatHead 257.0 139.0 320.0 206.0
WheatHead 527.0 172.0 608.0 254.0
WheatHead 638.0 187.0 703.0 256.0
WheatHead 727.0 219.0 808.0 354.0
WheatHead 157.0 826.0 249.0 986.0
WheatHead 134.0 815.0 198.0 907.0
WheatHead 385.0 870.0 555.0 945.0
WheatHead 306.0 699.0 397.0 803.0
WheatHead 649.0 733.0 784.0 866.0
WheatHead 546.0 746.0 609.0 840.0
WheatHead 497.0 556.0 560.0 675.0
WheatHead 359.0 550.0 473.0 632.0
WheatHead 376.0 976.0 467.0 1024.0
WheatHead 636.0 971.0 755.0 1024.0
WheatHead 572.0 897.0 632.0 953.0
WheatHead 964.0 836.0 1024.0 896.0
WheatHead 862.0 889.0 952.0 975.0
WheatHead 911.0 975.0 1012.0 1024.0
WheatHead 780.0 665.0 882.0 803.0
WheatHead 672.0 630.0 773.0 721.0
WheatHead 832.0 587.0 937.0 683.0
WheatHead 715.0 350.0 813.0 538.0
WheatHead 608.0 292.0 671.0 407.0
WheatHead 432.0 277.0 604.0 384.0
WheatHead 370.0 363.0 583.0 429.0
WheatHead 355.0 387.0 535.0 501.0
WheatHead 333.0 428.0 473.0 515.0
WheatHead 818.0 0.0 994.0 66.0
WheatHead 811.0 118.0 888.0 246.0
WheatHead 788.0 164.0 834.0 238.0
WheatHead 870.0 139.0 943.0 216.0
WheatHead 945.0 457.0 1009.0 515.0
WheatHead 968.0 619.0 1024.0 702.0
WheatHead 579.0 0.0 657.0 28.0
WheatHead 743.0 942.0 804.0 1000.0
WheatHead 661.0 897.0 725.0 942.0
WheatHead 443.0 791.0 512.0 864.0
WheatHead 645.0 455.0 716.0 530.0
WheatHead 834.0 328.0 879.0 400.0
WheatHead 815.0 428.0 885.0 492.0
WheatHead 887.0 513.0 985.0 583.0
WheatHead 0.0 0.0 86.0 45.0
WheatHead 856.0 662.0 906.0 722.0
WheatHead 858.0 26.0 935.0 139.0
WheatHead 722.0 0.0 827.0 30.0
