WheatHead 0.0 907.0 72.0 1024.0
WheatHead 182.0 939.0 263.0 1024.0
WheatHead 261.0 796.0 319.0 866.0
WheatHead 227.0 721.0 316.0 806.0
WheatHead 439.0 787.0 500.0 845.0
WheatHead 512.0 883.0 586.0 978.0
WheatHead 0.0 590.0 84.0 666.0
WheatHead 80.0 0.0 149.0 114.0
WheatHead 224.0 127.0 296.0 215.0
WheatHead 311.0 106.0 382.0 185.0
WheatHead 275.0 8.0 344.0 94.0
WheatHead 169.0 9.0 236.0 76.0
WheatHead 406.0 140.0 507.0 262.0
WheatHead 347.0 233.0 422.0 303.0
WheatHead 275.0 285.0 366.0 355.0
WheatHead 497.0 337.0 580.0 413.0
WheatHead 533.0 171.0 614.0 244.0
WheatHead 544.0 2.0 599.0 79.0
WheatHead 676.0 172.0 750.0 236.0
WheatHead 829.0 160.0 898.0 260.0
WheatHead 837.0 241.0 907.0 314.0
WheatHead 727.0 291.0 821.0 393.0
WheatHead 814.0 340.0 908.0 432.0
WheatHead 964.0 493.0 1024.0 577.0
WheatHead 520.0 429.0 596.0 508.0
WheatHead 392.0 437.0 458.0 516.0
WheatHead 227.0 508.0 321.0 581.0
WheatHead 425.0 577.0 500.0 653.0
WheatHead 626.0 565.0 689.0 641.0
WheatHead 877.0 534.0 965.0 607.0
WheatHead 897.0 603.0 981.0 669.0
WheatHead 897.0 732.0 966.0 803.0
WheatHead 696.0 771.0 768.0 857.0
WheatHead 763.0 783.0 833.0 845.0
WheatHead 812.0 729.0 897.0 803.0
WheatHead 655.0 767.0 708.0 864.0
WheatHead 671.0 726.0 754.0 784.0
WheatHead 744.0 721.0 802.0 788.0
WheatHead 732.0 556.0 790.0 630.0
WheatHead 794.0 43.0 858.0 114.0
WheatHead 898.0 52.0 964.0 118.0
WheatHead 403.0 37.0 474.0 98.0
WheatHead 302.0 628.0 393.0 706.0
WheatHead 869.0 401.0 945.0 493.0
WheatHead 383.0 0.0 467.0 54.0
WheatHead 123.0 172.0 195.0 208.0
WheatHead 116.0 193.0 168.0 240.0
WheatHead 550.0 401.0 596.0 441.0
WheatHead 565.0 431.0 608.0 470.0
WheatHead 409.0 870.0 453.0 930.0
WheatHead 793.0 447.0 839.0 497.0
