WheatHead 602.0 365.0 689.0 500.0
WheatHead 802.0 20.0 880.0 85.0
WheatHead 550.0 807.0 634.0 910.0
WheatHead 719.0 961.0 813.0 1023.0
WheatHead 124.0 278.0 200.0 352.0
WheatHead 590.0 944.0 681.0 1017.0
WheatHead 687.0 756.0 774.0 872.0
WheatHead 789.0 385.0 869.0 522.0
WheatHead 566.0 475.0 647.0 556.0
WheatHead 610.0 213.0 727.0 276.0
WheatHead 609.0 104.0 739.0 207.0
WheatHead 202.0 0.0 342.0 72.0
WheatHead 28.0 65.0 90.0 159.0
WheatHead 0.0 145.0 63.0 221.0
WheatHead 732.0 471.0 816.0 625.0
WheatHead 350.0 791.0 536.0 927.0
WheatHead 266.0 948.0 355.0 1024.0
WheatHead 674.0 873.0 763.0 961.0
WheatHead 64.0 522.0 179.0 624.0
WheatHead 118.0 344.0 227.0 469.0
WheatHead 47.0 309.0 123.0 446.0
WheatHead 729.0 11.0 816.0 81.0
WheatHead 572.0 26.0 702.0 140.0
WheatHead 0.0 929.0 79.0 1024.0
WheatHead 851.0 706.0 997.0 820.0
WheatHead 306.0 30.0 409.0 237.0
WheatHead 236.0 461.0 346.0 671.0
WheatHead 858.0 721.0 968.0 857.0
WheatHead 817.0 800.0 992.0 944.0
WheatHead 821.0 852.0 986.0 1024.0
WheatHead 118.0 840.0 178.0 939.0
WheatHead 700.0 370.0 754.0 466.0
WheatHead 820.0 196.0 902.0 358.0
WheatHead 845.0 176.0 957.0 368.0
WheatHead 897.0 102.0 1024.0 177.0
WheatHead 839.0 83.0 913.0 191.0
WheatHead 785.0 169.0 862.0 246.0
WheatHead 704.0 316.0 784.0 377.0
WheatHead 983.0 337.0 1024.0 408.0
WheatHead 0.0 75.0 47.0 136.0
WheatHead 735.0 158.0 790.0 223.0
