WheatHead 688.0 9.0 755.0 125.0
WheatHead 108.0 23.0 197.0 107.0
WheatHead 378.0 402.0 449.0 466.0
WheatHead 720.0 693.0 818.0 758.0
WheatHead 581.0 647.0 671.0 698.0
WheatHead 415.0 214.0 470.0 309.0
WheatHead 289.0 737.0 370.0 842.0
WheatHead 765.0 468.0 814.0 558.0
WheatHead 1004.0 16.0 1024.0 98.0
WheatHead 444.0 148.0 590.0 212.0
WheatHead 795.0 249.0 864.0 338.0
WheatHead 274.0 503.0 367.0 565.0
WheatHead 247.0 170.0 342.0 246.0
WheatHead 535.0 544.0 600.0 598.0
WheatHead 1.0 887.0 32.0 940.0
WheatHead 436.0 0.0 498.0 64.0
WheatHead 126.0 548.0 206.0 613.0
WheatHead 38.0 744.0 117.0 810.0
WheatHead 92.0 249.0 181.0 359.0
WheatHead 27.0 828.0 121.0 883.0
WheatHead 372.0 468.0 420.0 542.0
WheatHead 757.0 1.0 806.0 57.0
WheatHead 45.0 323.0 138.0 373.0
WheatHead 11.0 968.0 148.0 1022.0
WheatHead 58.0 447.0 149.0 568.0
WheatHead 454.0 901.0 513.0 951.0
WheatHead 118.0 1.0 191.0 50.0
WheatHead 368.0 0.0 413.0 50.0
WheatHead 221.0 0.0 299.0 43.0
WheatHead 906.0 768.0 974.0 831.0
WheatHead 930.0 28.0 997.0 171.0
WheatHead 869.0 679.0 928.0 740.0
WheatHead 192.0 856.0 244.0 935.0
WheatHead 350.0 211.0 413.0 255.0
WheatHead 916.0 598.0 993.0 636.0
WheatHead 180.0 652.0 258.0 701.0
WheatHead 244.0 411.0 345.0 466.0
WheatHead 203.0 790.0 265.0 823.0
WheatHead 611.0 471.0 663.0 524.0
WheatHead 110.0 693.0 179.0 739.0
WheatHead 408.0 763.0 445.0 849.0
WheatHead 323.0 496.0 456.0 584.0
WheatHead 920.0 976.0 1008.0 1019.0
WheatHead 662.0 382.0 753.0 431.0
WheatHead 839.0 602.0 894.0 656.0
WheatHead 148.0 617.0 226.0 652.0
WheatHead 939.0 394.0 1014.0 441.0
WheatHead 286.0 531.0 349.0 592.0
WheatHead 10.0 1.0 72.0 28.0
WheatHead 527.0 899.0 615.0 941.0
WheatHead 192.0 983.0 295.0 1024.0
WheatHead 434.0 994.0 524.0 1022.0
WheatHead 567.0 492.0 617.0 565.0
WheatHead 88.0 107.0 189.0 194.0
WheatHead 958.0 479.0 1024.0 569.0
WheatHead 461.0 792.0 527.0 845.0
WheatHead 264.0 599.0 345.0 641.0
WheatHead 572.0 577.0 645.0 617.0
WheatHead 32.0 535.0 69.0 583.0
WheatHead 371.0 754.0 462.0 823.0
WheatHead 105.0 735.0 223.0 857.0
WheatHead 393.0 592.0 435.0 633.0
WheatHead 257.0 774.0 301.0 810.0
WheatHead 950.0 0.0 984.0 54.0
WheatHead 15.0 403.0 64.0 485.0
WheatHead 749.0 8.0 794.0 62.0
WheatHead 106.0 732.0 163.0 797.0
WheatHead 21.0 175.0 130.0 217.0
WheatHead 16.0 49.0 106.0 119.0
WheatHead 405.0 638.0 497.0 709.0
WheatHead 687.0 513.0 729.0 565.0
WheatHead 634.0 532.0 709.0 604.0
WheatHead 864.0 761.0 912.0 804.0
WheatHead 378.0 888.0 486.0 975.0
WheatHead 835.0 886.0 913.0 933.0
WheatHead 255.0 980.0 354.0 1022.0
