WheatHead 958.0 243.0 1024.0 348.0
WheatHead 640.0 51.0 740.0 154.0
WheatHead 559.0 323.0 678.0 412.0
WheatHead 614.0 643.0 742.0 764.0
WheatHead 316.0 325.0 444.0 504.0
WheatHead 194.0 158.0 344.0 290.0
WheatHead 102.0 664.0 232.0 834.0
WheatHead 152.0 877.0 303.0 988.0
WheatHead 254.0 943.0 433.0 1024.0
WheatHead 801.0 751.0 910.0 856.0
WheatHead 900.0 934.0 1016.0 1024.0
WheatHead 152.0 60.0 235.0 152.0
WheatHead 30.0 273.0 141.0 350.0
WheatHead 0.0 57.0 90.0 166.0
WheatHead 432.0 0.0 573.0 75.0
WheatHead 465.0 88.0 544.0 158.0
WheatHead 838.0 0.0 950.0 52.0
WheatHead 719.0 422.0 839.0 581.0
WheatHead 538.0 435.0 687.0 531.0
WheatHead 448.0 275.0 538.0 412.0
WheatHead 36.0 459.0 150.0 606.0
WheatHead 252.0 504.0 342.0 625.0
WheatHead 435.0 935.0 487.0 979.0
WheatHead 543.0 732.0 595.0 774.0
WheatHead 648.0 278.0 777.0 381.0
WheatHead 808.0 938.0 898.0 1024.0
