WheatHead 455.0 240.0 552.0 369.0
WheatHead 641.0 586.0 807.0 776.0
WheatHead 882.0 791.0 999.0 881.0
WheatHead 320.0 746.0 417.0 843.0
WheatHead 527.0 15.0 765.0 195.0
WheatHead 320.0 358.0 419.0 458.0
WheatHead 412.0 1.0 531.0 207.0
WheatHead 163.0 3.0 337.0 222.0
WheatHead 924.0 530.0 1024.0 684.0
WheatHead 595.0 179.0 692.0 633.0
WheatHead 23.0 232.0 193.0 520.0
WheatHead 40.0 394.0 332.0 588.0
WheatHead 967.0 368.0 1024.0 524.0
WheatHead 0.0 2.0 142.0 339.0
WheatHead 573.0 158.0 680.0 243.0
WheatHead 225.0 2.0 422.0 80.0
WheatHead 35.0 628.0 120.0 708.0
WheatHead 683.0 198.0 765.0 269.0
