WheatHead 368.0 494.0 512.0 619.0
WheatHead 194.0 460.0 286.0 570.0
WheatHead 220.0 128.0 294.0 220.0
WheatHead 893.0 606.0 990.0 693.0
WheatHead 979.0 799.0 1024.0 915.0
WheatHead 948.0 85.0 1024.0 188.0
WheatHead 816.0 0.0 903.0 66.0
WheatHead 693.0 43.0 806.0 128.0
WheatHead 153.0 604.0 284.0 693.0
WheatHead 235.0 739.0 337.0 824.0
WheatHead 304.0 0.0 419.0 130.0
WheatHead 23.0 830.0 162.0 955.0
WheatHead 821.0 504.0 924.0 619.0
WheatHead 158.0 35.0 265.0 115.0
WheatHead 422.0 950.0 532.0 1024.0
WheatHead 847.0 215.0 919.0 284.0
