WheatHead 950.0 823.0 1024.0 922.0
WheatHead 849.0 92.0 972.0 151.0
WheatHead 12.0 42.0 158.0 143.0
WheatHead 834.0 271.0 912.0 323.0
WheatHead 585.0 464.0 701.0 548.0
WheatHead 150.0 543.0 223.0 603.0
WheatHead 952.0 232.0 1022.0 311.0
WheatHead 167.0 401.0 237.0 468.0
WheatHead 300.0 421.0 405.0 528.0
WheatHead 294.0 513.0 389.0 563.0
WheatHead 782.0 660.0 886.0 699.0
WheatHead 372.0 559.0 438.0 614.0
WheatHead 380.0 614.0 524.0 653.0
WheatHead 203.0 271.0 293.0 334.0
WheatHead 669.0 808.0 761.0 928.0
WheatHead 475.0 20.0 592.0 206.0
WheatHead 0.0 278.0 90.0 305.0
WheatHead 973.0 948.0 1024.0 978.0
WheatHead 484.0 283.0 553.0 328.0
WheatHead 228.0 599.0 300.0 674.0
WheatHead 524.0 436.0 585.0 518.0
WheatHead 263.0 852.0 361.0 894.0
WheatHead 397.0 984.0 514.0 1024.0
WheatHead 465.0 536.0 568.0 581.0
WheatHead 585.0 565.0 749.0 599.0
WheatHead 577.0 640.0 679.0 697.0
WheatHead 371.0 927.0 484.0 957.0
WheatHead 487.0 920.0 588.0 1002.0
WheatHead 732.0 758.0 866.0 904.0
WheatHead 958.0 94.0 1024.0 128.0
WheatHead 888.0 918.0 1024.0 966.0
WheatHead 64.0 552.0 128.0 643.0
WheatHead 364.0 204.0 477.0 251.0
WheatHead 259.0 601.0 363.0 638.0
WheatHead 879.0 1008.0 929.0 1024.0
WheatHead 927.0 577.0 985.0 637.0
WheatHead 880.0 836.0 932.0 913.0
WheatHead 748.0 259.0 832.0 302.0
WheatHead 0.0 842.0 115.0 946.0
WheatHead 283.0 544.0 358.0 589.0
WheatHead 190.0 973.0 371.0 1013.0
WheatHead 4.0 303.0 99.0 337.0
WheatHead 464.0 341.0 571.0 387.0
WheatHead 566.0 596.0 687.0 652.0
WheatHead 864.0 375.0 1024.0 551.0
WheatHead 550.0 911.0 634.0 968.0
WheatHead 159.0 814.0 244.0 895.0
WheatHead 230.0 854.0 427.0 983.0
WheatHead 222.0 501.0 280.0 559.0
WheatHead 918.0 57.0 973.0 120.0
WheatHead 75.0 395.0 174.0 448.0
