WheatHead 1003.0 329.0 1024.0 435.0
WheatHead 932.0 17.0 1024.0 131.0
WheatHead 821.0 220.0 922.0 301.0
WheatHead 719.0 56.0 854.0 141.0
WheatHead 625.0 126.0 704.0 209.0
WheatHead 521.0 118.0 634.0 337.0
WheatHead 309.0 499.0 497.0 576.0
WheatHead 211.0 124.0 320.0 241.0
WheatHead 77.0 64.0 175.0 230.0
WheatHead 164.0 0.0 271.0 32.0
WheatHead 799.0 792.0 896.0 992.0
WheatHead 435.0 553.0 696.0 672.0
WheatHead 309.0 740.0 463.0 920.0
WheatHead 177.0 653.0 294.0 839.0
WheatHead 62.0 358.0 186.0 499.0
WheatHead 263.0 0.0 321.0 18.0
WheatHead 339.0 5.0 388.0 77.0
WheatHead 741.0 44.0 844.0 105.0
WheatHead 984.0 197.0 1024.0 251.0
WheatHead 733.0 263.0 826.0 329.0
WheatHead 843.0 387.0 946.0 448.0
WheatHead 19.0 53.0 68.0 104.0
WheatHead 192.0 196.0 293.0 388.0
WheatHead 192.0 425.0 312.0 485.0
WheatHead 153.0 503.0 293.0 599.0
WheatHead 2.0 547.0 124.0 614.0
WheatHead 131.0 716.0 196.0 808.0
WheatHead 90.0 890.0 152.0 1004.0
WheatHead 183.0 819.0 260.0 973.0
WheatHead 0.0 941.0 64.0 1012.0
WheatHead 596.0 845.0 651.0 973.0
WheatHead 629.0 871.0 708.0 997.0
WheatHead 823.0 599.0 978.0 842.0
WheatHead 947.0 826.0 1024.0 1019.0
WheatHead 894.0 537.0 979.0 591.0
WheatHead 419.0 984.0 497.0 1024.0
