WheatHead 0.0 329.0 74.0 422.0
WheatHead 103.0 307.0 175.0 376.0
WheatHead 189.0 325.0 254.0 413.0
WheatHead 257.0 378.0 347.0 458.0
WheatHead 329.0 374.0 396.0 459.0
WheatHead 400.0 254.0 453.0 347.0
WheatHead 440.0 283.0 497.0 358.0
WheatHead 496.0 242.0 567.0 317.0
WheatHead 544.0 332.0 610.0 403.0
WheatHead 428.0 146.0 531.0 227.0
WheatHead 567.0 49.0 645.0 141.0
WheatHead 777.0 10.0 870.0 79.0
WheatHead 806.0 81.0 905.0 154.0
WheatHead 904.0 0.0 969.0 56.0
WheatHead 129.0 8.0 195.0 75.0
WheatHead 230.0 58.0 288.0 102.0
WheatHead 265.0 0.0 325.0 51.0
WheatHead 497.0 0.0 604.0 63.0
WheatHead 451.0 0.0 507.0 55.0
WheatHead 885.0 348.0 1006.0 433.0
WheatHead 832.0 481.0 940.0 548.0
WheatHead 915.0 475.0 998.0 526.0
WheatHead 710.0 425.0 789.0 481.0
WheatHead 617.0 426.0 703.0 478.0
WheatHead 656.0 470.0 717.0 529.0
WheatHead 650.0 572.0 728.0 627.0
WheatHead 595.0 595.0 647.0 647.0
WheatHead 643.0 619.0 717.0 683.0
WheatHead 737.0 608.0 817.0 675.0
WheatHead 942.0 661.0 1012.0 712.0
WheatHead 930.0 560.0 1021.0 615.0
WheatHead 936.0 714.0 1024.0 758.0
WheatHead 686.0 751.0 772.0 815.0
WheatHead 529.0 770.0 594.0 833.0
WheatHead 439.0 590.0 526.0 663.0
WheatHead 358.0 507.0 422.0 579.0
WheatHead 298.0 593.0 362.0 654.0
WheatHead 224.0 627.0 294.0 680.0
WheatHead 169.0 583.0 220.0 627.0
WheatHead 79.0 500.0 154.0 550.0
WheatHead 204.0 445.0 256.0 486.0
WheatHead 954.0 802.0 1024.0 895.0
WheatHead 789.0 965.0 866.0 1017.0
WheatHead 504.0 934.0 576.0 1008.0
WheatHead 541.0 854.0 597.0 923.0
WheatHead 593.0 843.0 680.0 925.0
WheatHead 600.0 964.0 661.0 1019.0
WheatHead 403.0 903.0 462.0 974.0
WheatHead 299.0 904.0 406.0 983.0
WheatHead 356.0 792.0 421.0 857.0
WheatHead 306.0 695.0 367.0 751.0
WheatHead 223.0 697.0 284.0 746.0
WheatHead 137.0 759.0 197.0 823.0
WheatHead 222.0 845.0 273.0 901.0
WheatHead 187.0 927.0 247.0 991.0
WheatHead 40.0 866.0 100.0 935.0
WheatHead 89.0 852.0 154.0 920.0
WheatHead 0.0 600.0 45.0 669.0
WheatHead 852.0 928.0 915.0 959.0
WheatHead 151.0 58.0 191.0 108.0
WheatHead 186.0 8.0 228.0 49.0
WheatHead 7.0 780.0 55.0 819.0
WheatHead 545.0 455.0 633.0 504.0
WheatHead 507.0 531.0 593.0 575.0
