WheatHead 557.0 0.0 640.0 65.0
WheatHead 222.0 0.0 314.0 82.0
WheatHead 49.0 23.0 141.0 179.0
WheatHead 309.0 106.0 421.0 265.0
WheatHead 244.0 112.0 305.0 216.0
WheatHead 407.0 135.0 531.0 283.0
WheatHead 13.0 260.0 121.0 366.0
WheatHead 0.0 303.0 45.0 407.0
WheatHead 0.0 476.0 67.0 561.0
WheatHead 19.0 646.0 153.0 709.0
WheatHead 167.0 561.0 263.0 642.0
WheatHead 157.0 813.0 238.0 939.0
WheatHead 47.0 921.0 138.0 1024.0
WheatHead 0.0 919.0 26.0 1024.0
WheatHead 377.0 837.0 518.0 990.0
WheatHead 464.0 913.0 559.0 1021.0
WheatHead 377.0 647.0 492.0 756.0
WheatHead 657.0 614.0 742.0 748.0
WheatHead 714.0 608.0 809.0 689.0
WheatHead 882.0 671.0 954.0 797.0
WheatHead 761.0 803.0 868.0 945.0
WheatHead 921.0 826.0 1006.0 972.0
WheatHead 581.0 393.0 722.0 492.0
WheatHead 758.0 318.0 825.0 454.0
WheatHead 842.0 303.0 931.0 484.0
WheatHead 935.0 533.0 1024.0 677.0
WheatHead 151.0 0.0 226.0 26.0
