WheatHead 177.0 4.0 290.0 82.0
WheatHead 24.0 37.0 100.0 115.0
WheatHead 52.0 149.0 129.0 231.0
WheatHead 117.0 206.0 191.0 282.0
WheatHead 24.0 230.0 100.0 297.0
WheatHead 93.0 284.0 158.0 351.0
WheatHead 0.0 390.0 71.0 461.0
WheatHead 63.0 368.0 151.0 438.0
WheatHead 231.0 325.0 329.0 441.0
WheatHead 326.0 371.0 402.0 447.0
WheatHead 245.0 455.0 337.0 537.0
WheatHead 102.0 545.0 191.0 645.0
WheatHead 180.0 543.0 252.0 640.0
WheatHead 474.0 560.0 563.0 633.0
WheatHead 423.0 504.0 490.0 575.0
WheatHead 0.0 723.0 79.0 836.0
WheatHead 0.0 844.0 17.0 932.0
WheatHead 18.0 823.0 95.0 902.0
WheatHead 129.0 773.0 210.0 869.0
WheatHead 220.0 809.0 312.0 887.0
WheatHead 302.0 755.0 373.0 820.0
WheatHead 299.0 688.0 385.0 758.0
WheatHead 418.0 732.0 497.0 820.0
WheatHead 327.0 794.0 422.0 869.0
WheatHead 292.0 893.0 396.0 984.0
WheatHead 431.0 862.0 513.0 935.0
WheatHead 526.0 828.0 584.0 916.0
WheatHead 582.0 800.0 688.0 880.0
WheatHead 544.0 909.0 640.0 978.0
WheatHead 677.0 634.0 747.0 713.0
WheatHead 684.0 555.0 791.0 621.0
WheatHead 752.0 679.0 849.0 759.0
WheatHead 866.0 708.0 927.0 784.0
WheatHead 776.0 813.0 846.0 911.0
WheatHead 671.0 934.0 792.0 997.0
WheatHead 734.0 462.0 886.0 536.0
WheatHead 846.0 518.0 926.0 590.0
WheatHead 813.0 444.0 907.0 487.0
WheatHead 884.0 394.0 964.0 458.0
WheatHead 643.0 378.0 695.0 434.0
WheatHead 689.0 382.0 762.0 440.0
WheatHead 757.0 364.0 824.0 420.0
WheatHead 639.0 316.0 776.0 383.0
WheatHead 837.0 315.0 921.0 389.0
WheatHead 894.0 245.0 972.0 302.0
WheatHead 975.0 292.0 1024.0 375.0
WheatHead 941.0 882.0 1024.0 980.0
WheatHead 482.0 1009.0 567.0 1024.0
WheatHead 169.0 979.0 256.0 1024.0
WheatHead 137.0 917.0 222.0 979.0
WheatHead 31.0 916.0 141.0 1010.0
WheatHead 0.0 964.0 59.0 1024.0
WheatHead 366.0 0.0 436.0 55.0
WheatHead 788.0 0.0 903.0 26.0
WheatHead 849.0 4.0 943.0 51.0
WheatHead 919.0 26.0 996.0 72.0
WheatHead 441.0 415.0 485.0 517.0
WheatHead 522.0 523.0 571.0 574.0
WheatHead 825.0 843.0 925.0 926.0
WheatHead 610.0 230.0 661.0 295.0
WheatHead 659.0 0.0 711.0 44.0
WheatHead 617.0 0.0 657.0 18.0
WheatHead 99.0 929.0 168.0 1006.0
WheatHead 0.0 763.0 100.0 859.0
WheatHead 885.0 940.0 967.0 1024.0
WheatHead 774.0 577.0 840.0 623.0
WheatHead 834.0 466.0 939.0 509.0
WheatHead 520.0 0.0 575.0 39.0
