WheatHead 28.0 686.0 96.0 764.0
WheatHead 0.0 445.0 47.0 518.0
WheatHead 415.0 155.0 476.0 244.0
WheatHead 675.0 0.0 749.0 62.0
WheatHead 756.0 329.0 802.0 424.0
WheatHead 925.0 8.0 981.0 88.0
WheatHead 901.0 712.0 940.0 787.0
WheatHead 0.0 292.0 49.0 367.0
WheatHead 17.0 374.0 43.0 445.0
WheatHead 614.0 684.0 695.0 753.0
WheatHead 91.0 779.0 197.0 831.0
WheatHead 359.0 684.0 425.0 750.0
WheatHead 618.0 167.0 678.0 241.0
WheatHead 525.0 322.0 581.0 398.0
WheatHead 715.0 505.0 778.0 581.0
WheatHead 877.0 402.0 924.0 481.0
WheatHead 378.0 296.0 457.0 353.0
WheatHead 304.0 787.0 367.0 851.0
WheatHead 567.0 80.0 637.0 125.0
WheatHead 58.0 51.0 122.0 114.0
WheatHead 2.0 39.0 32.0 92.0
WheatHead 259.0 385.0 376.0 453.0
WheatHead 921.0 615.0 983.0 675.0
WheatHead 329.0 978.0 409.0 1022.0
WheatHead 320.0 51.0 371.0 137.0
WheatHead 121.0 453.0 192.0 501.0
WheatHead 109.0 720.0 197.0 763.0
WheatHead 137.0 690.0 229.0 727.0
WheatHead 522.0 629.0 566.0 703.0
WheatHead 793.0 0.0 845.0 36.0
WheatHead 226.0 333.0 288.0 393.0
WheatHead 477.0 17.0 537.0 105.0
WheatHead 460.0 281.0 495.0 405.0
WheatHead 310.0 35.0 406.0 103.0
WheatHead 458.0 693.0 532.0 757.0
WheatHead 471.0 423.0 537.0 473.0
WheatHead 98.0 795.0 151.0 864.0
WheatHead 98.0 279.0 146.0 345.0
WheatHead 415.0 1002.0 524.0 1022.0
WheatHead 671.0 496.0 715.0 565.0
WheatHead 894.0 99.0 920.0 163.0
WheatHead 705.0 557.0 735.0 629.0
WheatHead 189.0 731.0 271.0 764.0
WheatHead 0.0 816.0 42.0 860.0
WheatHead 229.0 96.0 296.0 129.0
WheatHead 703.4000244140625 350.0 735.0 427.20001220703125
WheatHead 109.0 850.0 152.0 894.0
WheatHead 804.0 802.0 849.0 858.0
WheatHead 132.0 0.0 165.0 42.0
WheatHead 390.0 852.0 481.0 890.0
WheatHead 0.0 591.0 24.0 607.0
WheatHead 572.0 815.0 645.0 865.0
WheatHead 894.0 998.0 932.0 1024.0
WheatHead 305.0 909.0 349.0 933.0
WheatHead 312.0 865.0 382.0 905.0
WheatHead 673.0 995.0 721.0 1024.0
WheatHead 249.0 114.0 290.0 159.0
WheatHead 518.0 700.0 547.0 757.0
WheatHead 0.0 1000.0 63.0 1024.0
WheatHead 49.0 946.0 79.0 992.0
WheatHead 658.0 349.0 731.0 381.0
WheatHead 711.0 740.0 764.0 781.0
WheatHead 826.0 710.0 864.0 757.0
WheatHead 726.0 762.0 757.0 801.0
WheatHead 399.0 686.0 446.0 734.0
WheatHead 272.0 0.0 331.0 59.0
WheatHead 314.0 0.0 350.0 43.0
WheatHead 467.0 827.0 511.0 861.0
WheatHead 484.0 453.0 530.0 496.0
WheatHead 652.0 679.0 685.0 714.0
