WheatHead 230.0 86.0 411.0 179.0
WheatHead 179.0 128.0 269.0 195.0
WheatHead 84.0 149.0 159.0 200.0
WheatHead 0.0 187.0 102.0 246.0
WheatHead 49.0 251.0 198.0 323.0
WheatHead 318.0 228.0 488.0 281.0
WheatHead 454.0 193.0 543.0 260.0
WheatHead 411.0 62.0 561.0 163.0
WheatHead 2.0 11.0 84.0 86.0
WheatHead 606.0 92.0 693.0 159.0
WheatHead 710.0 100.0 837.0 183.0
WheatHead 828.0 112.0 902.0 195.0
WheatHead 755.0 0.0 815.0 90.0
WheatHead 838.0 6.0 978.0 185.0
WheatHead 956.0 206.0 1024.0 275.0
WheatHead 868.0 232.0 927.0 309.0
WheatHead 653.0 238.0 833.0 307.0
WheatHead 470.0 263.0 653.0 377.0
WheatHead 175.0 340.0 297.0 415.0
WheatHead 7.0 393.0 132.0 468.0
WheatHead 956.0 285.0 1024.0 354.0
WheatHead 963.0 84.0 1024.0 134.0
WheatHead 947.0 13.0 1024.0 128.0
WheatHead 478.0 551.0 553.0 637.0
WheatHead 372.0 466.0 446.0 637.0
WheatHead 224.0 574.0 399.0 667.0
WheatHead 78.0 535.0 216.0 616.0
WheatHead 88.0 657.0 161.0 744.0
WheatHead 120.0 775.0 188.0 876.0
WheatHead 4.0 779.0 128.0 825.0
WheatHead 0.0 685.0 84.0 760.0
WheatHead 197.0 679.0 340.0 754.0
WheatHead 340.0 679.0 417.0 746.0
WheatHead 533.0 598.0 653.0 671.0
WheatHead 653.0 712.0 705.0 791.0
WheatHead 793.0 689.0 974.0 813.0
WheatHead 761.0 746.0 872.0 837.0
WheatHead 716.0 736.0 783.0 947.0
WheatHead 659.0 807.0 714.0 951.0
WheatHead 774.0 854.0 951.0 1002.0
WheatHead 900.0 837.0 1000.0 923.0
WheatHead 135.0 913.0 208.0 998.0
WheatHead 321.0 772.0 413.0 943.0
WheatHead 456.0 803.0 547.0 937.0
WheatHead 451.0 864.0 525.0 1024.0
WheatHead 972.0 970.0 1024.0 1024.0
WheatHead 0.0 97.0 76.0 148.0
WheatHead 963.0 408.0 1020.0 467.0
