WheatHead 365.0 432.0 443.0 532.0
WheatHead 913.0 483.0 987.0 565.0
WheatHead 222.0 648.0 299.0 735.0
WheatHead 196.0 162.0 288.0 236.0
WheatHead 668.0 577.0 737.0 649.0
WheatHead 502.0 116.0 584.0 229.0
WheatHead 821.0 69.0 903.0 165.0
WheatHead 0.0 688.0 96.0 741.0
WheatHead 562.0 466.0 637.0 559.0
WheatHead 892.0 903.0 995.0 991.0
WheatHead 712.0 143.0 797.0 292.0
WheatHead 686.0 309.0 793.0 428.0
WheatHead 809.0 289.0 922.0 345.0
WheatHead 1007.0 39.0 1024.0 109.0
WheatHead 483.0 187.0 552.0 267.0
WheatHead 763.0 68.0 836.0 181.0
WheatHead 761.0 341.0 817.0 447.0
WheatHead 141.0 128.0 221.0 225.0
WheatHead 454.0 558.0 536.0 614.0
WheatHead 565.0 264.0 692.0 337.0
WheatHead 394.0 767.0 443.0 887.0
WheatHead 255.0 596.0 348.0 668.0
WheatHead 522.0 554.0 664.0 634.0
WheatHead 154.0 558.0 246.0 620.0
WheatHead 780.0 798.0 880.0 886.0
WheatHead 532.0 301.0 665.0 373.0
WheatHead 906.0 210.0 996.0 277.0
WheatHead 562.0 901.0 660.0 946.0
WheatHead 72.0 869.0 193.0 944.0
WheatHead 121.0 604.0 234.0 650.0
WheatHead 836.0 800.0 906.0 873.0
WheatHead 927.0 282.0 974.0 374.0
WheatHead 255.0 303.0 342.0 361.0
WheatHead 96.0 804.0 219.0 920.0
WheatHead 881.0 215.0 915.0 312.0
WheatHead 401.0 879.0 526.0 922.0
WheatHead 374.0 547.0 492.0 633.0
WheatHead 232.0 922.0 324.0 985.0
WheatHead 46.0 28.0 103.0 83.0
WheatHead 195.0 953.0 300.0 1024.0
WheatHead 876.0 0.0 916.0 43.0
WheatHead 546.0 0.0 598.0 60.0
WheatHead 592.0 781.0 670.0 819.0
WheatHead 842.0 495.0 890.0 576.0
WheatHead 263.0 0.0 309.0 51.0
WheatHead 319.0 230.0 425.0 383.0
WheatHead 0.0 625.0 49.0 672.0
WheatHead 4.0 441.0 101.0 533.0
WheatHead 815.0 431.0 892.0 533.0
WheatHead 390.0 69.0 477.0 177.0
WheatHead 980.0 739.0 1024.0 780.0
WheatHead 949.0 121.0 981.0 222.0
WheatHead 117.0 12.0 170.0 70.0
WheatHead 0.0 527.0 44.0 597.0
WheatHead 816.0 962.0 880.0 992.0
WheatHead 0.0 652.0 106.0 738.0
WheatHead 645.0 877.0 783.0 983.0
WheatHead 879.0 969.0 940.0 1021.0
WheatHead 381.0 968.0 474.0 1023.0
WheatHead 943.0 968.0 995.0 1021.0
WheatHead 535.0 1.0 581.0 58.0
WheatHead 198.0 378.0 264.0 524.0
WheatHead 937.0 210.0 1002.0 267.0
WheatHead 76.0 0.0 141.0 16.0
WheatHead 0.0 183.0 53.0 236.0
WheatHead 724.0 963.0 805.0 1024.0
WheatHead 219.0 849.0 335.0 892.0
WheatHead 461.0 600.0 538.0 676.0
WheatHead 454.0 849.0 558.0 911.0
WheatHead 49.0 880.0 200.0 966.0
