WheatHead 0.0 121.0 29.0 200.0
WheatHead 249.0 0.0 423.0 62.0
WheatHead 260.0 51.0 376.0 141.0
WheatHead 236.0 141.0 330.0 285.0
WheatHead 157.0 74.0 218.0 155.0
WheatHead 137.0 193.0 226.0 273.0
WheatHead 377.0 153.0 458.0 299.0
WheatHead 23.0 262.0 108.0 362.0
WheatHead 171.0 309.0 242.0 370.0
WheatHead 279.0 301.0 348.0 390.0
WheatHead 332.0 374.0 441.0 468.0
WheatHead 147.0 446.0 236.0 533.0
WheatHead 9.0 451.0 98.0 535.0
WheatHead 25.0 384.0 98.0 464.0
WheatHead 114.0 600.0 204.0 689.0
WheatHead 354.0 547.0 419.0 630.0
WheatHead 344.0 687.0 423.0 758.0
WheatHead 379.0 789.0 453.0 872.0
WheatHead 496.0 913.0 622.0 1004.0
WheatHead 449.0 712.0 531.0 809.0
WheatHead 482.0 655.0 553.0 720.0
WheatHead 675.0 683.0 787.0 828.0
WheatHead 628.0 553.0 714.0 663.0
WheatHead 710.0 519.0 838.0 633.0
WheatHead 774.0 620.0 850.0 730.0
WheatHead 533.0 405.0 647.0 498.0
WheatHead 635.0 334.0 761.0 451.0
WheatHead 685.0 175.0 801.0 269.0
WheatHead 795.0 51.0 884.0 151.0
WheatHead 833.0 0.0 884.0 60.0
WheatHead 915.0 13.0 1024.0 153.0
WheatHead 891.0 303.0 1024.0 407.0
WheatHead 864.0 409.0 947.0 519.0
WheatHead 996.0 476.0 1024.0 561.0
WheatHead 937.0 618.0 1024.0 709.0
WheatHead 903.0 651.0 1012.0 793.0
WheatHead 976.0 919.0 1024.0 1024.0
