WheatHead 556.0 526.0 626.0 582.0
WheatHead 602.0 0.0 695.0 45.0
WheatHead 640.0 875.0 702.0 951.0
WheatHead 36.0 7.0 121.0 202.0
WheatHead 751.0 0.0 823.0 106.0
WheatHead 809.0 535.0 896.0 606.0
WheatHead 252.0 774.0 443.0 887.0
WheatHead 633.0 667.0 833.0 774.0
WheatHead 235.0 623.0 476.0 770.0
WheatHead 522.0 354.0 644.0 539.0
WheatHead 939.0 798.0 1024.0 918.0
WheatHead 727.0 404.0 820.0 500.0
WheatHead 901.0 231.0 1015.0 292.0
WheatHead 173.0 250.0 251.0 390.0
WheatHead 126.0 626.0 368.0 677.0
WheatHead 24.0 724.0 76.0 806.0
WheatHead 0.0 538.0 113.0 622.0
WheatHead 190.0 573.0 414.0 641.0
WheatHead 43.0 604.0 114.0 669.0
WheatHead 772.0 839.0 852.0 909.0
WheatHead 280.0 7.0 376.0 107.0
WheatHead 45.0 44.0 103.0 167.0
WheatHead 3.0 85.0 54.0 170.0
WheatHead 0.0 310.0 51.0 389.0
WheatHead 133.0 195.0 187.0 240.0
WheatHead 118.0 344.0 190.0 527.0
WheatHead 106.0 307.0 153.0 376.0
WheatHead 66.0 259.0 297.0 323.0
WheatHead 233.0 393.0 383.0 499.0
WheatHead 89.0 484.0 157.0 539.0
WheatHead 0.0 890.0 114.0 999.0
WheatHead 86.0 887.0 167.0 1024.0
WheatHead 860.0 849.0 930.0 899.0
