WheatHead 0.0 0.0 28.0 64.0
WheatHead 534.0 0.0 627.0 54.0
WheatHead 609.0 133.0 653.0 181.0
WheatHead 679.0 147.0 787.0 228.0
WheatHead 826.0 18.0 893.0 122.0
WheatHead 1001.0 141.0 1024.0 201.0
WheatHead 175.0 597.0 239.0 673.0
WheatHead 75.0 671.0 150.0 731.0
WheatHead 91.0 727.0 168.0 771.0
WheatHead 18.0 752.0 115.0 846.0
WheatHead 0.0 899.0 45.0 993.0
WheatHead 235.0 826.0 334.0 904.0
WheatHead 395.0 783.0 469.0 867.0
WheatHead 453.0 790.0 545.0 885.0
WheatHead 396.0 674.0 492.0 751.0
WheatHead 279.0 530.0 374.0 685.0
WheatHead 541.0 583.0 615.0 656.0
WheatHead 548.0 760.0 615.0 835.0
WheatHead 524.0 887.0 584.0 964.0
WheatHead 404.0 873.0 512.0 953.0
WheatHead 401.0 930.0 499.0 998.0
WheatHead 380.0 956.0 457.0 1024.0
WheatHead 310.0 875.0 373.0 932.0
WheatHead 685.0 713.0 881.0 806.0
WheatHead 715.0 772.0 784.0 852.0
WheatHead 795.0 882.0 908.0 999.0
WheatHead 1011.0 688.0 1024.0 777.0
WheatHead 719.0 996.0 807.0 1024.0
WheatHead 113.0 974.0 207.0 1024.0
