WheatHead 2.0 0.0 108.0 26.0
WheatHead 77.0 0.0 192.0 58.0
WheatHead 236.0 23.0 296.0 107.0
WheatHead 449.0 0.0 559.0 20.0
WheatHead 288.0 98.0 373.0 174.0
WheatHead 412.0 156.0 485.0 231.0
WheatHead 534.0 332.0 735.0 436.0
WheatHead 616.0 550.0 737.0 729.0
WheatHead 43.0 139.0 109.0 186.0
WheatHead 1.0 263.0 128.0 323.0
WheatHead 254.0 251.0 361.0 321.0
WheatHead 274.0 315.0 371.0 381.0
WheatHead 394.0 372.0 474.0 465.0
WheatHead 291.0 416.0 386.0 482.0
WheatHead 95.0 471.0 178.0 550.0
WheatHead 17.0 354.0 148.0 450.0
WheatHead 58.0 944.0 156.0 1024.0
WheatHead 508.0 827.0 573.0 900.0
WheatHead 510.0 847.0 619.0 984.0
WheatHead 647.0 916.0 719.0 1024.0
WheatHead 721.0 22.0 809.0 99.0
WheatHead 887.0 17.0 966.0 108.0
WheatHead 822.0 695.0 893.0 896.0
WheatHead 879.0 725.0 1024.0 858.0
WheatHead 891.0 944.0 987.0 1024.0
WheatHead 779.0 986.0 838.0 1024.0
WheatHead 89.0 587.0 268.0 689.0
WheatHead 74.0 553.0 164.0 612.0
WheatHead 654.0 247.0 852.0 448.0
WheatHead 1.0 34.0 60.0 93.0
