WheatHead 911.0 74.0 1024.0 181.0
WheatHead 706.0 102.0 808.0 245.0
WheatHead 171.0 122.0 263.0 258.0
WheatHead 371.0 25.0 471.0 156.0
WheatHead 773.0 750.0 862.0 867.0
WheatHead 983.0 345.0 1024.0 422.0
WheatHead 939.0 238.0 1024.0 340.0
WheatHead 540.0 84.0 642.0 248.0
WheatHead 25.0 248.0 128.0 348.0
WheatHead 99.0 437.0 227.0 570.0
WheatHead 232.0 773.0 314.0 867.0
WheatHead 619.0 386.0 711.0 542.0
WheatHead 245.0 535.0 317.0 645.0
WheatHead 376.0 235.0 453.0 314.0
WheatHead 821.0 197.0 903.0 302.0
WheatHead 665.0 555.0 744.0 670.0
WheatHead 925.0 846.0 1024.0 1015.0
WheatHead 852.0 2.0 970.0 84.0
WheatHead 168.0 913.0 234.0 977.0
WheatHead 145.0 732.0 220.0 821.0
WheatHead 118.0 621.0 183.0 695.0
WheatHead 780.0 268.0 865.0 360.0
WheatHead 2.0 71.0 97.0 199.0
WheatHead 40.0 2.0 130.0 99.0
WheatHead 481.0 281.0 596.0 473.0
WheatHead 56.0 806.0 119.0 867.0
WheatHead 686.0 322.0 747.0 450.0
WheatHead 583.0 565.0 660.0 655.0
WheatHead 599.0 2.0 663.0 76.0
WheatHead 529.0 2.0 591.0 74.0
WheatHead 629.0 914.0 704.0 997.0
WheatHead 611.0 311.0 664.0 397.0
