WheatHead 0.0 16.0 52.0 84.0
WheatHead 235.0 0.0 368.0 130.0
WheatHead 172.0 5.0 259.0 75.0
WheatHead 362.0 0.0 443.0 72.0
WheatHead 523.0 37.0 601.0 105.0
WheatHead 618.0 72.0 681.0 139.0
WheatHead 579.0 173.0 642.0 242.0
WheatHead 422.0 245.0 514.0 365.0
WheatHead 277.0 195.0 340.0 253.0
WheatHead 78.0 120.0 236.0 206.0
WheatHead 164.0 205.0 243.0 322.0
WheatHead 815.0 84.0 888.0 173.0
WheatHead 340.0 318.0 401.0 405.0
WheatHead 51.0 401.0 128.0 500.0
WheatHead 20.0 230.0 127.0 329.0
WheatHead 352.0 471.0 417.0 542.0
WheatHead 440.0 566.0 516.0 638.0
WheatHead 485.0 606.0 572.0 693.0
WheatHead 795.0 559.0 856.0 628.0
WheatHead 830.0 665.0 905.0 738.0
WheatHead 853.0 773.0 948.0 868.0
WheatHead 554.0 745.0 684.0 843.0
WheatHead 486.0 692.0 552.0 749.0
WheatHead 247.0 567.0 331.0 638.0
WheatHead 201.0 637.0 277.0 701.0
WheatHead 316.0 669.0 381.0 722.0
WheatHead 59.0 562.0 142.0 625.0
WheatHead 0.0 602.0 33.0 689.0
WheatHead 454.0 817.0 537.0 900.0
WheatHead 338.0 752.0 409.0 817.0
WheatHead 132.0 833.0 228.0 949.0
WheatHead 2.0 773.0 71.0 860.0
WheatHead 389.0 873.0 447.0 952.0
WheatHead 105.0 968.0 176.0 1024.0
WheatHead 521.0 892.0 612.0 1024.0
WheatHead 986.0 903.0 1024.0 1021.0
WheatHead 905.0 957.0 973.0 1016.0
WheatHead 942.0 630.0 1023.0 689.0
WheatHead 961.0 488.0 1024.0 565.0
WheatHead 925.0 156.0 1004.0 233.0
WheatHead 918.0 61.0 976.0 118.0
WheatHead 336.0 126.0 420.0 187.0
WheatHead 368.0 75.0 448.0 129.0
WheatHead 164.0 302.0 252.0 372.0
WheatHead 339.0 972.0 415.0 1023.0
