WheatHead 395.0 490.0 558.0 608.0
WheatHead 300.0 685.0 445.0 776.0
WheatHead 983.0 175.0 1024.0 284.0
WheatHead 140.0 468.0 417.0 577.0
WheatHead 476.0 984.0 659.0 1024.0
WheatHead 414.0 175.0 540.0 293.0
WheatHead 0.0 867.0 234.0 1023.0
WheatHead 0.0 0.0 225.0 97.0
WheatHead 0.0 208.0 306.0 473.0
WheatHead 301.0 785.0 548.0 953.0
WheatHead 940.0 366.0 1024.0 480.0
WheatHead 696.0 610.0 819.0 694.0
WheatHead 0.0 976.0 127.0 1024.0
WheatHead 266.0 678.0 480.0 750.0
WheatHead 0.0 348.0 253.0 489.0
WheatHead 158.0 242.0 424.0 452.0
WheatHead 500.0 156.0 677.0 455.0
WheatHead 619.0 835.0 788.0 997.0
WheatHead 88.0 820.0 311.0 1019.0
WheatHead 516.0 929.0 671.0 1008.0
