WheatHead 796.0 23.0 913.0 137.0
WheatHead 961.0 417.0 1024.0 501.0
WheatHead 395.0 167.0 515.0 237.0
WheatHead 441.0 637.0 540.0 700.0
WheatHead 757.0 73.0 827.0 154.0
WheatHead 36.0 729.0 157.0 794.0
WheatHead 746.0 756.0 835.0 820.0
WheatHead 830.0 427.0 962.0 475.0
WheatHead 10.0 606.0 125.0 690.0
WheatHead 708.0 964.0 811.0 1018.0
WheatHead 567.0 173.0 685.0 222.0
WheatHead 259.0 458.0 438.0 532.0
WheatHead 88.0 99.0 199.0 189.0
WheatHead 339.0 550.0 417.0 600.0
WheatHead 555.0 676.0 698.0 765.0
WheatHead 199.0 765.0 307.0 808.0
WheatHead 645.0 565.0 752.0 631.0
WheatHead 973.0 275.0 1024.0 346.0
WheatHead 518.0 842.0 645.0 894.0
WheatHead 488.0 598.0 571.0 666.0
WheatHead 764.0 312.0 881.0 414.0
WheatHead 687.0 805.0 798.0 869.0
WheatHead 446.0 801.0 498.0 879.0
WheatHead 507.0 780.0 639.0 841.0
WheatHead 835.0 277.0 935.0 362.0
WheatHead 531.0 370.0 621.0 413.0
WheatHead 301.0 408.0 383.0 477.0
WheatHead 25.0 906.0 128.0 998.0
WheatHead 767.0 569.0 855.0 675.0
WheatHead 513.0 436.0 618.0 486.0
WheatHead 360.0 711.0 482.0 777.0
WheatHead 953.0 129.0 1024.0 199.0
WheatHead 19.0 139.0 99.0 210.0
WheatHead 904.0 213.0 1024.0 259.0
WheatHead 887.0 767.0 947.0 811.0
WheatHead 0.0 387.0 81.0 430.0
WheatHead 0.0 106.0 80.0 141.0
WheatHead 60.0 234.0 149.0 325.0
WheatHead 421.0 895.0 513.0 948.0
WheatHead 240.0 657.0 336.0 691.0
WheatHead 0.0 434.0 61.0 466.0
WheatHead 703.0 446.0 824.0 487.0
WheatHead 56.0 331.0 166.0 397.0
WheatHead 524.0 548.0 585.0 576.0
WheatHead 203.0 0.0 286.0 19.0
WheatHead 0.0 854.0 101.0 922.0
WheatHead 25.0 0.0 169.0 34.0
WheatHead 407.0 863.0 548.0 907.0
WheatHead 591.0 443.0 681.0 490.0
WheatHead 492.0 483.0 647.0 526.0
WheatHead 132.0 495.0 317.0 571.0
WheatHead 336.0 269.0 428.0 322.0
WheatHead 271.0 237.0 364.0 327.0
WheatHead 800.0 820.0 918.0 865.0
WheatHead 655.0 124.0 712.0 184.0
WheatHead 1.0 462.0 85.0 508.0
WheatHead 253.0 844.0 363.0 893.0
WheatHead 792.0 10.0 953.0 105.0
WheatHead 139.0 360.0 247.0 406.0
WheatHead 153.0 803.0 274.0 841.0
WheatHead 113.0 396.0 231.0 434.0
WheatHead 778.0 494.0 835.0 548.0
WheatHead 226.0 921.0 315.0 953.0
WheatHead 283.0 959.0 391.0 1024.0
WheatHead 188.0 945.0 385.0 1005.0
WheatHead 243.0 971.0 335.0 1024.0
WheatHead 64.0 995.0 167.0 1024.0
WheatHead 0.0 789.0 57.0 835.0
WheatHead 870.0 884.0 963.0 927.0
