WheatHead 940.0 462.0 1024.0 547.0
WheatHead 532.0 613.0 634.0 686.0
WheatHead 227.0 768.0 316.0 884.0
WheatHead 353.0 430.0 478.0 512.0
WheatHead 462.0 214.0 577.0 278.0
WheatHead 851.0 18.0 947.0 79.0
WheatHead 170.0 640.0 277.0 704.0
WheatHead 391.0 801.0 506.0 898.0
WheatHead 481.0 951.0 624.0 1024.0
WheatHead 112.0 919.0 232.0 1024.0
WheatHead 258.0 71.0 384.0 161.0
WheatHead 903.0 176.0 985.0 238.0
WheatHead 156.0 87.0 250.0 143.0
WheatHead 977.0 43.0 1024.0 120.0
WheatHead 0.0 418.0 49.0 507.0
WheatHead 248.0 303.0 378.0 410.0
