WheatHead 734.0 468.0 857.0 542.0
WheatHead 832.0 257.0 972.0 339.0
WheatHead 877.0 261.0 1024.0 325.0
WheatHead 768.0 378.0 872.0 468.0
WheatHead 686.0 686.0 849.0 765.0
WheatHead 5.0 66.0 140.0 153.0
WheatHead 862.0 476.0 983.0 576.0
WheatHead 750.0 130.0 860.0 220.0
WheatHead 647.0 425.0 726.0 481.0
WheatHead 0.0 11.0 78.0 67.0
WheatHead 937.0 573.0 1024.0 621.0
WheatHead 682.0 372.0 769.0 438.0
WheatHead 875.0 422.0 1008.0 476.0
WheatHead 867.0 378.0 980.0 445.0
WheatHead 696.0 15.0 785.0 97.0
WheatHead 727.0 58.0 814.0 130.0
WheatHead 847.0 40.0 947.0 104.0
WheatHead 837.0 2.0 903.0 61.0
WheatHead 931.0 89.0 1016.0 174.0
WheatHead 633.0 239.0 695.0 308.0
