WheatHead 615.0 360.0 678.0 468.0
WheatHead 583.0 559.0 673.0 666.0
WheatHead 974.0 378.0 1024.0 455.0
WheatHead 704.0 588.0 793.0 660.0
WheatHead 622.0 43.0 721.0 158.0
WheatHead 586.0 184.0 652.0 294.0
WheatHead 916.0 184.0 995.0 261.0
WheatHead 893.0 94.0 985.0 197.0
WheatHead 872.0 314.0 977.0 391.0
WheatHead 455.0 442.0 550.0 524.0
WheatHead 647.0 245.0 729.0 322.0
WheatHead 939.0 814.0 1024.0 919.0
WheatHead 514.0 162.0 580.0 284.0
WheatHead 619.0 465.0 680.0 529.0
WheatHead 732.0 189.0 826.0 363.0
WheatHead 646.0 744.0 707.0 807.0
WheatHead 387.0 59.0 476.0 154.0
WheatHead 447.0 867.0 568.0 931.0
WheatHead 605.0 772.0 682.0 839.0
WheatHead 460.0 40.0 532.0 181.0
WheatHead 818.0 578.0 892.0 638.0
WheatHead 747.0 693.0 826.0 762.0
WheatHead 523.0 895.0 605.0 977.0
WheatHead 892.0 883.0 973.0 941.0
WheatHead 985.0 7.0 1024.0 62.0
WheatHead 747.0 7.0 819.0 189.0
WheatHead 556.0 1.0 622.0 78.0
WheatHead 524.0 6.0 575.0 65.0
WheatHead 637.0 2.0 693.0 66.0
WheatHead 486.0 399.0 576.0 523.0
WheatHead 883.0 555.0 954.0 616.0
WheatHead 639.0 971.0 723.0 1023.0
