WheatHead 883.0 217.0 1011.0 296.0
WheatHead 117.0 71.0 207.0 155.0
WheatHead 235.0 325.0 430.0 412.0
WheatHead 956.0 272.0 1024.0 330.0
WheatHead 834.0 76.0 1008.0 143.0
WheatHead 877.0 466.0 959.0 545.0
WheatHead 2.0 352.0 155.0 479.0
WheatHead 691.0 89.0 793.0 145.0
WheatHead 0.0 110.0 120.0 207.0
WheatHead 916.0 362.0 1024.0 437.0
WheatHead 655.0 299.0 745.0 358.0
WheatHead 911.0 189.0 1013.0 250.0
WheatHead 936.0 335.0 1015.0 394.0
WheatHead 821.0 10.0 949.0 71.0
WheatHead 1.0 36.0 39.0 108.0
