WheatHead 965.0 412.0 1024.0 509.0
WheatHead 555.0 46.0 657.0 112.0
WheatHead 944.0 783.0 1024.0 919.0
WheatHead 924.0 35.0 1024.0 107.0
WheatHead 757.0 0.0 837.0 43.0
WheatHead 619.0 683.0 732.0 775.0
WheatHead 906.0 275.0 979.0 320.0
WheatHead 742.0 527.0 860.0 650.0
WheatHead 704.0 87.0 780.0 202.0
WheatHead 757.0 788.0 929.0 916.0
WheatHead 839.0 906.0 967.0 1003.0
WheatHead 905.0 228.0 1023.0 322.0
WheatHead 773.0 913.0 862.0 1013.0
WheatHead 849.0 642.0 947.0 732.0
WheatHead 760.0 238.0 857.0 317.0
WheatHead 663.0 325.0 791.0 404.0
WheatHead 829.0 686.0 913.0 806.0
WheatHead 925.0 308.0 1022.0 384.0
WheatHead 939.0 0.0 1008.0 2.0
WheatHead 491.0 791.0 542.0 852.0
WheatHead 609.0 179.0 686.0 258.0
WheatHead 822.0 3.0 902.0 51.0
WheatHead 803.0 217.0 862.0 273.0
WheatHead 757.0 322.0 829.0 399.0
WheatHead 872.0 279.0 967.0 363.0
WheatHead 706.0 606.0 798.0 693.0
WheatHead 668.0 542.0 747.0 599.0
WheatHead 629.0 816.0 719.0 908.0
WheatHead 599.0 949.0 704.0 1024.0
