WheatHead 340.0 967.0 504.0 1024.0
WheatHead 243.0 23.0 355.0 122.0
WheatHead 0.0 2.0 81.0 110.0
WheatHead 417.0 373.0 586.0 527.0
WheatHead 847.0 811.0 1024.0 931.0
WheatHead 429.0 580.0 728.0 728.0
WheatHead 464.0 301.0 659.0 406.0
WheatHead 607.0 914.0 766.0 1024.0
WheatHead 128.0 823.0 464.0 935.0
WheatHead 0.0 568.0 197.0 703.0
WheatHead 647.0 284.0 808.0 399.0
WheatHead 806.0 179.0 947.0 355.0
WheatHead 422.0 2.0 614.0 69.0
WheatHead 527.0 213.0 632.0 300.0
WheatHead 40.0 2.0 135.0 189.0
WheatHead 121.0 671.0 316.0 778.0
WheatHead 591.0 473.0 793.0 575.0
WheatHead 935.0 144.0 1024.0 260.0
WheatHead 851.0 943.0 1024.0 1024.0
