WheatHead 0.0 139.0 53.0 237.0
WheatHead 55.0 152.0 155.0 218.0
WheatHead 0.0 537.0 64.0 607.0
WheatHead 801.0 304.0 879.0 391.0
WheatHead 776.0 953.0 876.0 1021.0
WheatHead 776.0 0.0 894.0 60.0
WheatHead 862.0 326.0 958.0 427.0
WheatHead 623.0 158.0 771.0 234.0
WheatHead 259.0 308.0 316.0 367.0
WheatHead 311.0 1.0 413.0 129.0
WheatHead 79.0 772.0 167.0 813.0
WheatHead 77.0 331.0 172.0 442.0
WheatHead 484.0 1.0 513.0 84.0
WheatHead 424.0 352.0 566.0 414.0
WheatHead 226.0 711.0 275.0 809.0
WheatHead 254.0 193.0 353.0 254.0
WheatHead 342.0 619.0 496.0 677.0
WheatHead 493.0 698.0 574.0 762.0
WheatHead 860.0 378.0 898.0 458.0
WheatHead 847.0 144.0 929.0 188.0
WheatHead 256.0 614.0 373.0 738.0
WheatHead 150.0 490.0 237.0 532.0
WheatHead 949.0 475.0 1001.0 551.0
WheatHead 962.0 802.0 1024.0 861.0
WheatHead 821.0 25.0 873.0 98.0
WheatHead 667.0 965.0 727.0 1024.0
WheatHead 613.0 0.0 655.0 88.0
WheatHead 615.0 286.0 708.0 361.0
WheatHead 54.0 637.0 148.0 671.0
WheatHead 303.0 881.0 434.0 955.0
WheatHead 551.0 645.0 610.0 716.0
WheatHead 764.0 329.0 793.0 413.0
WheatHead 759.0 107.0 794.0 176.0
WheatHead 281.0 503.0 350.0 577.0
WheatHead 573.0 256.0 641.0 380.0
WheatHead 0.0 599.0 19.0 667.0
WheatHead 229.0 647.0 300.0 711.0
WheatHead 927.0 20.0 978.0 81.0
WheatHead 789.0 245.0 853.0 331.0
WheatHead 268.0 167.0 345.0 196.0
WheatHead 68.0 436.0 159.0 476.0
WheatHead 397.0 233.0 458.0 278.0
WheatHead 49.0 991.0 153.0 1023.0
WheatHead 118.0 842.0 211.0 873.0
WheatHead 774.0 839.0 860.0 927.0
WheatHead 853.0 281.0 927.0 321.0
WheatHead 240.0 839.0 305.0 1018.0
WheatHead 221.0 580.0 298.0 632.0
WheatHead 47.0 363.0 99.0 433.0
WheatHead 701.0 0.0 742.0 24.0
WheatHead 780.0 539.0 826.0 606.0
WheatHead 121.0 828.0 214.0 851.0
WheatHead 664.0 687.0 770.0 730.0
WheatHead 477.0 2.0 506.0 77.0
WheatHead 738.7000122070312 463.29998779296875 812.0 507.29998779296875
WheatHead 512.0 87.0 553.0 152.0
WheatHead 547.0 60.0 669.0 96.0
WheatHead 271.0 983.0 383.0 1024.0
WheatHead 539.0 726.0 603.0 761.0
WheatHead 292.0 579.0 352.0 768.0
WheatHead 202.0 215.0 298.0 264.0
WheatHead 280.0 36.0 343.0 79.0
WheatHead 980.0 606.0 1024.0 747.0
WheatHead 400.0 945.0 440.0 979.0
