WheatHead 491.0 473.0 650.0 560.0
WheatHead 558.0 225.0 642.0 366.0
WheatHead 140.0 245.0 302.0 337.0
WheatHead 230.0 35.0 376.0 143.0
WheatHead 668.0 194.0 798.0 268.0
WheatHead 978.0 515.0 1024.0 583.0
WheatHead 593.0 0.0 709.0 117.0
WheatHead 291.0 307.0 371.0 392.0
WheatHead 384.0 309.0 522.0 427.0
WheatHead 437.0 563.0 535.0 696.0
WheatHead 355.0 158.0 478.0 217.0
WheatHead 318.0 529.0 400.0 603.0
WheatHead 563.0 376.0 652.0 486.0
WheatHead 473.0 688.0 563.0 768.0
WheatHead 145.0 46.0 222.0 148.0
WheatHead 450.0 135.0 535.0 194.0
WheatHead 911.0 0.0 1024.0 48.0
WheatHead 593.0 125.0 670.0 189.0
WheatHead 768.0 678.0 944.0 765.0
WheatHead 601.0 709.0 753.0 802.0
WheatHead 107.0 637.0 273.0 826.0
WheatHead 647.0 798.0 819.0 896.0
WheatHead 373.0 460.0 450.0 560.0
WheatHead 355.0 811.0 609.0 947.0
WheatHead 53.0 611.0 120.0 719.0
WheatHead 939.0 43.0 1006.0 107.0
WheatHead 670.0 665.0 821.0 755.0
WheatHead 182.0 342.0 244.0 406.0
WheatHead 775.0 880.0 911.0 1024.0
WheatHead 588.0 601.0 665.0 691.0
WheatHead 66.0 901.0 148.0 1024.0
WheatHead 353.0 942.0 616.0 1024.0
WheatHead 0.0 17.0 85.0 163.0
WheatHead 0.0 489.0 45.0 587.0
WheatHead 903.0 0.0 962.0 69.0
WheatHead 599.0 258.0 650.0 345.0
WheatHead 550.0 645.0 647.0 711.0
WheatHead 640.0 798.0 798.0 842.0
