WheatHead 544.0 6.0 625.0 116.0
WheatHead 675.0 679.0 750.0 753.0
WheatHead 931.0 0.0 999.0 64.0
WheatHead 432.0 738.0 506.0 819.0
WheatHead 424.0 462.0 502.0 537.0
WheatHead 117.0 2.0 178.0 101.0
WheatHead 492.0 723.0 533.0 827.0
WheatHead 741.0 344.0 830.0 394.0
WheatHead 487.0 703.0 591.0 774.0
WheatHead 828.0 727.0 907.0 789.0
WheatHead 567.0 184.0 637.0 248.0
WheatHead 533.0 756.0 604.0 823.0
WheatHead 0.0 94.0 15.0 144.0
WheatHead 8.0 652.0 64.0 737.0
WheatHead 983.0 109.0 1011.0 180.0
WheatHead 0.0 712.0 61.0 775.0
WheatHead 562.0 253.0 664.0 363.0
WheatHead 385.0 162.0 421.0 234.0
WheatHead 132.0 935.0 184.0 1003.0
WheatHead 498.0 289.0 543.0 376.0
WheatHead 40.0 651.0 144.0 704.0
WheatHead 711.0 0.0 734.0 51.0
WheatHead 308.0 367.0 354.0 434.0
WheatHead 989.0 593.0 1018.0 658.0
WheatHead 371.0 163.0 402.0 237.0
WheatHead 46.0 790.0 92.0 858.0
WheatHead 320.0 256.0 350.0 368.0
WheatHead 0.0 529.0 58.0 587.0
WheatHead 490.0 234.0 533.0 314.0
WheatHead 658.0 23.0 685.0 109.0
WheatHead 554.0 450.0 582.0 547.0
WheatHead 678.0 1.0 719.0 46.0
WheatHead 795.0 177.0 871.0 218.0
WheatHead 972.0 986.0 1019.0 1024.0
WheatHead 248.0 339.0 285.0 408.0
WheatHead 477.0 367.0 502.0 438.0
WheatHead 504.0 664.0 602.0 726.0
WheatHead 353.0 644.0 434.0 712.0
WheatHead 10.0 494.0 53.0 559.0
WheatHead 806.0 223.0 879.0 256.0
WheatHead 0.0 442.0 32.0 510.0
WheatHead 155.0 30.0 237.0 99.0
WheatHead 918.0 496.0 998.0 550.0
WheatHead 301.0 964.0 362.0 1013.0
WheatHead 445.0 617.0 531.0 649.0
WheatHead 316.0 0.0 368.0 50.0
WheatHead 464.0 368.0 496.0 435.0
WheatHead 981.0 588.0 1011.0 652.0
WheatHead 946.0 219.0 1024.0 271.0
WheatHead 465.0 630.0 507.0 723.0
WheatHead 772.0 1.0 808.0 23.0
WheatHead 216.0 653.0 281.0 703.0
WheatHead 846.0 106.0 888.0 155.0
WheatHead 647.0 32.0 670.0 114.0
WheatHead 675.0 237.0 720.0 270.0
WheatHead 0.0 656.0 42.0 734.0
WheatHead 69.0 906.0 156.0 959.0
WheatHead 843.0 898.0 883.0 933.0
WheatHead 809.0 522.0 857.0 573.0
WheatHead 122.0 214.3000030517578 209.6999969482422 263.79998779296875
WheatHead 146.0 5.0 237.0 87.0
WheatHead 981.0 498.0 1010.0 551.0
WheatHead 236.0 672.0 310.0 724.0
WheatHead 819.0 760.0 865.0 806.0
WheatHead 615.0 845.0 663.0 919.0
WheatHead 1009.0 898.0 1024.0 941.0
WheatHead 993.0 729.0 1024.0 778.0
WheatHead 745.0 770.0 804.0 820.0
WheatHead 754.0 705.0 802.0 754.0
