WheatHead 104.0 168.0 164.0 248.0
WheatHead 292.0 171.0 360.0 238.0
WheatHead 313.0 293.0 399.0 351.0
WheatHead 83.0 387.0 154.0 469.0
WheatHead 165.0 407.0 226.0 466.0
WheatHead 1.0 433.0 60.0 501.0
WheatHead 7.0 505.0 76.0 574.0
WheatHead 256.0 483.0 339.0 541.0
WheatHead 374.0 544.0 437.0 639.0
WheatHead 555.0 514.0 645.0 578.0
WheatHead 115.0 657.0 179.0 734.0
WheatHead 11.0 749.0 80.0 823.0
WheatHead 281.0 645.0 352.0 715.0
WheatHead 242.0 685.0 313.0 759.0
WheatHead 326.0 708.0 463.0 796.0
WheatHead 251.0 839.0 315.0 905.0
WheatHead 305.0 801.0 385.0 907.0
WheatHead 377.0 791.0 477.0 876.0
WheatHead 80.0 850.0 158.0 931.0
WheatHead 0.0 836.0 68.0 898.0
WheatHead 802.0 975.0 872.0 1024.0
WheatHead 813.0 912.0 938.0 974.0
WheatHead 889.0 778.0 951.0 850.0
WheatHead 910.0 596.0 989.0 658.0
WheatHead 733.0 747.0 810.0 815.0
WheatHead 744.0 679.0 833.0 753.0
WheatHead 685.0 652.0 833.0 707.0
WheatHead 666.0 945.0 733.0 1024.0
WheatHead 601.0 975.0 682.0 1024.0
WheatHead 553.0 912.0 661.0 992.0
WheatHead 516.0 824.0 589.0 887.0
WheatHead 557.0 592.0 681.0 641.0
WheatHead 783.0 437.0 866.0 537.0
WheatHead 612.0 434.0 685.0 505.0
WheatHead 651.0 390.0 720.0 460.0
WheatHead 804.0 337.0 901.0 405.0
WheatHead 451.0 258.0 518.0 367.0
WheatHead 507.0 277.0 572.0 380.0
WheatHead 529.0 189.0 605.0 268.0
WheatHead 574.0 84.0 654.0 233.0
WheatHead 766.0 168.0 839.0 242.0
WheatHead 839.0 229.0 908.0 297.0
WheatHead 913.0 241.0 987.0 305.0
WheatHead 859.0 282.0 956.0 344.0
WheatHead 932.0 138.0 1022.0 222.0
WheatHead 873.0 154.0 955.0 253.0
WheatHead 729.0 37.0 806.0 100.0
WheatHead 561.0 49.0 681.0 109.0
WheatHead 424.0 70.0 496.0 133.0
WheatHead 353.0 25.0 461.0 120.0
WheatHead 275.0 54.0 337.0 107.0
WheatHead 606.0 0.0 691.0 38.0
WheatHead 268.0 0.0 340.0 55.0
WheatHead 157.0 0.0 218.0 36.0
WheatHead 2.0 89.0 67.0 133.0
WheatHead 0.0 202.0 41.0 263.0
WheatHead 0.0 251.0 44.0 300.0
WheatHead 494.0 242.0 568.0 299.0
WheatHead 993.0 7.0 1024.0 58.0
WheatHead 541.0 971.0 648.0 1014.0
WheatHead 488.0 989.0 539.0 1024.0
WheatHead 729.0 306.0 799.0 368.0
WheatHead 549.0 153.0 604.0 211.0
