WheatHead 458.0 496.0 550.0 578.0
WheatHead 391.0 204.0 496.0 299.0
WheatHead 934.0 872.0 1013.0 972.0
WheatHead 156.0 355.0 271.0 481.0
WheatHead 430.0 7.0 514.0 94.0
WheatHead 829.0 133.0 921.0 232.0
WheatHead 960.0 289.0 1024.0 412.0
WheatHead 650.0 798.0 734.0 885.0
WheatHead 376.0 0.0 440.0 92.0
WheatHead 857.0 294.0 967.0 430.0
WheatHead 368.0 440.0 460.0 527.0
WheatHead 261.0 76.0 343.0 161.0
WheatHead 980.0 174.0 1024.0 256.0
WheatHead 199.0 540.0 281.0 614.0
WheatHead 258.0 875.0 360.0 977.0
WheatHead 125.0 199.0 232.0 273.0
WheatHead 161.0 0.0 279.0 38.0
WheatHead 189.0 248.0 250.0 337.0
