WheatHead 436.0 476.0 507.0 566.0
WheatHead 102.0 251.0 192.0 331.0
WheatHead 405.0 185.0 451.0 256.0
WheatHead 177.0 147.0 266.0 195.0
WheatHead 327.0 245.0 361.0 319.0
WheatHead 278.0 839.0 350.0 954.0
WheatHead 554.0 96.0 646.0 197.0
WheatHead 25.0 16.0 80.0 86.0
WheatHead 495.0 774.0 551.0 853.0
WheatHead 752.0 401.0 843.0 480.0
WheatHead 393.0 846.0 487.0 942.0
WheatHead 644.0 495.0 673.0 563.0
WheatHead 692.0 154.0 776.0 197.0
WheatHead 75.0 648.0 193.0 681.0
WheatHead 359.0 356.0 435.0 517.0
WheatHead 0.0 513.0 38.0 587.0
WheatHead 72.0 8.0 136.0 47.0
WheatHead 866.0 789.0 939.0 887.0
WheatHead 325.0 415.0 380.0 493.0
WheatHead 835.0 692.0 875.0 778.0
WheatHead 866.0 141.0 907.0 215.0
WheatHead 152.0 427.0 219.0 496.0
WheatHead 461.0 543.0 593.0 596.0
WheatHead 114.0 528.0 253.0 598.0
WheatHead 141.0 824.0 193.0 887.0
WheatHead 529.0 12.0 587.0 81.0
WheatHead 517.0 192.0 613.0 233.0
WheatHead 714.0 428.0 746.0 496.0
WheatHead 528.0 516.0 606.0 559.0
WheatHead 379.0 325.0 466.0 371.0
WheatHead 774.0 651.0 828.0 677.0
WheatHead 221.0 238.0 270.0 275.0
WheatHead 49.0 632.0 81.0 734.0
WheatHead 737.0 274.0 793.0 324.0
WheatHead 790.0 185.0 885.0 232.0
WheatHead 192.0 0.0 228.0 27.0
WheatHead 0.0 589.0 53.0 640.0
WheatHead 222.0 102.0 274.0 176.0
WheatHead 481.0 610.0 535.0 648.0
WheatHead 812.0 760.0 869.0 796.0
WheatHead 326.0 974.0 405.0 1006.0
WheatHead 802.0 994.0 877.0 1024.0
WheatHead 27.0 836.0 75.0 877.0
WheatHead 303.0 799.0 369.0 851.0
WheatHead 217.0 835.0 282.0 879.0
WheatHead 642.0 890.0 737.0 947.0
WheatHead 124.0 980.0 205.0 1019.0
WheatHead 233.0 883.0 262.0 939.0
WheatHead 323.0 872.0 420.0 903.0
WheatHead 413.0 122.0 514.0 170.0
WheatHead 638.0 840.0 715.0 880.0
WheatHead 961.0 835.0 1017.0 894.0
WheatHead 775.0 946.0 828.0 987.0
WheatHead 828.0 473.0 929.0 537.0
WheatHead 608.0 630.0 640.0 685.0
WheatHead 910.0 790.0 970.0 846.0
WheatHead 390.0 270.0 467.0 319.0
WheatHead 284.0 374.0 401.0 461.0
WheatHead 767.0 525.0 836.0 561.0
WheatHead 663.0 300.0 768.0 348.0
WheatHead 929.0 462.0 1013.0 525.0
WheatHead 537.0 927.0 600.0 966.0
WheatHead 850.0 902.0 905.0 924.0
WheatHead 469.0 798.0 500.0 854.0
WheatHead 777.0 226.0 841.0 282.0
WheatHead 438.0 655.0 505.0 704.0
WheatHead 935.0 19.0 1010.0 112.0
WheatHead 748.0 841.0 801.0 892.0
WheatHead 1000.0 918.0 1024.0 1013.0
WheatHead 883.0 933.0 920.0 965.0
WheatHead 1006.0 665.0 1024.0 718.0
