WheatHead 95.0 827.0 157.0 914.0
WheatHead 961.0 445.0 1022.0 551.0
WheatHead 304.0 798.0 353.0 883.0
WheatHead 135.0 228.0 199.0 333.0
WheatHead 946.0 24.0 1019.0 109.0
WheatHead 177.0 170.0 247.0 258.0
WheatHead 319.0 957.0 394.0 1013.0
WheatHead 30.0 30.0 126.0 155.0
WheatHead 520.0 110.0 592.0 177.0
WheatHead 0.0 146.0 53.0 255.0
WheatHead 602.0 841.0 667.0 921.0
WheatHead 289.0 268.0 364.0 356.0
WheatHead 46.0 420.0 118.0 492.0
WheatHead 425.0 443.0 487.0 531.0
WheatHead 65.0 360.0 129.0 420.0
WheatHead 15.0 906.0 58.0 976.0
WheatHead 301.0 450.0 344.0 524.0
WheatHead 0.0 40.0 27.0 110.0
WheatHead 0.0 0.0 68.0 47.0
WheatHead 729.0 529.0 757.0 599.0
WheatHead 364.0 561.0 415.0 638.0
WheatHead 285.0 237.0 375.0 290.0
WheatHead 266.0 50.0 322.0 117.0
WheatHead 390.0 897.0 451.0 959.0
WheatHead 450.0 364.0 558.0 401.0
WheatHead 548.0 789.0 621.0 860.0
WheatHead 864.0 499.0 913.0 562.0
WheatHead 430.0 0.0 483.0 53.0
WheatHead 38.0 516.0 99.0 606.0
WheatHead 721.0 390.0 772.0 504.0
WheatHead 897.0 1.0 944.0 47.0
WheatHead 148.0 746.0 219.0 776.0
WheatHead 159.0 424.0 226.0 457.0
WheatHead 77.0 551.0 144.0 611.0
WheatHead 211.0 98.0 251.0 147.0
WheatHead 50.0 789.0 114.0 834.0
WheatHead 724.0 618.0 800.0 663.0
WheatHead 0.0 543.0 53.0 592.0
WheatHead 671.0 326.0 735.0 380.0
WheatHead 812.0 273.0 836.0 338.0
WheatHead 303.0 645.0 360.0 697.0
WheatHead 206.0 563.0 303.0 630.0
WheatHead 994.0 921.0 1020.0 997.0
WheatHead 15.0 977.0 65.0 1022.0
WheatHead 480.0 891.0 525.0 942.0
WheatHead 628.0 274.0 670.0 329.0
WheatHead 830.0 404.0 887.0 443.0
WheatHead 666.0 1008.0 724.0 1024.0
WheatHead 352.0 853.0 379.0 922.0
WheatHead 434.0 445.0 506.0 540.0
WheatHead 73.0 539.0 143.0 596.0
WheatHead 348.0 705.0 420.0 723.0
WheatHead 333.0 598.0 357.0 663.0
WheatHead 0.0 996.0 25.0 1022.0
WheatHead 561.0 43.0 598.0 96.0
WheatHead 912.0 574.0 943.0 648.0
WheatHead 992.0 311.0 1022.0 361.0
WheatHead 374.0 1.0 420.0 53.0
WheatHead 16.0 163.0 55.0 207.0
WheatHead 360.0 622.0 391.0 707.0
WheatHead 1002.0 527.0 1024.0 603.0
WheatHead 753.0 1.0 797.0 28.0
WheatHead 47.0 688.0 128.0 735.0
WheatHead 300.0 563.0 357.0 604.0
WheatHead 727.0 162.0 815.0 236.0
WheatHead 679.0 838.0 712.0 906.0
WheatHead 702.0 921.0 762.0 967.0
WheatHead 380.0 990.0 445.0 1020.0
WheatHead 0.0 714.0 27.0 751.0
