WheatHead 961.0 344.0 1018.0 438.0
WheatHead 722.0 200.0 804.0 320.0
WheatHead 438.0 451.0 524.0 551.0
WheatHead 596.0 262.0 658.0 354.0
WheatHead 333.0 308.0 395.0 404.0
WheatHead 277.0 638.0 364.0 756.0
WheatHead 864.0 206.0 936.0 350.0
WheatHead 865.0 806.0 929.0 914.0
WheatHead 924.0 533.0 1006.0 637.0
WheatHead 862.0 593.0 921.0 684.0
WheatHead 181.0 191.0 300.0 311.0
WheatHead 73.0 939.0 232.0 1009.0
WheatHead 64.0 308.0 150.0 402.0
WheatHead 473.0 339.0 550.0 431.0
WheatHead 117.0 551.0 161.0 689.0
WheatHead 733.0 20.0 785.0 96.0
WheatHead 310.0 527.0 364.0 626.0
WheatHead 785.0 39.0 835.0 202.0
WheatHead 98.0 509.0 215.0 583.0
WheatHead 607.0 552.0 729.0 630.0
WheatHead 43.0 133.0 129.0 228.0
WheatHead 852.0 847.0 912.0 961.0
WheatHead 585.0 72.0 681.0 192.0
WheatHead 54.0 202.0 126.0 275.0
WheatHead 228.0 173.0 349.0 300.0
WheatHead 154.0 721.0 231.0 793.0
WheatHead 90.0 60.0 204.0 131.0
WheatHead 271.0 334.0 348.0 404.0
WheatHead 466.0 696.0 531.0 770.0
WheatHead 2.0 256.0 73.0 319.0
WheatHead 778.0 719.0 831.0 802.0
WheatHead 226.0 17.0 320.0 142.0
WheatHead 524.0 0.0 584.0 62.0
WheatHead 457.0 815.0 510.0 944.0
WheatHead 753.0 378.0 804.0 442.0
WheatHead 6.0 218.0 70.0 285.0
WheatHead 53.0 398.0 143.0 449.0
WheatHead 881.0 0.0 950.0 53.0
WheatHead 664.0 738.0 775.0 799.0
WheatHead 572.0 0.0 621.0 61.0
WheatHead 270.0 385.0 370.0 486.0
WheatHead 779.0 514.0 815.0 588.0
WheatHead 908.0 676.0 951.0 782.0
WheatHead 2.0 814.0 123.0 877.0
WheatHead 857.0 506.0 902.0 584.0
WheatHead 649.0 993.0 715.0 1024.0
WheatHead 70.0 270.0 159.0 380.0
WheatHead 714.0 668.0 807.0 720.0
WheatHead 982.0 908.0 1024.0 969.0
WheatHead 548.0 391.0 630.0 442.0
WheatHead 601.0 624.0 674.0 697.0
WheatHead 59.0 986.0 122.0 1024.0
WheatHead 995.0 733.0 1024.0 803.0
WheatHead 606.0 0.0 679.0 27.0
WheatHead 369.0 217.0 453.0 323.0
WheatHead 746.0 517.0 862.0 724.0
WheatHead 845.0 714.0 888.0 774.0
WheatHead 412.0 869.0 472.0 929.0
WheatHead 664.0 656.0 736.0 735.0
WheatHead 263.0 12.0 303.0 82.0
WheatHead 463.0 933.0 574.0 1019.0
WheatHead 476.0 983.0 532.0 1022.0
WheatHead 99.0 908.0 145.0 946.0
