WheatHead 614.0 360.0 677.0 453.0
WheatHead 195.0 352.0 324.0 436.0
WheatHead 768.0 763.0 828.0 846.0
WheatHead 491.0 939.0 562.0 1022.0
WheatHead 877.0 195.0 932.0 275.0
WheatHead 316.0 270.0 409.0 360.0
WheatHead 694.0 32.0 779.0 118.0
WheatHead 244.0 487.0 319.0 540.0
WheatHead 263.0 663.0 349.0 727.0
WheatHead 1008.0 395.0 1024.0 441.0
WheatHead 356.0 584.0 462.0 709.0
WheatHead 873.0 327.0 920.0 468.0
WheatHead 434.0 49.0 573.0 124.0
WheatHead 659.0 167.0 740.0 249.0
WheatHead 492.0 0.0 543.0 76.0
WheatHead 891.0 637.0 983.0 744.0
WheatHead 693.0 720.0 761.0 804.0
WheatHead 375.0 28.0 472.0 124.0
WheatHead 853.0 4.0 928.0 83.0
WheatHead 946.0 174.0 998.0 251.0
WheatHead 585.0 539.0 699.0 580.0
WheatHead 821.0 391.0 873.0 485.0
WheatHead 850.0 64.0 940.0 121.0
WheatHead 88.0 177.0 159.0 243.0
WheatHead 365.0 875.0 468.0 913.0
WheatHead 189.0 886.0 307.0 968.0
WheatHead 502.0 288.0 535.0 360.0
WheatHead 356.0 806.0 426.0 864.0
WheatHead 695.0 412.0 763.0 501.0
WheatHead 387.0 91.0 479.0 176.0
WheatHead 0.0 49.0 73.0 154.0
WheatHead 965.0 315.0 1018.0 371.0
WheatHead 584.0 854.0 677.0 898.0
WheatHead 995.0 169.0 1024.0 251.0
WheatHead 767.0 0.0 819.0 45.0
WheatHead 962.0 879.0 1017.0 933.0
WheatHead 484.0 800.0 604.0 906.0
WheatHead 735.0 641.0 817.0 711.0
WheatHead 998.0 699.0 1024.0 733.0
WheatHead 948.0 25.0 1024.0 79.0
WheatHead 511.0 395.0 601.0 450.0
WheatHead 663.0 115.0 783.0 172.0
WheatHead 604.0 506.0 696.0 551.0
WheatHead 54.0 506.0 138.0 556.0
WheatHead 4.0 0.0 122.0 84.0
WheatHead 985.0 548.0 1024.0 599.0
WheatHead 221.0 131.0 294.0 179.0
WheatHead 0.0 428.0 58.0 479.0
WheatHead 0.0 746.0 140.0 804.0
WheatHead 200.0 722.0 275.0 762.0
WheatHead 72.0 995.0 114.0 1024.0
WheatHead 733.0 575.0 862.0 719.0
WheatHead 655.0 79.0 723.0 139.0
WheatHead 458.0 685.0 618.0 731.0
WheatHead 30.0 255.0 114.0 316.0
WheatHead 81.0 794.0 154.0 846.0
WheatHead 918.0 937.0 979.0 967.0
WheatHead 458.0 566.0 599.0 704.0
WheatHead 778.0 966.0 827.0 1024.0
WheatHead 839.0 622.0 905.0 692.0
WheatHead 963.0 341.0 1004.0 413.0
WheatHead 621.0 281.0 728.0 325.0
WheatHead 483.0 720.0 578.0 756.0
WheatHead 489.0 842.0 543.0 886.0
WheatHead 88.0 1.0 128.0 50.0
WheatHead 13.0 808.0 84.0 845.0
WheatHead 151.0 999.0 193.0 1024.0
WheatHead 0.0 155.0 33.0 201.0
WheatHead 121.0 151.0 158.0 212.0
WheatHead 103.0 586.0 216.0 880.0
WheatHead 906.0 397.0 1000.0 444.0
