WheatHead 714.0 559.0 865.0 806.0
WheatHead 603.0 648.0 706.0 784.0
WheatHead 67.0 935.0 262.0 1015.0
WheatHead 468.0 522.0 726.0 710.0
WheatHead 871.0 573.0 999.0 662.0
WheatHead 54.0 838.0 215.0 917.0
WheatHead 502.0 156.0 605.0 275.0
WheatHead 799.0 237.0 923.0 329.0
WheatHead 906.0 660.0 1024.0 867.0
WheatHead 717.0 54.0 840.0 197.0
WheatHead 134.0 54.0 309.0 155.0
WheatHead 685.0 396.0 906.0 482.0
WheatHead 94.0 218.0 301.0 318.0
WheatHead 217.0 935.0 350.0 1005.0
WheatHead 0.0 871.0 163.0 953.0
WheatHead 220.0 155.0 323.0 197.0
WheatHead 294.0 107.0 371.0 202.0
WheatHead 840.0 312.0 945.0 383.0
WheatHead 944.0 283.0 1021.0 370.0
WheatHead 857.0 509.0 960.0 589.0
WheatHead 729.0 690.0 811.0 819.0
WheatHead 519.0 886.0 567.0 933.0
