WheatHead 152.0 263.0 257.0 318.0
WheatHead 147.0 473.0 247.0 559.0
WheatHead 312.0 214.0 396.0 306.0
WheatHead 413.0 259.0 494.0 325.0
WheatHead 545.0 166.0 645.0 275.0
WheatHead 745.0 150.0 858.0 314.0
WheatHead 879.0 54.0 964.0 190.0
WheatHead 925.0 209.0 1024.0 324.0
WheatHead 943.0 336.0 1024.0 387.0
WheatHead 792.0 366.0 914.0 535.0
WheatHead 950.0 453.0 1024.0 522.0
WheatHead 988.0 757.0 1024.0 1007.0
WheatHead 606.0 393.0 745.0 455.0
WheatHead 524.0 343.0 701.0 470.0
WheatHead 370.0 95.0 443.0 192.0
WheatHead 281.0 0.0 450.0 107.0
WheatHead 190.0 133.0 299.0 251.0
WheatHead 38.0 322.0 99.0 379.0
WheatHead 19.0 251.0 93.0 312.0
WheatHead 0.0 86.0 180.0 211.0
WheatHead 0.0 0.0 190.0 92.0
WheatHead 0.0 467.0 88.0 525.0
WheatHead 266.0 707.0 417.0 787.0
WheatHead 468.0 850.0 574.0 906.0
WheatHead 193.0 841.0 279.0 927.0
WheatHead 705.0 858.0 844.0 922.0
WheatHead 0.0 605.0 194.0 710.0
WheatHead 412.0 957.0 530.0 1024.0
WheatHead 840.0 786.0 891.0 822.0
WheatHead 574.0 706.0 630.0 751.0
WheatHead 743.0 335.0 787.0 375.0
WheatHead 0.0 930.0 129.0 1019.0
WheatHead 122.0 409.0 194.0 461.0
