WheatHead 3.0 136.0 78.0 253.0
WheatHead 0.0 326.0 40.0 406.0
WheatHead 36.0 283.0 136.0 368.0
WheatHead 25.0 397.0 94.0 461.0
WheatHead 225.0 479.0 349.0 590.0
WheatHead 228.0 407.0 291.0 473.0
WheatHead 439.0 296.0 494.0 356.0
WheatHead 497.0 394.0 574.0 481.0
WheatHead 0.0 649.0 50.0 740.0
WheatHead 123.0 652.0 188.0 750.0
WheatHead 0.0 793.0 62.0 884.0
WheatHead 106.0 730.0 166.0 832.0
WheatHead 320.0 675.0 393.0 769.0
WheatHead 342.0 850.0 448.0 925.0
WheatHead 4.0 985.0 101.0 1024.0
WheatHead 134.0 986.0 220.0 1024.0
WheatHead 188.0 907.0 270.0 989.0
WheatHead 375.0 995.0 440.0 1024.0
WheatHead 390.0 920.0 472.0 989.0
WheatHead 733.0 953.0 795.0 1019.0
WheatHead 917.0 861.0 1016.0 939.0
WheatHead 949.0 765.0 1022.0 861.0
WheatHead 943.0 712.0 1000.0 781.0
WheatHead 860.0 815.0 923.0 884.0
WheatHead 600.0 745.0 653.0 817.0
WheatHead 502.0 741.0 579.0 835.0
WheatHead 460.0 649.0 525.0 726.0
WheatHead 725.0 587.0 830.0 690.0
WheatHead 620.0 531.0 693.0 589.0
WheatHead 723.0 453.0 814.0 535.0
WheatHead 805.0 485.0 888.0 546.0
WheatHead 635.0 467.0 684.0 526.0
WheatHead 594.0 378.0 655.0 450.0
WheatHead 573.0 283.0 661.0 383.0
WheatHead 657.0 384.0 721.0 460.0
WheatHead 723.0 278.0 790.0 436.0
WheatHead 788.0 342.0 858.0 430.0
WheatHead 860.0 326.0 925.0 414.0
WheatHead 947.0 291.0 1024.0 385.0
WheatHead 743.0 211.0 817.0 287.0
WheatHead 865.0 173.0 925.0 264.0
WheatHead 803.0 236.0 867.0 311.0
WheatHead 757.0 89.0 821.0 171.0
WheatHead 693.0 38.0 748.0 124.0
WheatHead 896.0 46.0 972.0 113.0
WheatHead 863.0 0.0 929.0 47.0
WheatHead 369.0 41.0 461.0 108.0
WheatHead 333.0 0.0 454.0 31.0
WheatHead 134.0 72.0 187.0 148.0
WheatHead 17.0 933.0 114.0 1001.0
WheatHead 892.0 506.0 982.0 571.0
WheatHead 0.0 440.0 24.0 523.0
WheatHead 896.0 991.0 968.0 1024.0
