WheatHead 654.0 156.0 746.0 225.0
WheatHead 127.0 0.0 205.0 35.0
WheatHead 316.0 0.0 411.0 64.0
WheatHead 8.0 174.0 67.0 241.0
WheatHead 103.0 271.0 147.0 330.0
WheatHead 298.0 334.0 392.0 392.0
WheatHead 400.0 444.0 450.0 509.0
WheatHead 845.0 403.0 956.0 470.0
WheatHead 621.0 447.0 720.0 507.0
WheatHead 673.0 392.0 721.0 439.0
WheatHead 574.0 378.0 624.0 434.0
WheatHead 970.0 335.0 1008.0 394.0
WheatHead 975.0 568.0 1024.0 650.0
WheatHead 980.0 673.0 1024.0 762.0
WheatHead 0.0 440.0 53.0 497.0
WheatHead 2.0 516.0 88.0 569.0
WheatHead 167.0 726.0 225.0 799.0
WheatHead 402.0 796.0 480.0 860.0
WheatHead 509.0 718.0 580.0 785.0
WheatHead 529.0 797.0 623.0 878.0
WheatHead 608.0 819.0 664.0 885.0
WheatHead 707.0 821.0 774.0 901.0
WheatHead 791.0 837.0 886.0 918.0
WheatHead 947.0 915.0 1022.0 1005.0
WheatHead 802.0 904.0 897.0 1016.0
WheatHead 439.0 947.0 511.0 1008.0
WheatHead 301.0 952.0 393.0 1012.0
WheatHead 189.0 792.0 281.0 894.0
WheatHead 71.0 800.0 152.0 855.0
WheatHead 52.0 880.0 113.0 939.0
WheatHead 894.0 853.0 1005.0 946.0
WheatHead 972.0 302.0 1011.0 341.0
WheatHead 671.0 6.0 728.0 57.0
WheatHead 493.0 8.0 529.0 47.0
WheatHead 181.0 98.0 222.0 137.0
WheatHead 225.0 58.0 271.0 105.0
WheatHead 222.0 87.0 275.0 141.0
WheatHead 406.0 65.0 451.0 101.0
WheatHead 366.0 93.0 455.0 143.0
WheatHead 513.0 51.0 540.0 110.0
WheatHead 528.0 0.0 560.0 61.0
WheatHead 974.0 1.0 1024.0 37.0
WheatHead 985.0 44.0 1024.0 85.0
WheatHead 330.0 123.0 427.0 226.0
WheatHead 463.0 148.0 545.0 250.0
WheatHead 430.0 221.0 494.0 303.0
WheatHead 153.0 267.0 230.0 343.0
WheatHead 67.0 342.0 140.0 392.0
WheatHead 151.0 383.0 212.0 468.0
WheatHead 217.0 400.0 275.0 449.0
WheatHead 369.0 396.0 417.0 479.0
WheatHead 621.0 357.0 669.0 416.0
WheatHead 818.0 306.0 903.0 351.0
WheatHead 924.0 487.0 971.0 537.0
WheatHead 808.0 368.0 883.0 414.0
WheatHead 697.0 497.0 778.0 545.0
WheatHead 697.0 562.0 837.0 618.0
WheatHead 796.0 612.0 847.0 647.0
WheatHead 551.0 546.0 612.0 612.0
WheatHead 609.0 574.0 650.0 619.0
WheatHead 628.0 604.0 674.0 661.0
WheatHead 4.0 571.0 60.0 629.0
WheatHead 286.0 557.0 356.0 610.0
WheatHead 218.0 548.0 285.0 603.0
WheatHead 172.0 517.0 241.0 563.0
WheatHead 199.0 621.0 256.0 665.0
WheatHead 93.0 614.0 135.0 653.0
WheatHead 448.0 582.0 514.0 656.0
WheatHead 369.0 616.0 437.0 677.0
WheatHead 256.0 673.0 401.0 728.0
WheatHead 405.0 714.0 450.0 776.0
WheatHead 33.0 660.0 93.0 708.0
WheatHead 54.0 741.0 118.0 782.0
WheatHead 217.0 503.0 267.0 542.0
WheatHead 539.0 652.0 594.0 704.0
WheatHead 585.0 655.0 672.0 733.0
WheatHead 283.0 826.0 331.0 884.0
WheatHead 458.0 841.0 520.0 901.0
WheatHead 527.0 894.0 616.0 970.0
WheatHead 603.0 921.0 675.0 1007.0
