WheatHead 681.0 596.0 746.0 693.0
WheatHead 303.0 678.0 372.0 776.0
WheatHead 595.0 539.0 671.0 629.0
WheatHead 815.0 948.0 925.0 1014.0
WheatHead 812.0 326.0 882.0 436.0
WheatHead 839.0 577.0 943.0 724.0
WheatHead 406.0 523.0 553.0 584.0
WheatHead 273.0 794.0 396.0 875.0
WheatHead 450.0 90.0 543.0 197.0
WheatHead 273.0 410.0 345.0 537.0
WheatHead 221.0 544.0 339.0 630.0
WheatHead 946.0 409.0 1024.0 483.0
WheatHead 15.0 154.0 153.0 253.0
WheatHead 0.0 614.0 70.0 723.0
WheatHead 611.0 1.0 734.0 111.0
WheatHead 808.0 228.0 846.0 337.0
WheatHead 692.0 732.0 815.0 802.0
WheatHead 386.0 196.0 531.0 294.0
WheatHead 432.0 827.0 531.0 913.0
WheatHead 720.0 984.0 801.0 1024.0
WheatHead 622.0 286.0 703.0 365.0
WheatHead 277.0 267.0 370.0 359.0
WheatHead 162.0 0.0 228.0 55.0
WheatHead 548.0 946.0 626.0 1024.0
WheatHead 607.0 959.0 652.0 1022.0
WheatHead 166.0 577.0 251.0 667.0
WheatHead 856.0 509.0 933.0 595.0
WheatHead 322.0 368.0 406.0 503.0
WheatHead 35.0 584.0 131.0 701.0
WheatHead 0.0 434.0 84.0 509.0
WheatHead 214.0 710.0 310.0 772.0
WheatHead 983.0 309.0 1024.0 383.0
WheatHead 883.0 449.0 988.0 565.0
WheatHead 655.0 0.0 716.0 70.0
WheatHead 580.0 81.0 660.0 221.0
WheatHead 1007.0 263.0 1024.0 342.0
WheatHead 95.0 475.0 225.0 584.0
WheatHead 425.0 236.0 514.0 353.0
WheatHead 972.0 973.0 1024.0 1022.0
WheatHead 96.0 167.0 167.0 244.0
WheatHead 0.0 266.0 62.0 330.0
WheatHead 173.0 890.0 277.0 953.0
WheatHead 110.0 862.0 210.0 965.0
WheatHead 208.0 118.0 278.0 157.0
WheatHead 790.0 603.0 845.0 669.0
WheatHead 96.0 720.0 204.0 772.0
WheatHead 376.0 80.0 445.0 170.0
WheatHead 472.0 925.0 533.0 970.0
WheatHead 565.0 0.0 622.0 62.0
WheatHead 0.0 819.0 57.0 887.0
WheatHead 222.0 308.0 319.0 359.0
WheatHead 432.0 555.0 513.0 622.0
WheatHead 908.0 775.0 952.0 888.0
WheatHead 0.0 539.0 131.0 588.0
WheatHead 212.0 345.0 281.0 387.0
WheatHead 271.0 356.0 344.0 439.0
WheatHead 55.0 946.0 129.0 980.0
WheatHead 83.0 423.0 182.0 493.0
WheatHead 354.0 59.0 533.0 100.0
WheatHead 846.0 732.0 987.0 790.0
WheatHead 409.0 0.0 462.0 30.0
WheatHead 754.0 99.0 861.0 140.0
WheatHead 7.0 214.0 92.0 253.0
WheatHead 621.0 211.0 686.0 311.0
WheatHead 946.0 752.0 1024.0 789.0
WheatHead 989.0 567.0 1024.0 634.0
WheatHead 660.0 278.0 723.0 352.0
WheatHead 578.0 699.0 687.0 770.0
WheatHead 879.0 58.0 943.0 110.0
WheatHead 989.0 501.0 1018.0 591.0
WheatHead 794.0 692.0 827.0 750.0
WheatHead 147.0 920.0 309.0 1024.0
WheatHead 48.0 269.0 234.0 478.0
