WheatHead 876.0 0.0 964.0 16.0
WheatHead 1004.0 587.0 1024.0 691.0
WheatHead 940.0 220.0 1024.0 311.0
WheatHead 809.0 126.0 905.0 248.0
WheatHead 688.0 267.0 759.0 375.0
WheatHead 601.0 185.0 689.0 348.0
WheatHead 799.0 274.0 840.0 335.0
WheatHead 756.0 379.0 823.0 436.0
WheatHead 839.0 382.0 896.0 436.0
WheatHead 477.0 569.0 583.0 683.0
WheatHead 336.0 551.0 406.0 626.0
WheatHead 131.0 483.0 259.0 574.0
WheatHead 65.0 207.0 196.0 381.0
WheatHead 212.0 161.0 292.0 326.0
WheatHead 352.0 263.0 440.0 470.0
WheatHead 0.0 308.0 52.0 415.0
WheatHead 2.0 0.0 152.0 70.0
WheatHead 73.0 27.0 209.0 95.0
WheatHead 356.0 0.0 422.0 115.0
WheatHead 295.0 65.0 409.0 132.0
WheatHead 726.0 732.0 797.0 863.0
WheatHead 544.0 709.0 617.0 782.0
WheatHead 303.0 665.0 397.0 752.0
WheatHead 179.0 742.0 251.0 786.0
WheatHead 102.0 748.0 177.0 867.0
WheatHead 0.0 744.0 58.0 826.0
WheatHead 376.0 775.0 439.0 835.0
WheatHead 375.0 880.0 451.0 961.0
WheatHead 136.0 874.0 284.0 950.0
WheatHead 0.0 946.0 39.0 1008.0
WheatHead 0.0 841.0 42.0 914.0
WheatHead 512.0 813.0 600.0 870.0
WheatHead 580.0 839.0 624.0 967.0
WheatHead 715.0 864.0 838.0 975.0
WheatHead 843.0 928.0 971.0 989.0
WheatHead 668.0 974.0 802.0 1024.0
WheatHead 880.0 726.0 981.0 864.0
WheatHead 857.0 435.0 924.0 499.0
WheatHead 992.0 42.0 1024.0 137.0
WheatHead 187.0 713.0 348.0 883.0
