WheatHead 214.0 24.0 307.0 94.0
WheatHead 159.0 550.0 232.0 652.0
WheatHead 510.0 685.0 569.0 782.0
WheatHead 170.0 461.0 241.0 540.0
WheatHead 845.0 486.0 943.0 558.0
WheatHead 968.0 714.0 1021.0 817.0
WheatHead 935.0 79.0 1022.0 217.0
WheatHead 584.0 812.0 655.0 898.0
WheatHead 102.0 290.0 199.0 412.0
WheatHead 929.0 339.0 1006.0 441.0
WheatHead 865.0 155.0 936.0 228.0
WheatHead 25.0 0.0 77.0 79.0
WheatHead 0.0 79.0 94.0 191.0
WheatHead 169.0 79.0 219.0 196.0
WheatHead 793.0 197.0 887.0 254.0
WheatHead 333.0 334.0 421.0 527.0
WheatHead 688.0 251.0 765.0 331.0
WheatHead 656.0 430.0 693.0 507.0
WheatHead 0.0 281.0 79.0 395.0
WheatHead 462.0 207.0 550.0 312.0
WheatHead 745.0 333.0 812.0 428.0
WheatHead 651.0 517.0 709.0 589.0
WheatHead 693.0 96.0 752.0 205.0
WheatHead 0.0 481.0 31.0 629.0
WheatHead 427.0 126.0 466.0 212.0
WheatHead 707.0 490.0 750.0 613.0
WheatHead 227.0 605.0 347.0 691.0
WheatHead 907.0 592.0 1019.0 656.0
WheatHead 223.0 265.0 386.0 330.0
WheatHead 804.0 778.0 909.0 834.0
WheatHead 541.0 0.0 582.0 64.0
WheatHead 606.0 928.0 656.0 1024.0
WheatHead 0.0 870.0 123.0 945.0
WheatHead 649.0 154.0 699.0 254.0
WheatHead 877.0 363.0 920.0 494.0
WheatHead 887.0 10.0 925.0 75.0
WheatHead 496.0 557.0 673.0 604.0
WheatHead 144.0 228.0 321.0 279.0
WheatHead 0.0 3.0 19.0 40.0
WheatHead 147.0 922.0 222.0 965.0
WheatHead 772.0 821.0 812.0 908.0
WheatHead 299.0 847.0 408.0 927.0
WheatHead 510.0 976.0 563.0 1024.0
WheatHead 554.0 221.0 630.0 288.0
WheatHead 590.0 751.0 669.0 787.0
WheatHead 815.0 824.0 911.0 866.0
WheatHead 154.0 970.0 195.0 1024.0
WheatHead 954.0 0.0 1003.0 25.0
WheatHead 540.0 86.0 580.0 139.0
WheatHead 258.0 829.0 318.0 872.0
WheatHead 402.0 0.0 438.0 36.0
WheatHead 236.0 954.0 281.0 987.0
WheatHead 435.0 427.0 481.0 531.0
WheatHead 519.0 659.0 604.0 698.0
WheatHead 0.0 992.0 61.0 1024.0
WheatHead 148.0 694.0 193.0 759.0
WheatHead 999.0 300.0 1024.0 383.0
WheatHead 472.0 457.0 501.0 543.0
WheatHead 659.0 340.0 711.0 468.0
WheatHead 17.0 518.0 64.0 559.0
WheatHead 274.0 682.0 314.0 731.0
WheatHead 775.0 552.0 815.0 655.0
WheatHead 698.0 365.0 793.0 507.0
