WheatHead 3.0 146.0 154.0 263.0
WheatHead 862.0 744.0 957.0 832.0
WheatHead 537.0 299.0 647.0 376.0
WheatHead 616.0 647.0 741.0 794.0
WheatHead 714.0 386.0 824.0 488.0
WheatHead 253.0 509.0 348.0 647.0
WheatHead 776.0 463.0 977.0 613.0
WheatHead 0.0 504.0 79.0 616.0
WheatHead 350.0 670.0 467.0 829.0
WheatHead 521.0 517.0 710.0 615.0
WheatHead 222.0 0.0 396.0 89.0
WheatHead 822.0 615.0 945.0 689.0
WheatHead 821.0 25.0 1024.0 139.0
WheatHead 0.0 573.0 46.0 768.0
WheatHead 40.0 432.0 220.0 547.0
WheatHead 576.0 833.0 686.0 918.0
WheatHead 372.0 831.0 493.0 911.0
WheatHead 212.0 325.0 289.0 397.0
WheatHead 0.0 907.0 99.0 1024.0
WheatHead 683.0 906.0 837.0 1024.0
WheatHead 291.0 629.0 358.0 719.0
WheatHead 0.0 716.0 232.0 872.0
WheatHead 499.0 0.0 629.0 74.0
WheatHead 565.0 106.0 883.0 216.0
WheatHead 176.0 816.0 330.0 949.0
WheatHead 414.0 0.0 509.0 43.0
WheatHead 409.0 966.0 498.0 1024.0
WheatHead 788.0 153.0 952.0 258.0
WheatHead 156.0 724.0 243.0 788.0
WheatHead 698.0 56.0 872.0 201.0
