WheatHead 747.0 680.0 880.0 760.0
WheatHead 153.0 335.0 248.0 414.0
WheatHead 213.0 50.0 318.0 147.0
WheatHead 915.0 581.0 1024.0 660.0
WheatHead 468.0 875.0 565.0 952.0
WheatHead 5.0 138.0 94.0 248.0
WheatHead 271.0 803.0 386.0 948.0
WheatHead 832.0 509.0 954.0 606.0
WheatHead 407.0 128.0 486.0 212.0
WheatHead 332.0 647.0 427.0 732.0
WheatHead 281.0 343.0 376.0 417.0
WheatHead 798.0 808.0 967.0 960.0
WheatHead 819.0 48.0 934.0 125.0
WheatHead 537.0 0.0 663.0 35.0
WheatHead 276.0 268.0 378.0 345.0
WheatHead 801.0 286.0 965.0 373.0
WheatHead 337.0 517.0 414.0 593.0
WheatHead 0.0 576.0 64.0 680.0
WheatHead 358.0 742.0 448.0 824.0
WheatHead 737.0 145.0 832.0 212.0
WheatHead 665.0 337.0 796.0 412.0
WheatHead 447.0 748.0 537.0 825.0
WheatHead 0.0 872.0 89.0 944.0
WheatHead 678.0 599.0 824.0 670.0
WheatHead 619.0 112.0 727.0 189.0
WheatHead 593.0 220.0 801.0 307.0
WheatHead 624.0 533.0 773.0 600.0
WheatHead 564.0 826.0 656.0 931.0
WheatHead 573.0 706.0 704.0 783.0
WheatHead 901.0 399.0 1006.0 455.0
WheatHead 491.0 204.0 614.0 279.0
WheatHead 327.0 223.0 421.0 304.0
WheatHead 734.0 38.0 847.0 104.0
WheatHead 652.0 870.0 796.0 970.0
WheatHead 391.0 837.0 478.0 901.0
WheatHead 652.0 391.0 780.0 463.0
WheatHead 482.0 833.0 557.0 889.0
WheatHead 744.0 929.0 926.0 1023.0
WheatHead 931.0 670.0 1024.0 747.0
WheatHead 442.0 360.0 517.0 432.0
WheatHead 909.0 965.0 1023.0 1024.0
WheatHead 519.0 155.0 615.0 211.0
WheatHead 966.0 200.0 1024.0 251.0
WheatHead 951.0 151.0 1024.0 200.0
WheatHead 932.0 100.0 1021.0 144.0
