WheatHead 0.0 145.0 66.0 243.0
WheatHead 105.0 283.0 189.0 396.0
WheatHead 0.0 272.0 63.0 349.0
WheatHead 0.0 385.0 45.0 474.0
WheatHead 0.0 510.0 102.0 598.0
WheatHead 290.0 433.0 406.0 542.0
WheatHead 463.0 384.0 601.0 492.0
WheatHead 507.0 252.0 573.0 311.0
WheatHead 558.0 278.0 676.0 363.0
WheatHead 650.0 325.0 743.0 404.0
WheatHead 598.0 411.0 701.0 502.0
WheatHead 513.0 534.0 670.0 625.0
WheatHead 473.0 578.0 531.0 652.0
WheatHead 609.0 159.0 736.0 236.0
WheatHead 721.0 224.0 801.0 284.0
WheatHead 838.0 198.0 897.0 349.0
WheatHead 916.0 280.0 993.0 338.0
WheatHead 879.0 358.0 1004.0 459.0
WheatHead 888.0 515.0 1014.0 603.0
WheatHead 737.0 570.0 813.0 657.0
WheatHead 873.0 614.0 989.0 701.0
WheatHead 798.0 671.0 862.0 745.0
WheatHead 857.0 724.0 941.0 802.0
WheatHead 605.0 649.0 654.0 754.0
WheatHead 638.0 623.0 754.0 713.0
WheatHead 454.0 667.0 522.0 740.0
WheatHead 498.0 722.0 572.0 838.0
WheatHead 256.0 868.0 340.0 969.0
WheatHead 161.0 953.0 259.0 1024.0
WheatHead 500.0 0.0 635.0 115.0
WheatHead 937.0 14.0 1009.0 100.0
WheatHead 960.0 177.0 1024.0 262.0
WheatHead 174.0 280.0 292.0 342.0
WheatHead 52.0 0.0 123.0 97.0
WheatHead 415.0 111.0 463.0 179.0
WheatHead 94.0 633.0 185.0 695.0
