WheatHead 285.0 99.0 342.0 200.0
WheatHead 25.0 884.0 107.0 987.0
WheatHead 319.0 598.0 393.0 681.0
WheatHead 117.0 409.0 184.0 505.0
WheatHead 120.0 768.0 204.0 849.0
WheatHead 155.0 587.0 219.0 666.0
WheatHead 0.0 377.0 53.0 462.0
WheatHead 682.0 484.0 731.0 569.0
WheatHead 521.0 25.0 573.0 109.0
WheatHead 148.0 842.0 196.0 913.0
WheatHead 314.0 21.0 371.0 102.0
WheatHead 31.0 481.0 199.0 539.0
WheatHead 0.0 857.0 30.0 921.0
WheatHead 46.0 76.0 70.0 148.0
WheatHead 869.0 496.0 910.0 570.0
WheatHead 613.0 419.0 660.0 505.0
WheatHead 480.0 539.0 543.0 611.0
WheatHead 461.0 932.0 528.0 985.0
WheatHead 218.0 592.0 270.0 655.0
WheatHead 443.0 469.0 514.0 546.0
WheatHead 602.0 547.0 656.0 618.0
WheatHead 462.0 658.0 502.0 729.0
WheatHead 393.0 562.0 480.0 618.0
WheatHead 178.0 28.0 236.0 99.0
WheatHead 370.0 491.0 425.0 570.0
WheatHead 708.0 5.0 737.0 84.0
WheatHead 816.0 263.0 873.0 327.0
WheatHead 260.0 359.0 324.0 427.0
WheatHead 704.0 405.0 745.0 486.0
WheatHead 883.0 2.0 939.0 66.0
WheatHead 897.0 634.0 924.0 715.0
WheatHead 5.0 542.0 79.0 602.0
WheatHead 159.0 200.0 215.0 268.0
WheatHead 936.0 832.0 987.0 910.0
WheatHead 993.0 137.0 1024.0 241.0
WheatHead 315.0 461.0 376.0 503.0
WheatHead 152.0 670.0 218.0 719.0
WheatHead 995.0 1.0 1021.0 70.0
WheatHead 989.0 817.0 1022.0 901.0
WheatHead 789.0 563.0 838.0 630.0
WheatHead 795.0 939.0 868.0 1001.0
WheatHead 853.0 110.0 894.0 193.0
WheatHead 688.0 895.0 741.0 959.0
WheatHead 641.0 802.0 669.0 884.0
WheatHead 790.0 520.0 839.0 588.0
WheatHead 603.0 233.0 634.0 311.0
WheatHead 926.0 640.0 984.0 721.0
WheatHead 510.0 899.0 558.0 950.0
WheatHead 151.0 989.0 184.0 1022.0
WheatHead 659.0 398.0 704.0 473.0
WheatHead 406.0 427.0 471.0 475.0
WheatHead 484.0 774.0 539.0 820.0
WheatHead 378.0 349.0 419.0 417.0
WheatHead 887.7000122070312 801.0 940.0 861.4000244140625
WheatHead 480.0 212.0 537.0 267.0
WheatHead 435.0 0.0 461.0 43.0
WheatHead 567.0 711.0 617.0 759.0
WheatHead 925.0 582.0 985.0 628.0
WheatHead 75.0 516.0 132.0 566.0
WheatHead 783.0 666.0 828.0 733.0
WheatHead 628.0 801.0 652.0 887.0
WheatHead 304.0 359.0 380.0 404.0
WheatHead 603.0 958.0 659.0 981.0
WheatHead 669.0 738.0 716.0 780.0
WheatHead 231.0 666.0 316.0 705.0
WheatHead 776.0 222.0 816.0 289.0
WheatHead 640.0 181.0 699.0 244.0
WheatHead 385.0 593.0 416.0 667.0
WheatHead 398.0 599.0 453.0 655.0
WheatHead 4.0 614.0 51.0 671.0
WheatHead 917.0 775.0 970.0 841.0
WheatHead 317.0 939.0 358.0 980.0
