WheatHead 19.0 27.0 88.0 86.0
WheatHead 0.0 112.0 52.0 186.0
WheatHead 82.0 210.0 204.0 292.0
WheatHead 256.0 116.0 331.0 208.0
WheatHead 314.0 85.0 396.0 152.0
WheatHead 407.0 130.0 493.0 197.0
WheatHead 321.0 197.0 391.0 249.0
WheatHead 344.0 238.0 434.0 322.0
WheatHead 225.0 118.0 286.0 167.0
WheatHead 866.0 115.0 976.0 187.0
WheatHead 744.0 193.0 814.0 246.0
WheatHead 869.0 210.0 965.0 281.0
WheatHead 0.0 487.0 71.0 573.0
WheatHead 161.0 406.0 230.0 485.0
WheatHead 71.0 337.0 175.0 404.0
WheatHead 373.0 369.0 440.0 459.0
WheatHead 432.0 354.0 504.0 455.0
WheatHead 441.0 458.0 504.0 556.0
WheatHead 482.0 296.0 573.0 390.0
WheatHead 583.0 264.0 653.0 359.0
WheatHead 523.0 191.0 591.0 258.0
WheatHead 0.0 628.0 62.0 701.0
WheatHead 0.0 664.0 60.0 755.0
WheatHead 0.0 739.0 53.0 828.0
WheatHead 74.0 684.0 146.0 755.0
WheatHead 137.0 571.0 221.0 651.0
WheatHead 134.0 475.0 205.0 550.0
WheatHead 254.0 606.0 337.0 672.0
WheatHead 21.0 914.0 122.0 1024.0
WheatHead 462.0 563.0 571.0 653.0
WheatHead 627.0 590.0 757.0 669.0
WheatHead 803.0 570.0 890.0 650.0
WheatHead 811.0 406.0 882.0 474.0
WheatHead 686.0 351.0 776.0 438.0
WheatHead 823.0 299.0 900.0 352.0
WheatHead 837.0 676.0 920.0 748.0
WheatHead 627.0 692.0 713.0 774.0
WheatHead 516.0 663.0 628.0 743.0
WheatHead 421.0 796.0 500.0 859.0
WheatHead 384.0 869.0 448.0 925.0
WheatHead 421.0 949.0 493.0 997.0
WheatHead 284.0 967.0 328.0 1016.0
WheatHead 747.0 903.0 841.0 982.0
WheatHead 915.0 885.0 1006.0 949.0
WheatHead 665.0 121.0 736.0 164.0
WheatHead 723.0 80.0 802.0 137.0
WheatHead 384.0 486.0 441.0 558.0
WheatHead 251.0 527.0 328.0 613.0
WheatHead 119.0 34.0 183.0 107.0
