WheatHead 0.0 962.0 68.0 1024.0
WheatHead 0.0 710.0 77.0 800.0
WheatHead 78.0 795.0 166.0 865.0
WheatHead 94.0 848.0 177.0 946.0
WheatHead 186.0 878.0 257.0 979.0
WheatHead 194.0 543.0 303.0 643.0
WheatHead 150.0 415.0 230.0 573.0
WheatHead 18.0 360.0 123.0 446.0
WheatHead 135.0 347.0 217.0 429.0
WheatHead 290.0 498.0 357.0 563.0
WheatHead 495.0 486.0 579.0 583.0
WheatHead 529.0 540.0 616.0 651.0
WheatHead 287.0 820.0 355.0 888.0
WheatHead 593.0 934.0 670.0 1024.0
WheatHead 374.0 963.0 437.0 1019.0
WheatHead 850.0 976.0 929.0 1024.0
WheatHead 980.0 591.0 1024.0 710.0
WheatHead 650.0 460.0 812.0 550.0
WheatHead 734.0 368.0 845.0 440.0
WheatHead 756.0 322.0 917.0 409.0
WheatHead 707.0 266.0 830.0 354.0
WheatHead 578.0 245.0 666.0 327.0
WheatHead 293.0 31.0 363.0 113.0
WheatHead 0.0 123.0 61.0 200.0
WheatHead 564.0 950.0 613.0 1011.0
