WheatHead 0.0 72.0 36.0 173.0
WheatHead 422.0 0.0 485.0 62.0
WheatHead 959.0 0.0 1024.0 58.0
WheatHead 40.0 203.0 105.0 286.0
WheatHead 70.0 328.0 144.0 393.0
WheatHead 98.0 441.0 202.0 557.0
WheatHead 261.0 520.0 317.0 572.0
WheatHead 206.0 522.0 260.0 582.0
WheatHead 139.0 620.0 213.0 668.0
WheatHead 208.0 662.0 292.0 739.0
WheatHead 477.0 518.0 552.0 602.0
WheatHead 605.0 620.0 714.0 706.0
WheatHead 550.0 507.0 623.0 586.0
WheatHead 452.0 321.0 537.0 381.0
WheatHead 404.0 254.0 486.0 295.0
WheatHead 281.0 234.0 346.0 279.0
WheatHead 522.0 141.0 594.0 197.0
WheatHead 694.0 253.0 766.0 344.0
WheatHead 754.0 320.0 841.0 381.0
WheatHead 903.0 277.0 972.0 358.0
WheatHead 870.0 191.0 950.0 253.0
WheatHead 799.0 138.0 852.0 209.0
WheatHead 672.0 447.0 731.0 552.0
WheatHead 754.0 474.0 830.0 548.0
WheatHead 838.0 500.0 901.0 586.0
WheatHead 899.0 493.0 975.0 598.0
WheatHead 960.0 494.0 1024.0 584.0
WheatHead 935.0 403.0 1024.0 486.0
WheatHead 153.0 970.0 243.0 1024.0
WheatHead 595.0 948.0 703.0 1024.0
WheatHead 432.0 871.0 524.0 955.0
WheatHead 340.0 770.0 470.0 833.0
WheatHead 115.0 773.0 204.0 858.0
WheatHead 83.0 717.0 180.0 773.0
WheatHead 518.0 740.0 600.0 799.0
WheatHead 683.0 787.0 803.0 881.0
WheatHead 833.0 744.0 896.0 823.0
WheatHead 978.0 901.0 1024.0 947.0
WheatHead 458.0 364.0 570.0 471.0
WheatHead 806.0 590.0 884.0 656.0
WheatHead 799.0 634.0 879.0 705.0
WheatHead 823.0 129.0 896.0 178.0
WheatHead 128.0 887.0 206.0 954.0
WheatHead 110.0 553.0 209.0 605.0
WheatHead 161.0 191.0 224.0 288.0
WheatHead 222.0 103.0 280.0 167.0
WheatHead 0.0 169.0 63.0 227.0
WheatHead 220.0 869.0 288.0 908.0
