WheatHead 502.0 794.0 594.0 920.0
WheatHead 732.0 381.0 842.0 483.0
WheatHead 432.0 48.0 514.0 140.0
WheatHead 952.0 168.0 1024.0 286.0
WheatHead 816.0 171.0 893.0 289.0
WheatHead 619.0 378.0 709.0 499.0
WheatHead 660.0 481.0 742.0 599.0
WheatHead 472.0 292.0 564.0 447.0
WheatHead 857.0 437.0 1024.0 568.0
WheatHead 491.0 432.0 578.0 519.0
WheatHead 565.0 40.0 652.0 156.0
WheatHead 655.0 675.0 742.0 762.0
WheatHead 737.0 737.0 849.0 847.0
WheatHead 896.0 670.0 1003.0 773.0
WheatHead 624.0 637.0 701.0 719.0
WheatHead 458.0 814.0 521.0 917.0
WheatHead 737.0 145.0 796.0 253.0
WheatHead 831.0 5.0 895.0 75.0
WheatHead 879.0 64.0 932.0 131.0
WheatHead 586.0 311.0 643.0 353.0
