WheatHead 690.0 339.0 798.0 433.0
WheatHead 755.0 433.0 833.0 485.0
WheatHead 610.0 503.0 672.0 600.0
WheatHead 694.0 547.0 785.0 633.0
WheatHead 734.0 652.0 814.0 729.0
WheatHead 803.0 671.0 879.0 742.0
WheatHead 968.0 817.0 1024.0 926.0
WheatHead 620.0 787.0 738.0 859.0
WheatHead 591.0 842.0 646.0 932.0
WheatHead 473.0 949.0 538.0 1017.0
WheatHead 721.0 965.0 780.0 1024.0
WheatHead 908.0 932.0 976.0 1024.0
WheatHead 945.0 410.0 1024.0 500.0
WheatHead 923.0 479.0 993.0 578.0
WheatHead 0.0 265.0 35.0 339.0
WheatHead 107.0 9.0 184.0 74.0
WheatHead 340.0 0.0 422.0 40.0
WheatHead 256.0 167.0 332.0 239.0
WheatHead 826.0 0.0 915.0 81.0
WheatHead 770.0 130.0 884.0 204.0
WheatHead 825.0 225.0 922.0 291.0
WheatHead 968.0 163.0 1024.0 223.0
WheatHead 546.0 0.0 636.0 48.0
WheatHead 18.0 159.0 105.0 215.0
WheatHead 72.0 224.0 189.0 268.0
WheatHead 283.0 266.0 376.0 383.0
WheatHead 382.0 269.0 456.0 344.0
WheatHead 452.0 306.0 541.0 413.0
WheatHead 382.0 344.0 456.0 478.0
WheatHead 225.0 431.0 327.0 499.0
WheatHead 121.0 312.0 216.0 384.0
WheatHead 21.0 279.0 105.0 367.0
WheatHead 75.0 555.0 213.0 608.0
WheatHead 135.0 485.0 215.0 538.0
WheatHead 320.0 537.0 436.0 628.0
WheatHead 162.0 600.0 250.0 689.0
WheatHead 73.0 720.0 166.0 814.0
WheatHead 271.0 788.0 361.0 899.0
WheatHead 150.0 830.0 262.0 981.0
WheatHead 261.0 903.0 368.0 1023.0
WheatHead 119.0 872.0 184.0 943.0
WheatHead 0.0 823.0 130.0 941.0
WheatHead 0.0 800.0 43.0 878.0
WheatHead 538.0 909.0 635.0 1024.0
WheatHead 598.0 965.0 671.0 1024.0
WheatHead 240.0 0.0 316.0 38.0
WheatHead 0.0 917.0 65.0 1013.0
WheatHead 530.0 653.0 598.0 718.0
WheatHead 460.0 520.0 529.0 593.0
WheatHead 744.0 743.0 817.0 818.0
WheatHead 963.0 608.0 1024.0 698.0
WheatHead 111.0 259.0 214.0 307.0
WheatHead 628.0 234.0 681.0 266.0
WheatHead 822.0 109.0 874.0 160.0
WheatHead 609.0 113.0 679.0 183.0
