WheatHead 680.0 152.0 828.0 263.0
WheatHead 591.0 235.0 762.0 363.0
WheatHead 517.0 363.0 638.0 517.0
WheatHead 955.0 366.0 1024.0 486.0
WheatHead 9.0 323.0 137.0 585.0
WheatHead 150.0 175.0 256.0 320.0
WheatHead 296.0 250.0 442.0 384.0
WheatHead 0.0 41.0 45.0 181.0
WheatHead 0.0 672.0 38.0 832.0
WheatHead 152.0 775.0 252.0 907.0
WheatHead 570.0 721.0 709.0 873.0
WheatHead 845.0 732.0 971.0 866.0
WheatHead 453.0 0.0 587.0 34.0
WheatHead 90.0 39.0 182.0 134.0
WheatHead 0.0 247.0 80.0 356.0
WheatHead 650.0 0.0 723.0 93.0
WheatHead 570.0 50.0 624.0 144.0
WheatHead 406.0 147.0 492.0 215.0
WheatHead 445.0 315.0 508.0 453.0
WheatHead 653.0 368.0 756.0 602.0
WheatHead 822.0 597.0 914.0 708.0
WheatHead 523.0 675.0 566.0 779.0
WheatHead 313.0 601.0 401.0 677.0
WheatHead 226.0 633.0 305.0 706.0
WheatHead 309.0 530.0 361.0 590.0
WheatHead 385.0 694.0 486.0 815.0
WheatHead 337.0 849.0 413.0 947.0
WheatHead 534.0 878.0 607.0 992.0
WheatHead 398.0 941.0 458.0 1024.0
WheatHead 754.0 867.0 817.0 978.0
WheatHead 838.0 925.0 897.0 1021.0
WheatHead 900.0 0.0 990.0 51.0
WheatHead 904.0 48.0 970.0 170.0
WheatHead 969.0 286.0 1024.0 368.0
WheatHead 44.0 954.0 86.0 1022.0
WheatHead 0.0 881.0 76.0 1024.0
WheatHead 27.0 550.0 126.0 637.0
