WheatHead 128.0 752.0 222.0 847.0
WheatHead 609.0 248.0 698.0 317.0
WheatHead 972.0 0.0 1024.0 61.0
WheatHead 821.0 15.0 921.0 81.0
WheatHead 762.0 248.0 837.0 335.0
WheatHead 742.0 532.0 819.0 616.0
WheatHead 0.0 514.0 61.0 592.0
WheatHead 606.0 0.0 675.0 28.0
WheatHead 478.0 230.0 540.0 284.0
WheatHead 317.0 430.0 391.0 506.0
WheatHead 30.0 394.0 112.0 460.0
WheatHead 12.0 40.0 89.0 102.0
WheatHead 783.0 350.0 872.0 419.0
WheatHead 458.0 69.0 550.0 143.0
WheatHead 960.0 660.0 1024.0 750.0
WheatHead 284.0 535.0 360.0 611.0
WheatHead 176.0 865.0 261.0 977.0
WheatHead 314.0 343.0 401.0 419.0
WheatHead 378.0 824.0 458.0 926.0
WheatHead 427.0 931.0 509.0 1018.0
WheatHead 176.0 66.0 250.0 128.0
WheatHead 865.0 714.0 972.0 878.0
WheatHead 360.0 235.0 422.0 294.0
WheatHead 327.0 588.0 422.0 668.0
WheatHead 207.0 652.0 276.0 721.0
WheatHead 890.0 294.0 983.0 371.0
WheatHead 427.0 785.0 512.0 878.0
WheatHead 678.0 911.0 755.0 977.0
WheatHead 250.0 117.0 320.0 181.0
WheatHead 985.0 197.0 1024.0 263.0
WheatHead 803.0 834.0 867.0 954.0
WheatHead 878.0 199.0 952.0 261.0
WheatHead 819.0 419.0 898.0 486.0
WheatHead 10.0 683.0 133.0 793.0
WheatHead 332.0 122.0 407.0 186.0
WheatHead 222.0 20.0 302.0 84.0
WheatHead 627.0 76.0 719.0 161.0
WheatHead 657.0 371.0 732.0 432.0
WheatHead 171.0 465.0 250.0 542.0
WheatHead 985.0 263.0 1024.0 330.0
WheatHead 2.0 186.0 94.0 261.0
WheatHead 71.0 944.0 143.0 1024.0
WheatHead 783.0 878.0 844.0 998.0
WheatHead 919.0 888.0 985.0 977.0
WheatHead 938.0 178.0 989.0 240.0
