WheatHead 387.0 461.0 453.0 544.0
WheatHead 417.0 236.0 480.0 334.0
WheatHead 0.0 285.0 110.0 353.0
WheatHead 302.0 925.0 384.0 1011.0
WheatHead 172.0 226.0 247.0 301.0
WheatHead 965.0 396.0 1024.0 474.0
WheatHead 959.0 293.0 1024.0 385.0
WheatHead 413.0 819.0 550.0 918.0
WheatHead 205.0 59.0 323.0 112.0
WheatHead 333.0 0.0 413.0 79.0
WheatHead 475.0 559.0 578.0 672.0
WheatHead 513.0 898.0 625.0 975.0
WheatHead 828.0 709.0 988.0 825.0
WheatHead 0.0 340.0 66.0 426.0
WheatHead 106.0 981.0 232.0 1024.0
WheatHead 848.0 538.0 1019.0 648.0
WheatHead 198.0 495.0 301.0 591.0
WheatHead 446.0 23.0 539.0 119.0
WheatHead 620.0 558.0 804.0 643.0
WheatHead 611.0 905.0 732.0 1003.0
WheatHead 581.0 861.0 708.0 916.0
WheatHead 553.0 787.0 678.0 884.0
WheatHead 715.0 845.0 810.0 932.0
WheatHead 753.0 829.0 876.0 898.0
WheatHead 633.0 713.0 793.0 795.0
WheatHead 547.0 676.0 633.0 742.0
WheatHead 456.0 709.0 580.0 776.0
WheatHead 455.0 748.0 560.0 819.0
WheatHead 955.0 0.0 1024.0 119.0
