WheatHead 14.0 29.0 91.0 118.0
WheatHead 163.0 27.0 221.0 90.0
WheatHead 254.0 0.0 317.0 78.0
WheatHead 462.0 0.0 546.0 53.0
WheatHead 570.0 0.0 628.0 90.0
WheatHead 717.0 0.0 817.0 45.0
WheatHead 816.0 0.0 880.0 104.0
WheatHead 623.0 101.0 765.0 174.0
WheatHead 863.0 115.0 946.0 172.0
WheatHead 0.0 137.0 47.0 197.0
WheatHead 975.0 726.0 1024.0 781.0
WheatHead 172.0 189.0 240.0 247.0
WheatHead 336.0 195.0 400.0 247.0
WheatHead 358.0 123.0 430.0 182.0
WheatHead 428.0 93.0 486.0 160.0
WheatHead 437.0 120.0 529.0 191.0
WheatHead 470.0 310.0 546.0 366.0
WheatHead 600.0 243.0 709.0 313.0
WheatHead 650.0 302.0 740.0 350.0
WheatHead 763.0 291.0 836.0 376.0
WheatHead 776.0 195.0 864.0 249.0
WheatHead 691.0 197.0 792.0 272.0
WheatHead 844.0 56.0 903.0 143.0
WheatHead 0.0 343.0 41.0 397.0
WheatHead 86.0 347.0 205.0 421.0
WheatHead 132.0 279.0 248.0 351.0
WheatHead 242.0 328.0 324.0 370.0
WheatHead 978.0 779.0 1024.0 846.0
WheatHead 377.0 408.0 444.0 466.0
WheatHead 339.0 436.0 393.0 482.0
WheatHead 198.0 451.0 366.0 522.0
WheatHead 414.0 467.0 478.0 504.0
WheatHead 436.0 519.0 556.0 579.0
WheatHead 542.0 499.0 606.0 544.0
WheatHead 631.0 473.0 720.0 533.0
WheatHead 568.0 553.0 651.0 601.0
WheatHead 660.0 571.0 733.0 626.0
WheatHead 766.0 577.0 870.0 644.0
WheatHead 822.0 449.0 945.0 507.0
WheatHead 888.0 516.0 946.0 572.0
WheatHead 881.0 557.0 967.0 610.0
WheatHead 830.0 646.0 899.0 694.0
WheatHead 742.0 653.0 815.0 707.0
WheatHead 0.0 577.0 96.0 634.0
WheatHead 98.0 612.0 176.0 676.0
WheatHead 139.0 563.0 212.0 623.0
WheatHead 281.0 517.0 341.0 562.0
WheatHead 355.0 593.0 418.0 666.0
WheatHead 438.0 589.0 520.0 646.0
WheatHead 463.0 642.0 616.0 718.0
WheatHead 572.0 605.0 636.0 638.0
WheatHead 490.0 677.0 630.0 802.0
WheatHead 555.0 765.0 617.0 881.0
WheatHead 370.0 713.0 430.0 807.0
WheatHead 280.0 785.0 365.0 864.0
WheatHead 653.0 885.0 798.0 946.0
WheatHead 486.0 884.0 645.0 940.0
WheatHead 36.0 777.0 141.0 845.0
WheatHead 71.0 731.0 148.0 806.0
WheatHead 153.0 784.0 232.0 852.0
WheatHead 119.0 878.0 242.0 945.0
WheatHead 209.0 946.0 277.0 1024.0
WheatHead 146.0 974.0 215.0 1024.0
WheatHead 0.0 955.0 82.0 1024.0
WheatHead 331.0 901.0 377.0 963.0
WheatHead 393.0 908.0 463.0 971.0
WheatHead 384.0 985.0 489.0 1024.0
WheatHead 780.0 942.0 851.0 1024.0
WheatHead 851.0 859.0 928.0 914.0
WheatHead 718.0 774.0 814.0 838.0
WheatHead 968.0 692.0 1024.0 741.0
WheatHead 938.0 648.0 1001.0 713.0
WheatHead 112.0 676.0 217.0 735.0
WheatHead 627.0 942.0 716.0 989.0
WheatHead 672.0 972.0 760.0 1024.0
WheatHead 822.0 716.0 904.0 775.0
WheatHead 921.0 562.0 985.0 615.0
WheatHead 745.0 83.0 775.0 119.0
WheatHead 508.0 37.0 558.0 96.0
WheatHead 806.0 860.0 849.0 895.0
WheatHead 442.0 757.0 494.0 805.0
WheatHead 743.0 614.0 798.0 650.0
WheatHead 310.0 155.0 396.0 220.0
WheatHead 35.0 195.0 83.0 247.0
WheatHead 223.0 567.0 269.0 616.0
WheatHead 299.0 554.0 347.0 602.0
WheatHead 962.0 317.0 1024.0 399.0
