WheatHead 261.0 355.0 345.0 504.0
WheatHead 30.0 656.0 135.0 776.0
WheatHead 30.0 23.0 143.0 104.0
WheatHead 140.0 478.0 256.0 632.0
WheatHead 736.0 825.0 832.0 994.0
WheatHead 440.0 499.0 535.0 606.0
WheatHead 709.0 670.0 875.0 814.0
WheatHead 0.0 274.0 143.0 388.0
WheatHead 529.0 688.0 647.0 798.0
WheatHead 893.0 936.0 1016.0 1024.0
WheatHead 896.0 819.0 993.0 911.0
WheatHead 803.0 960.0 890.0 1024.0
WheatHead 184.0 43.0 286.0 182.0
WheatHead 215.0 136.0 313.0 305.0
WheatHead 588.0 253.0 696.0 407.0
WheatHead 645.0 512.0 737.0 637.0
WheatHead 390.0 73.0 452.0 172.0
WheatHead 890.0 471.0 1013.0 647.0
WheatHead 665.0 117.0 752.0 294.0
WheatHead 675.0 314.0 762.0 460.0
WheatHead 507.0 119.0 581.0 211.0
WheatHead 571.0 41.0 671.0 182.0
WheatHead 826.0 35.0 947.0 212.0
WheatHead 847.0 156.0 947.0 258.0
WheatHead 801.0 2.0 898.0 122.0
WheatHead 284.0 678.0 386.0 860.0
WheatHead 867.0 463.0 973.0 581.0
WheatHead 232.0 832.0 307.0 936.0
WheatHead 348.0 852.0 414.0 936.0
WheatHead 381.0 486.0 471.0 555.0
WheatHead 366.0 343.0 445.0 448.0
WheatHead 775.0 712.0 875.0 842.0
WheatHead 95.0 523.0 162.0 646.0
WheatHead 184.0 611.0 273.0 680.0
WheatHead 289.0 593.0 353.0 698.0
WheatHead 54.0 164.0 159.0 238.0
WheatHead 522.0 791.0 609.0 870.0
WheatHead 898.0 404.0 949.0 494.0
WheatHead 680.0 878.0 745.0 999.0
WheatHead 849.0 266.0 916.0 343.0
WheatHead 919.0 179.0 1003.0 304.0
WheatHead 896.0 2.0 967.0 69.0
WheatHead 665.0 35.0 762.0 209.0
WheatHead 441.0 97.0 513.0 232.0
WheatHead 680.0 0.0 742.0 43.0
WheatHead 64.0 506.0 110.0 647.0
WheatHead 275.0 0.0 372.0 122.0
WheatHead 609.0 2.0 680.0 64.0
WheatHead 739.0 512.0 803.0 583.0
WheatHead 20.0 217.0 117.0 263.0
WheatHead 417.0 2.0 483.0 86.0
