WheatHead 871.0 906.0 968.0 957.0
WheatHead 828.0 167.0 931.0 215.0
WheatHead 625.0 854.0 724.0 901.0
WheatHead 9.0 906.0 103.0 962.0
WheatHead 244.0 211.0 375.0 292.0
WheatHead 999.0 288.0 1024.0 322.0
WheatHead 110.0 189.0 228.0 249.0
WheatHead 2.0 60.0 121.0 165.0
WheatHead 466.0 409.0 559.0 447.0
WheatHead 188.0 140.0 293.0 185.0
WheatHead 619.0 121.0 733.0 202.0
WheatHead 762.0 908.0 851.0 977.0
WheatHead 645.0 628.0 742.0 667.0
WheatHead 492.0 340.0 614.0 398.0
WheatHead 847.0 80.0 972.0 181.0
WheatHead 738.0 513.0 836.0 570.0
WheatHead 439.0 580.0 562.0 619.0
WheatHead 585.0 248.0 686.0 300.0
WheatHead 93.0 564.0 215.0 622.0
WheatHead 496.0 953.0 566.0 995.0
WheatHead 775.0 308.0 888.0 360.0
WheatHead 342.0 718.0 484.0 760.0
WheatHead 537.0 462.0 618.0 494.0
WheatHead 66.0 281.0 173.0 316.0
WheatHead 770.0 576.0 902.0 628.0
WheatHead 914.0 701.0 995.0 739.0
WheatHead 432.0 936.0 495.0 966.0
WheatHead 517.0 329.0 629.0 363.0
WheatHead 846.0 961.0 954.0 1013.0
WheatHead 456.0 488.0 524.0 510.0
WheatHead 547.0 959.0 653.0 1003.0
WheatHead 20.0 131.0 126.0 178.0
WheatHead 729.0 206.0 798.0 253.0
WheatHead 319.0 909.0 426.0 947.0
WheatHead 363.0 125.0 522.0 195.0
WheatHead 247.0 858.0 319.0 886.0
WheatHead 311.0 763.0 427.0 793.0
WheatHead 876.0 335.0 990.0 378.0
WheatHead 1.0 607.0 80.0 647.0
WheatHead 453.0 747.0 541.0 783.0
WheatHead 391.0 617.0 468.0 633.0
WheatHead 1.0 646.0 133.0 679.0
WheatHead 868.0 824.0 925.0 883.0
WheatHead 1008.0 611.0 1024.0 630.0
WheatHead 820.0 995.0 921.0 1024.0
WheatHead 278.0 832.0 327.0 862.0
WheatHead 0.0 190.0 61.0 228.0
WheatHead 263.0 614.0 324.0 652.0
WheatHead 711.0 0.0 779.0 35.0
WheatHead 782.0 979.0 843.0 1021.0
WheatHead 187.0 613.0 321.0 656.0
WheatHead 3.0 769.0 129.0 798.0
WheatHead 285.0 561.0 432.0 607.0
WheatHead 232.0 576.0 311.0 609.0
