WheatHead 0.0 334.0 64.0 447.0
WheatHead 188.0 528.0 285.0 635.0
WheatHead 131.0 724.0 257.0 828.0
WheatHead 76.0 817.0 188.0 906.0
WheatHead 246.0 768.0 359.0 918.0
WheatHead 377.0 626.0 496.0 777.0
WheatHead 503.0 645.0 618.0 749.0
WheatHead 505.0 534.0 581.0 647.0
WheatHead 846.0 487.0 966.0 564.0
WheatHead 641.0 683.0 800.0 797.0
WheatHead 667.0 913.0 753.0 995.0
WheatHead 856.0 838.0 1002.0 944.0
WheatHead 371.0 393.0 456.0 471.0
WheatHead 524.0 316.0 641.0 409.0
WheatHead 540.0 169.0 650.0 299.0
WheatHead 737.0 27.0 831.0 246.0
WheatHead 881.0 6.0 1022.0 156.0
WheatHead 270.0 4.0 340.0 114.0
WheatHead 401.0 76.0 480.0 142.0
WheatHead 33.0 0.0 169.0 57.0
WheatHead 14.0 69.0 120.0 180.0
WheatHead 105.0 204.0 201.0 346.0
WheatHead 370.0 233.0 453.0 305.0
WheatHead 676.0 400.0 804.0 498.0
WheatHead 861.0 263.0 936.0 325.0
WheatHead 960.0 323.0 1017.0 430.0
WheatHead 956.0 968.0 1010.0 1024.0
