WheatHead 437.0 51.0 563.0 148.0
WheatHead 865.0 517.0 970.0 609.0
WheatHead 983.0 619.0 1024.0 709.0
WheatHead 81.0 793.0 174.0 883.0
WheatHead 192.0 0.0 281.0 51.0
WheatHead 220.0 38.0 350.0 143.0
WheatHead 51.0 555.0 143.0 622.0
WheatHead 586.0 112.0 670.0 184.0
WheatHead 337.0 650.0 409.0 716.0
WheatHead 768.0 373.0 901.0 442.0
WheatHead 140.0 606.0 215.0 673.0
WheatHead 419.0 637.0 517.0 706.0
WheatHead 947.0 371.0 1024.0 450.0
WheatHead 939.0 921.0 1008.0 970.0
WheatHead 816.0 496.0 893.0 552.0
WheatHead 491.0 248.0 593.0 345.0
WheatHead 673.0 102.0 762.0 184.0
WheatHead 389.0 744.0 468.0 811.0
WheatHead 197.0 304.0 296.0 396.0
WheatHead 596.0 852.0 737.0 965.0
WheatHead 727.0 785.0 849.0 865.0
WheatHead 453.0 363.0 565.0 460.0
WheatHead 12.0 929.0 97.0 1008.0
WheatHead 645.0 481.0 762.0 552.0
WheatHead 463.0 209.0 519.0 258.0
WheatHead 447.0 975.0 521.0 1024.0
WheatHead 950.0 798.0 1024.0 849.0
