WheatHead 335.0 37.0 414.0 123.0
WheatHead 171.0 0.0 254.0 55.0
WheatHead 29.0 0.0 105.0 51.0
WheatHead 426.0 7.0 504.0 94.0
WheatHead 482.0 0.0 572.0 67.0
WheatHead 554.0 0.0 646.0 48.0
WheatHead 616.0 66.0 732.0 139.0
WheatHead 784.0 96.0 848.0 182.0
WheatHead 896.0 146.0 996.0 213.0
WheatHead 916.0 763.0 1002.0 844.0
WheatHead 847.0 755.0 918.0 836.0
WheatHead 918.0 565.0 1015.0 664.0
WheatHead 822.0 387.0 918.0 474.0
WheatHead 643.0 509.0 733.0 586.0
WheatHead 608.0 366.0 744.0 459.0
WheatHead 494.0 475.0 602.0 575.0
WheatHead 354.0 473.0 415.0 567.0
WheatHead 299.0 477.0 381.0 561.0
WheatHead 281.0 230.0 355.0 344.0
WheatHead 557.0 209.0 669.0 283.0
WheatHead 201.0 544.0 271.0 608.0
WheatHead 310.0 616.0 380.0 697.0
WheatHead 257.0 716.0 318.0 777.0
WheatHead 150.0 677.0 217.0 742.0
WheatHead 92.0 713.0 142.0 772.0
WheatHead 6.0 580.0 75.0 649.0
WheatHead 482.0 698.0 627.0 770.0
WheatHead 337.0 739.0 478.0 806.0
WheatHead 462.0 768.0 570.0 848.0
WheatHead 656.0 985.0 737.0 1024.0
WheatHead 337.0 873.0 418.0 945.0
WheatHead 165.0 859.0 251.0 926.0
WheatHead 115.0 754.0 213.0 807.0
WheatHead 432.0 301.0 546.0 377.0
WheatHead 240.0 279.0 463.0 362.0
WheatHead 746.0 687.0 805.0 737.0
