WheatHead 384.0 122.0 506.0 263.0
WheatHead 235.0 204.0 353.0 340.0
WheatHead 232.0 12.0 345.0 107.0
WheatHead 339.0 625.0 386.0 714.0
WheatHead 375.0 521.0 452.0 591.0
WheatHead 862.0 227.0 988.0 337.0
WheatHead 573.0 115.0 698.0 209.0
WheatHead 935.0 722.0 1021.0 772.0
WheatHead 143.0 219.0 243.0 294.0
WheatHead 889.0 503.0 943.0 570.0
WheatHead 156.0 814.0 253.0 916.0
WheatHead 194.0 310.0 258.0 361.0
WheatHead 975.0 501.0 1024.0 657.0
WheatHead 91.0 655.0 165.0 708.0
WheatHead 810.0 667.0 875.0 746.0
WheatHead 239.0 481.0 329.0 549.0
WheatHead 161.0 962.0 279.0 1024.0
WheatHead 826.0 51.0 903.0 143.0
WheatHead 880.0 637.0 962.0 709.0
WheatHead 972.0 83.0 1021.0 172.0
WheatHead 0.0 513.0 38.0 570.0
