WheatHead 845.0 0.0 986.0 28.0
WheatHead 773.0 826.0 849.0 916.0
WheatHead 616.0 286.0 704.0 360.0
WheatHead 801.0 647.0 896.0 768.0
WheatHead 926.0 94.0 1013.0 220.0
WheatHead 834.0 261.0 954.0 345.0
WheatHead 765.0 209.0 875.0 299.0
WheatHead 803.0 906.0 896.0 1024.0
WheatHead 916.0 765.0 1011.0 865.0
WheatHead 732.0 373.0 855.0 432.0
WheatHead 622.0 655.0 711.0 750.0
WheatHead 834.0 38.0 921.0 104.0
WheatHead 665.0 711.0 750.0 793.0
WheatHead 819.0 138.0 942.0 207.0
WheatHead 898.0 76.0 1016.0 120.0
WheatHead 896.0 97.0 1013.0 161.0
WheatHead 732.0 793.0 778.0 844.0
WheatHead 878.0 816.0 957.0 890.0
