WheatHead 248.0 569.0 309.0 656.0
WheatHead 136.0 128.0 253.0 215.0
WheatHead 19.0 428.0 90.0 532.0
WheatHead 811.0 525.0 868.0 600.0
WheatHead 664.0 622.0 752.0 734.0
WheatHead 520.0 165.0 628.0 222.0
WheatHead 245.0 476.0 330.0 548.0
WheatHead 727.0 178.0 794.0 260.0
WheatHead 206.0 844.0 387.0 913.0
WheatHead 860.0 441.0 933.0 506.0
WheatHead 748.0 946.0 906.0 1014.0
WheatHead 613.0 600.0 679.0 659.0
WheatHead 0.0 965.0 46.0 1022.0
WheatHead 133.0 991.0 207.0 1022.0
WheatHead 969.0 126.0 1015.0 200.0
WheatHead 641.0 259.0 724.0 299.0
WheatHead 312.0 462.0 418.0 515.0
WheatHead 548.0 542.0 637.0 581.0
WheatHead 770.0 901.0 845.0 936.0
WheatHead 532.0 989.0 621.0 1022.0
WheatHead 647.0 189.0 756.0 236.0
WheatHead 375.0 301.0 442.0 364.0
WheatHead 466.0 898.0 638.0 954.0
WheatHead 865.0 940.0 987.0 980.0
WheatHead 540.0 651.0 610.0 679.0
WheatHead 944.0 204.0 1024.0 239.0
WheatHead 86.0 5.0 137.0 57.0
WheatHead 498.0 303.0 561.0 346.0
WheatHead 476.0 219.0 527.0 278.0
WheatHead 662.0 212.0 727.0 266.0
WheatHead 877.0 677.0 912.0 746.0
WheatHead 877.0 542.0 950.0 576.0
WheatHead 955.0 681.0 1013.0 712.0
WheatHead 223.0 225.0 314.0 269.0
WheatHead 240.0 301.0 320.0 330.0
WheatHead 555.0 65.0 663.0 103.0
WheatHead 72.0 857.0 124.0 903.0
WheatHead 788.0 677.0 854.0 707.0
WheatHead 520.0 559.0 578.0 591.0
WheatHead 0.0 596.0 59.0 643.0
WheatHead 253.0 536.0 342.0 595.0
WheatHead 821.0 0.0 862.0 65.0
WheatHead 574.0 495.0 625.0 542.0
WheatHead 360.0 527.0 431.0 571.0
WheatHead 339.0 0.0 370.0 31.0
WheatHead 166.0 929.0 302.0 969.0
WheatHead 649.0 439.0 719.0 477.0
WheatHead 255.0 528.0 327.0 570.0
WheatHead 472.0 519.0 522.0 556.0
WheatHead 31.0 279.0 76.0 322.0
WheatHead 692.0 0.0 738.0 34.0
WheatHead 853.0 225.0 890.0 267.0
WheatHead 175.0 0.0 274.0 19.0
WheatHead 562.0 949.0 634.0 991.0
WheatHead 458.0 957.0 581.0 992.0
WheatHead 372.0 976.0 508.0 1016.0
