WheatHead 440.0 404.0 527.0 545.0
WheatHead 145.0 774.0 263.0 853.0
WheatHead 31.0 889.0 138.0 978.0
WheatHead 819.0 732.0 944.0 867.0
WheatHead 51.0 389.0 276.0 544.0
WheatHead 1.0 644.0 195.0 757.0
WheatHead 845.0 904.0 1024.0 1014.0
WheatHead 834.0 396.0 1003.0 581.0
WheatHead 416.0 813.0 549.0 944.0
WheatHead 701.0 481.0 844.0 670.0
WheatHead 767.0 578.0 962.0 703.0
WheatHead 399.0 2.0 527.0 215.0
WheatHead 362.0 453.0 454.0 582.0
WheatHead 0.0 89.0 68.0 339.0
WheatHead 627.0 263.0 707.0 356.0
WheatHead 255.0 263.0 377.0 510.0
WheatHead 770.0 2.0 972.0 148.0
WheatHead 920.0 154.0 1024.0 270.0
WheatHead 319.0 312.0 415.0 424.0
WheatHead 995.0 670.0 1024.0 749.0
WheatHead 176.0 0.0 275.0 43.0
WheatHead 802.0 3.0 877.0 60.0
