WheatHead 922.0 674.0 1023.0 742.0
WheatHead 857.0 445.0 1018.0 529.0
WheatHead 256.0 575.0 361.0 639.0
WheatHead 0.0 929.0 66.0 1008.0
WheatHead 455.0 212.0 578.0 343.0
WheatHead 693.0 102.0 839.0 212.0
WheatHead 281.0 647.0 386.0 752.0
WheatHead 423.0 899.0 615.0 996.0
WheatHead 703.0 784.0 823.0 871.0
WheatHead 261.0 337.0 417.0 473.0
WheatHead 593.0 629.0 844.0 744.0
WheatHead 282.0 846.0 408.0 917.0
WheatHead 959.0 785.0 1024.0 854.0
WheatHead 863.0 145.0 1024.0 245.0
WheatHead 396.0 560.0 532.0 645.0
WheatHead 465.0 26.0 621.0 108.0
WheatHead 104.0 156.0 186.0 238.0
WheatHead 614.0 327.0 796.0 468.0
WheatHead 394.0 135.0 494.0 227.0
WheatHead 881.0 899.0 1024.0 971.0
WheatHead 322.0 9.0 414.0 111.0
WheatHead 274.0 485.0 358.0 563.0
WheatHead 785.0 816.0 908.0 878.0
WheatHead 332.0 227.0 453.0 363.0
WheatHead 588.0 638.0 688.0 702.0
WheatHead 297.0 800.0 470.0 860.0
WheatHead 463.0 499.0 550.0 624.0
WheatHead 348.0 488.0 460.0 563.0
WheatHead 788.0 330.0 942.0 414.0
WheatHead 755.0 2.0 898.0 81.0
WheatHead 0.0 277.0 71.0 405.0
