WheatHead 203.0 465.0 309.0 568.0
WheatHead 783.0 265.0 879.0 376.0
WheatHead 898.0 120.0 994.0 222.0
WheatHead 686.0 86.0 839.0 197.0
WheatHead 369.0 595.0 450.0 707.0
WheatHead 764.0 465.0 883.0 576.0
WheatHead 749.0 674.0 864.0 830.0
WheatHead 678.0 824.0 837.0 969.0
WheatHead 186.0 182.0 288.0 300.0
WheatHead 214.0 81.0 301.0 147.0
WheatHead 96.0 915.0 256.0 1020.0
WheatHead 0.0 18.0 19.0 104.0
WheatHead 0.0 275.0 26.0 349.0
WheatHead 79.0 377.0 163.0 454.0
WheatHead 0.0 431.0 47.0 496.0
WheatHead 24.0 565.0 65.0 629.0
WheatHead 157.0 669.0 233.0 771.0
WheatHead 236.0 798.0 304.0 865.0
WheatHead 419.0 822.0 498.0 906.0
WheatHead 901.0 725.0 964.0 798.0
WheatHead 960.0 713.0 1024.0 817.0
WheatHead 909.0 327.0 965.0 376.0
WheatHead 913.0 196.0 960.0 276.0
WheatHead 278.0 266.0 372.0 369.0
WheatHead 308.0 430.0 416.0 496.0
WheatHead 192.0 556.0 291.0 619.0
