WheatHead 0.0 850.0 55.0 950.0
WheatHead 301.0 943.0 377.0 1024.0
WheatHead 642.0 932.0 703.0 1024.0
WheatHead 362.0 770.0 463.0 927.0
WheatHead 569.0 784.0 685.0 884.0
WheatHead 263.0 660.0 342.0 756.0
WheatHead 464.0 596.0 552.0 662.0
WheatHead 551.0 595.0 669.0 684.0
WheatHead 766.0 707.0 870.0 858.0
WheatHead 872.0 720.0 960.0 811.0
WheatHead 899.0 848.0 976.0 940.0
WheatHead 0.0 476.0 38.0 594.0
WheatHead 241.0 440.0 305.0 535.0
WheatHead 557.0 338.0 672.0 440.0
WheatHead 371.0 362.0 454.0 486.0
WheatHead 454.0 308.0 540.0 493.0
WheatHead 463.0 192.0 549.0 301.0
WheatHead 0.0 242.0 124.0 312.0
WheatHead 83.0 220.0 207.0 284.0
WheatHead 82.0 147.0 143.0 214.0
WheatHead 895.0 490.0 957.0 607.0
WheatHead 914.0 432.0 1008.0 542.0
WheatHead 901.0 284.0 965.0 394.0
WheatHead 895.0 367.0 981.0 441.0
WheatHead 711.0 278.0 796.0 359.0
WheatHead 638.0 290.0 717.0 354.0
WheatHead 835.0 97.0 935.0 183.0
WheatHead 696.0 143.0 782.0 234.0
WheatHead 952.0 79.0 1018.0 174.0
WheatHead 932.0 8.0 1024.0 86.0
WheatHead 242.0 68.0 373.0 193.0
WheatHead 292.0 25.0 365.0 100.0
WheatHead 638.0 28.0 695.0 116.0
WheatHead 444.0 705.0 525.0 763.0
WheatHead 780.0 861.0 843.0 915.0
WheatHead 795.0 1.0 858.0 30.0
WheatHead 55.0 996.0 181.0 1024.0
WheatHead 971.0 285.0 1024.0 365.0
WheatHead 978.0 772.0 1024.0 845.0
WheatHead 570.0 233.0 622.0 287.0
