WheatHead 337.0 227.0 450.0 330.0
WheatHead 683.0 304.0 785.0 404.0
WheatHead 601.0 665.0 696.0 778.0
WheatHead 711.0 540.0 765.0 593.0
WheatHead 61.0 176.0 130.0 268.0
WheatHead 642.0 540.0 711.0 616.0
WheatHead 714.0 112.0 793.0 197.0
WheatHead 440.0 112.0 501.0 168.0
WheatHead 899.0 932.0 967.0 1001.0
WheatHead 460.0 337.0 513.0 410.0
WheatHead 934.0 276.0 998.0 351.0
WheatHead 273.0 473.0 350.0 542.0
WheatHead 908.0 17.0 957.0 79.0
WheatHead 832.0 2.0 898.0 53.0
WheatHead 658.0 888.0 745.0 1018.0
WheatHead 5.0 2.0 84.0 99.0
WheatHead 2.0 460.0 89.0 514.0
WheatHead 2.0 568.0 66.0 645.0
WheatHead 414.0 496.0 481.0 560.0
WheatHead 440.0 599.0 542.0 657.0
WheatHead 117.0 401.0 179.0 460.0
WheatHead 89.0 921.0 192.0 1003.0
WheatHead 322.0 537.0 414.0 596.0
WheatHead 701.0 40.0 775.0 104.0
WheatHead 964.0 347.0 1016.0 459.0
WheatHead 868.0 450.0 904.0 492.0
WheatHead 308.0 758.0 370.0 809.0
WheatHead 261.0 231.0 312.0 293.0
WheatHead 198.0 365.0 243.0 409.0
