WheatHead 228.0 103.0 286.0 178.0
WheatHead 314.0 65.0 400.0 162.0
WheatHead 439.0 92.0 537.0 153.0
WheatHead 375.0 202.0 461.0 306.0
WheatHead 226.0 180.0 311.0 247.0
WheatHead 155.0 216.0 238.0 263.0
WheatHead 39.0 216.0 131.0 267.0
WheatHead 1.0 239.0 109.0 335.0
WheatHead 103.0 267.0 244.0 324.0
WheatHead 252.0 281.0 358.0 342.0
WheatHead 290.0 243.0 355.0 285.0
WheatHead 438.0 307.0 520.0 364.0
WheatHead 516.0 285.0 595.0 325.0
WheatHead 521.0 307.0 581.0 345.0
WheatHead 611.0 186.0 689.0 283.0
WheatHead 735.0 0.0 810.0 96.0
WheatHead 692.0 5.0 751.0 98.0
WheatHead 766.0 126.0 847.0 223.0
WheatHead 917.0 95.0 988.0 197.0
WheatHead 960.0 62.0 1024.0 157.0
WheatHead 952.0 3.0 1024.0 51.0
WheatHead 907.0 479.0 1024.0 584.0
WheatHead 790.0 608.0 952.0 692.0
WheatHead 965.0 638.0 1024.0 689.0
WheatHead 982.0 700.0 1024.0 775.0
WheatHead 884.0 739.0 967.0 812.0
WheatHead 695.0 705.0 776.0 763.0
WheatHead 648.0 600.0 704.0 676.0
WheatHead 400.0 608.0 464.0 687.0
WheatHead 228.0 524.0 308.0 592.0
WheatHead 143.0 548.0 233.0 608.0
WheatHead 0.0 546.0 48.0 612.0
WheatHead 115.0 715.0 244.0 783.0
WheatHead 131.0 762.0 192.0 806.0
WheatHead 29.0 740.0 122.0 812.0
WheatHead 103.0 676.0 193.0 742.0
WheatHead 283.0 728.0 359.0 783.0
WheatHead 187.0 795.0 256.0 844.0
WheatHead 139.0 841.0 234.0 888.0
WheatHead 169.0 876.0 304.0 938.0
WheatHead 100.0 903.0 176.0 985.0
WheatHead 0.0 953.0 102.0 1004.0
WheatHead 280.0 934.0 354.0 989.0
WheatHead 429.0 911.0 513.0 1007.0
WheatHead 543.0 886.0 688.0 1024.0
WheatHead 632.0 958.0 725.0 1024.0
WheatHead 689.0 914.0 795.0 985.0
WheatHead 772.0 969.0 853.0 1024.0
WheatHead 709.0 823.0 813.0 905.0
WheatHead 557.0 762.0 643.0 846.0
WheatHead 415.0 769.0 506.0 833.0
WheatHead 469.0 692.0 564.0 762.0
WheatHead 446.0 738.0 559.0 793.0
WheatHead 504.0 822.0 571.0 887.0
WheatHead 975.0 804.0 1024.0 884.0
WheatHead 932.0 930.0 1004.0 975.0
WheatHead 86.0 473.0 133.0 516.0
WheatHead 124.0 369.0 183.0 418.0
WheatHead 193.0 344.0 248.0 396.0
WheatHead 26.0 201.0 120.0 242.0
