WheatHead 434.0 0.0 490.0 96.0
WheatHead 798.0 359.0 865.0 465.0
WheatHead 636.0 79.0 701.0 154.0
WheatHead 75.0 35.0 152.0 102.0
WheatHead 805.0 116.0 899.0 185.0
WheatHead 570.0 475.0 649.0 544.0
WheatHead 909.0 465.0 987.0 527.0
WheatHead 404.0 294.0 513.0 394.0
WheatHead 892.0 0.0 966.0 114.0
WheatHead 587.0 387.0 655.0 456.0
WheatHead 680.0 452.0 793.0 526.0
WheatHead 0.0 647.0 50.0 701.0
WheatHead 818.0 722.0 901.0 811.0
WheatHead 400.0 632.0 447.0 757.0
WheatHead 0.0 118.0 64.0 159.0
WheatHead 716.0 314.0 755.0 385.0
WheatHead 992.0 95.0 1024.0 181.0
WheatHead 154.0 416.0 206.0 454.0
WheatHead 449.0 529.0 492.0 619.0
WheatHead 593.0 88.0 656.0 140.0
WheatHead 465.0 946.0 524.0 1022.0
WheatHead 655.0 718.0 682.0 787.0
WheatHead 0.0 180.0 40.0 261.0
WheatHead 535.0 704.0 637.0 776.0
WheatHead 32.0 229.0 109.0 277.0
WheatHead 118.0 476.0 196.0 517.0
WheatHead 138.0 880.0 201.0 921.0
WheatHead 517.0 305.0 554.0 402.0
WheatHead 135.0 16.0 192.0 68.0
WheatHead 334.0 985.0 406.0 1024.0
WheatHead 269.0 487.0 331.0 533.0
WheatHead 155.0 612.0 314.0 720.0
WheatHead 771.0 393.0 831.0 460.0
WheatHead 757.0 98.0 782.0 169.0
WheatHead 168.0 970.0 220.0 1024.0
WheatHead 263.70001220703125 434.29998779296875 329.0 479.0
WheatHead 470.0 839.0 593.0 886.0
WheatHead 218.0 400.0 271.0 428.0
WheatHead 735.0 55.0 785.0 118.0
WheatHead 963.0 386.0 1024.0 451.0
WheatHead 505.0 978.0 574.0 1024.0
WheatHead 0.0 831.0 86.0 883.0
WheatHead 168.0 188.0 243.0 244.0
WheatHead 19.0 372.0 94.0 442.0
WheatHead 836.0 550.0 873.0 593.0
WheatHead 479.0 173.0 529.0 342.0
WheatHead 143.0 785.0 192.0 846.0
WheatHead 408.0 129.0 449.0 172.0
WheatHead 0.0 802.0 47.0 841.0
WheatHead 559.0 422.0 624.0 469.0
WheatHead 185.0 907.0 271.0 956.0
WheatHead 712.0 996.0 755.0 1022.0
WheatHead 12.0 526.0 97.0 584.0
WheatHead 268.0 805.0 369.0 852.0
WheatHead 175.0 570.0 241.0 607.0
WheatHead 603.0 561.0 630.0 606.0
WheatHead 180.0 785.0 232.0 812.0
WheatHead 438.0 415.0 550.0 472.0
WheatHead 96.0 1011.0 143.0 1024.0
WheatHead 608.0 854.0 740.0 904.0
WheatHead 334.0 456.0 389.0 517.0
WheatHead 40.0 0.0 102.0 53.0
WheatHead 206.0 434.0 264.0 470.0
WheatHead 842.0 794.0 880.0 849.0
WheatHead 374.0 831.0 425.0 871.0
WheatHead 631.0 925.0 687.0 972.0
WheatHead 375.0 474.0 442.0 524.0
WheatHead 220.0 499.0 285.0 555.0
WheatHead 380.0 683.0 459.0 751.0
WheatHead 987.0 925.0 1024.0 952.0
WheatHead 0.0 129.0 17.0 190.0
WheatHead 623.0 979.0 689.0 1024.0
WheatHead 320.0 832.0 407.0 882.0
WheatHead 155.0 852.0 193.0 888.0
WheatHead 88.0 863.0 160.0 912.0
WheatHead 22.0 884.0 82.0 927.0
WheatHead 823.0 851.0 870.0 906.0
WheatHead 418.0 157.0 463.0 213.0
