WheatHead 469.0 382.0 551.0 456.0
WheatHead 476.0 4.0 591.0 96.0
WheatHead 191.0 363.0 278.0 447.0
WheatHead 690.0 891.0 768.0 976.0
WheatHead 625.0 839.0 666.0 924.0
WheatHead 644.0 678.0 749.0 771.0
WheatHead 234.0 4.0 316.0 73.0
WheatHead 475.0 692.0 584.0 805.0
WheatHead 658.0 230.0 746.0 304.0
WheatHead 27.0 275.0 55.0 395.0
WheatHead 797.0 236.0 916.0 304.0
WheatHead 4.0 16.0 109.0 155.0
WheatHead 882.0 380.0 998.0 468.0
WheatHead 602.0 176.0 632.0 270.0
WheatHead 140.0 393.0 243.0 472.0
WheatHead 921.0 4.0 1017.0 65.0
WheatHead 611.0 574.0 704.0 619.0
WheatHead 933.0 740.0 1024.0 809.0
WheatHead 29.0 638.0 297.0 763.0
WheatHead 824.0 791.0 903.0 849.0
WheatHead 430.0 20.0 548.0 98.0
WheatHead 378.0 578.0 468.0 729.0
WheatHead 528.0 462.0 628.0 552.0
WheatHead 849.0 937.0 897.0 1024.0
WheatHead 618.0 428.0 677.0 510.0
WheatHead 363.0 479.0 397.0 555.0
WheatHead 466.0 117.0 618.0 167.0
WheatHead 673.0 443.0 798.0 563.0
WheatHead 968.0 674.0 1024.0 729.0
WheatHead 884.0 883.0 1001.0 921.0
WheatHead 0.0 785.0 80.0 828.0
WheatHead 370.0 200.0 512.0 245.0
WheatHead 906.0 501.0 1024.0 547.0
WheatHead 854.0 480.0 932.0 531.0
WheatHead 877.0 578.0 959.0 603.0
WheatHead 273.0 2.0 395.0 113.0
WheatHead 68.0 572.0 147.0 607.0
WheatHead 950.0 185.0 1024.0 283.0
WheatHead 528.0 387.0 622.0 439.0
WheatHead 7.0 866.0 194.0 900.0
WheatHead 143.0 932.0 266.0 968.0
WheatHead 634.0 395.0 724.0 445.0
WheatHead 460.0 232.0 539.0 263.0
WheatHead 233.0 503.0 313.0 583.0
WheatHead 850.0 302.0 917.0 351.0
WheatHead 947.0 987.0 1024.0 1021.0
WheatHead 969.0 228.0 1024.0 300.0
WheatHead 97.0 75.0 286.0 134.0
WheatHead 174.0 372.0 270.0 461.0
WheatHead 888.0 454.0 984.0 471.0
WheatHead 759.0 978.0 831.0 1011.0
WheatHead 148.0 458.0 336.0 524.0
WheatHead 122.0 0.0 182.0 42.0
WheatHead 957.0 268.0 1019.0 314.0
WheatHead 774.0 790.0 838.0 843.0
WheatHead 798.0 11.0 853.0 89.0
WheatHead 105.0 477.0 244.0 547.0
WheatHead 173.0 770.0 374.0 821.0
WheatHead 80.0 729.0 176.0 771.0
WheatHead 101.0 472.0 177.0 513.0
WheatHead 957.0 188.0 1024.0 324.0
WheatHead 1002.0 240.0 1024.0 342.0
WheatHead 542.0 362.0 607.0 451.0
WheatHead 920.0 116.0 1024.0 189.0
WheatHead 536.0 161.0 837.0 228.0
WheatHead 933.0 914.0 992.0 969.0
WheatHead 748.0 10.0 797.0 73.0
WheatHead 568.0 0.0 628.0 28.0
WheatHead 366.0 793.0 556.0 930.0
WheatHead 461.0 894.0 546.0 959.0
