WheatHead 724.0 17.0 811.0 84.0
WheatHead 617.0 812.0 731.0 864.0
WheatHead 12.0 169.0 131.0 232.0
WheatHead 263.0 431.0 350.0 492.0
WheatHead 492.0 204.0 606.0 268.0
WheatHead 790.0 176.0 858.0 238.0
WheatHead 454.0 918.0 558.0 985.0
WheatHead 303.0 299.0 428.0 352.0
WheatHead 305.0 234.0 415.0 300.0
WheatHead 54.0 954.0 163.0 996.0
WheatHead 970.0 882.0 1024.0 928.0
WheatHead 1.0 309.0 113.0 364.0
WheatHead 940.0 491.0 1024.0 551.0
WheatHead 477.0 468.0 562.0 528.0
WheatHead 651.0 230.0 760.0 285.0
WheatHead 503.0 236.0 596.0 305.0
WheatHead 425.0 476.0 490.0 537.0
WheatHead 812.0 532.0 872.0 600.0
WheatHead 622.0 2.0 675.0 57.0
WheatHead 334.0 176.0 448.0 244.0
WheatHead 968.0 40.0 1024.0 84.0
WheatHead 55.0 714.0 152.0 760.0
WheatHead 0.0 111.0 80.0 167.0
WheatHead 899.0 550.0 1005.0 602.0
WheatHead 659.0 320.0 726.0 373.0
WheatHead 561.0 857.0 643.0 898.0
WheatHead 308.0 944.0 412.0 987.0
WheatHead 77.0 787.0 225.0 867.0
WheatHead 722.0 219.0 825.0 298.0
WheatHead 107.0 831.0 177.0 888.0
WheatHead 883.0 58.0 969.0 103.0
WheatHead 876.0 319.0 936.0 361.0
WheatHead 600.0 607.0 692.0 663.0
WheatHead 1.0 4.0 70.0 46.0
WheatHead 360.0 861.0 476.0 912.0
WheatHead 423.0 719.0 533.0 752.0
WheatHead 455.0 6.0 596.0 45.0
WheatHead 605.0 404.0 716.0 454.0
WheatHead 141.0 435.0 223.0 510.0
WheatHead 723.0 465.0 794.0 496.0
WheatHead 172.0 181.0 318.0 245.0
WheatHead 5.0 602.0 148.0 644.0
WheatHead 391.0 987.0 507.0 1024.0
WheatHead 984.0 652.0 1024.0 679.0
WheatHead 671.0 946.0 752.0 982.0
WheatHead 499.0 886.0 630.0 937.0
WheatHead 363.0 620.0 481.0 651.0
WheatHead 331.0 904.0 424.0 939.0
WheatHead 686.0 494.0 763.0 557.0
WheatHead 972.0 383.0 1024.0 414.0
WheatHead 238.0 820.0 374.0 869.0
WheatHead 1.0 434.0 42.0 466.0
WheatHead 66.0 364.0 211.0 496.0
WheatHead 0.0 527.0 111.0 595.0
WheatHead 179.0 617.0 261.0 662.0
WheatHead 815.0 658.0 917.0 720.0
WheatHead 0.0 200.0 49.0 275.0
WheatHead 236.0 984.0 352.0 1006.0
WheatHead 556.0 953.0 610.0 979.0
WheatHead 367.0 577.0 500.0 641.0
WheatHead 651.0 931.0 753.0 968.0
WheatHead 94.0 555.0 181.0 592.0
