WheatHead 184.0 343.0 325.0 430.0
WheatHead 0.0 371.0 61.0 496.0
WheatHead 0.0 240.0 51.0 327.0
WheatHead 606.0 908.0 727.0 977.0
WheatHead 896.0 279.0 967.0 384.0
WheatHead 476.0 0.0 710.0 177.0
WheatHead 734.0 524.0 901.0 683.0
WheatHead 532.0 555.0 752.0 647.0
WheatHead 143.0 130.0 302.0 343.0
WheatHead 780.0 668.0 911.0 842.0
WheatHead 184.0 583.0 396.0 750.0
WheatHead 0.0 665.0 202.0 898.0
WheatHead 583.0 107.0 765.0 307.0
WheatHead 289.0 427.0 371.0 491.0
WheatHead 627.0 281.0 872.0 448.0
WheatHead 325.0 350.0 412.0 417.0
WheatHead 791.0 430.0 1003.0 601.0
WheatHead 465.0 762.0 578.0 1016.0
WheatHead 504.0 261.0 588.0 432.0
WheatHead 532.0 373.0 714.0 491.0
WheatHead 412.0 0.0 481.0 46.0
WheatHead 128.0 601.0 268.0 673.0
WheatHead 811.0 0.0 1011.0 84.0
WheatHead 529.0 632.0 601.0 696.0
WheatHead 872.0 627.0 1018.0 706.0
WheatHead 0.0 35.0 178.0 199.0
WheatHead 0.0 102.0 31.0 210.0
WheatHead 917.0 789.0 1024.0 910.0
WheatHead 261.0 929.0 337.0 1006.0
WheatHead 58.0 716.0 260.0 938.0
WheatHead 304.0 898.0 407.0 1018.0
WheatHead 527.0 960.0 642.0 1024.0
WheatHead 161.0 980.0 258.0 1024.0
WheatHead 330.0 860.0 473.0 1024.0
WheatHead 458.0 821.0 529.0 1021.0
WheatHead 616.0 348.0 719.0 609.0
WheatHead 760.0 396.0 939.0 460.0
WheatHead 727.0 296.0 860.0 455.0
WheatHead 494.0 15.0 596.0 99.0
