WheatHead 8.0 692.0 109.0 747.0
WheatHead 114.0 698.0 186.0 776.0
WheatHead 142.0 403.0 224.0 516.0
WheatHead 186.0 269.0 243.0 347.0
WheatHead 213.0 209.0 277.0 264.0
WheatHead 301.0 212.0 372.0 273.0
WheatHead 352.0 142.0 418.0 212.0
WheatHead 414.0 175.0 473.0 225.0
WheatHead 527.0 144.0 572.0 209.0
WheatHead 564.0 107.0 649.0 236.0
WheatHead 619.0 276.0 706.0 376.0
WheatHead 755.0 258.0 837.0 363.0
WheatHead 963.0 271.0 1024.0 371.0
WheatHead 918.0 296.0 985.0 373.0
WheatHead 911.0 27.0 975.0 152.0
WheatHead 975.0 43.0 1024.0 157.0
WheatHead 19.0 53.0 101.0 150.0
WheatHead 0.0 240.0 45.0 312.0
WheatHead 93.0 871.0 155.0 953.0
WheatHead 470.0 859.0 539.0 968.0
WheatHead 494.0 783.0 583.0 860.0
WheatHead 520.0 721.0 602.0 796.0
WheatHead 639.0 778.0 718.0 870.0
WheatHead 593.0 870.0 672.0 926.0
WheatHead 836.0 780.0 899.0 855.0
WheatHead 823.0 675.0 926.0 736.0
WheatHead 940.0 585.0 1024.0 638.0
WheatHead 733.0 400.0 817.0 488.0
WheatHead 598.0 481.0 692.0 545.0
WheatHead 953.0 884.0 1024.0 989.0
WheatHead 960.0 830.0 1023.0 896.0
WheatHead 935.0 733.0 1024.0 831.0
WheatHead 205.0 728.0 275.0 803.0
WheatHead 406.0 274.0 464.0 341.0
WheatHead 328.0 326.0 407.0 384.0
WheatHead 285.0 919.0 324.0 959.0
WheatHead 134.0 783.0 205.0 834.0
WheatHead 959.0 231.0 1019.0 280.0
WheatHead 565.0 253.0 624.0 307.0
WheatHead 204.0 328.0 267.0 374.0
WheatHead 304.0 258.0 384.0 306.0
WheatHead 626.0 256.0 735.0 320.0
WheatHead 779.0 316.0 894.0 385.0
WheatHead 703.0 840.0 769.0 894.0
