WheatHead 483.0 478.0 613.0 558.0
WheatHead 430.0 87.0 532.0 176.0
WheatHead 694.0 843.0 791.0 918.0
WheatHead 327.0 412.0 422.0 481.0
WheatHead 391.0 642.0 481.0 724.0
WheatHead 212.0 476.0 291.0 552.0
WheatHead 261.0 857.0 371.0 924.0
WheatHead 448.0 0.0 565.0 38.0
WheatHead 215.0 360.0 296.0 435.0
WheatHead 373.0 542.0 481.0 604.0
WheatHead 849.0 322.0 1024.0 381.0
WheatHead 886.0 197.0 1017.0 253.0
WheatHead 936.0 727.0 1021.0 798.0
WheatHead 174.0 583.0 258.0 647.0
WheatHead 286.0 798.0 414.0 870.0
WheatHead 788.0 414.0 875.0 471.0
WheatHead 670.0 627.0 768.0 701.0
WheatHead 421.0 404.0 542.0 478.0
WheatHead 947.0 678.0 1021.0 734.0
WheatHead 166.0 28.0 270.0 82.0
WheatHead 810.0 770.0 920.0 836.0
