WheatHead 768.0 889.0 838.0 989.0
WheatHead 382.0 955.0 479.0 1024.0
WheatHead 573.0 829.0 635.0 939.0
WheatHead 500.0 769.0 564.0 863.0
WheatHead 654.0 875.0 718.0 942.0
WheatHead 682.0 793.0 758.0 870.0
WheatHead 676.0 722.0 732.0 778.0
WheatHead 580.0 662.0 629.0 716.0
WheatHead 841.0 705.0 936.0 772.0
WheatHead 896.0 143.0 991.0 212.0
WheatHead 874.0 83.0 970.0 140.0
WheatHead 914.0 31.0 986.0 102.0
WheatHead 587.0 29.0 662.0 112.0
WheatHead 465.0 29.0 521.0 86.0
WheatHead 245.0 87.0 368.0 170.0
WheatHead 511.0 166.0 567.0 218.0
WheatHead 680.0 376.0 753.0 463.0
WheatHead 624.0 409.0 688.0 486.0
WheatHead 823.0 509.0 909.0 592.0
WheatHead 651.0 499.0 712.0 567.0
WheatHead 560.0 494.0 624.0 582.0
WheatHead 487.0 465.0 548.0 546.0
WheatHead 415.0 452.0 493.0 564.0
WheatHead 197.0 482.0 261.0 555.0
WheatHead 51.0 444.0 119.0 553.0
WheatHead 98.0 686.0 185.0 744.0
WheatHead 0.0 631.0 75.0 709.0
WheatHead 79.0 949.0 145.0 1024.0
WheatHead 141.0 961.0 214.0 1024.0
WheatHead 0.0 204.0 66.0 263.0
WheatHead 0.0 135.0 78.0 199.0
WheatHead 161.0 629.0 233.0 722.0
WheatHead 665.0 0.0 718.0 43.0
WheatHead 918.0 657.0 956.0 692.0
