WheatHead 0.0 265.0 29.0 356.0
WheatHead 6.0 120.0 123.0 222.0
WheatHead 132.0 149.0 251.0 249.0
WheatHead 253.0 37.0 316.0 145.0
WheatHead 204.0 43.0 263.0 143.0
WheatHead 53.0 60.0 132.0 132.0
WheatHead 0.0 0.0 37.0 84.0
WheatHead 336.0 100.0 413.0 171.0
WheatHead 358.0 206.0 415.0 283.0
WheatHead 478.0 121.0 551.0 210.0
WheatHead 453.0 242.0 516.0 307.0
WheatHead 677.0 167.0 750.0 258.0
WheatHead 698.0 60.0 787.0 169.0
WheatHead 772.0 167.0 858.0 258.0
WheatHead 516.0 374.0 606.0 446.0
WheatHead 661.0 399.0 728.0 512.0
WheatHead 177.0 460.0 289.0 543.0
WheatHead 384.0 502.0 496.0 600.0
WheatHead 273.0 712.0 370.0 813.0
WheatHead 57.0 454.0 137.0 563.0
WheatHead 104.0 569.0 226.0 653.0
WheatHead 0.0 557.0 13.0 640.0
WheatHead 7.0 795.0 104.0 909.0
WheatHead 228.0 941.0 313.0 1024.0
WheatHead 92.0 864.0 222.0 1002.0
WheatHead 488.0 833.0 596.0 935.0
WheatHead 700.0 783.0 793.0 874.0
WheatHead 797.0 896.0 872.0 972.0
WheatHead 953.0 891.0 1024.0 976.0
WheatHead 880.0 779.0 958.0 848.0
WheatHead 854.0 714.0 935.0 772.0
WheatHead 718.0 620.0 811.0 700.0
WheatHead 961.0 602.0 1024.0 714.0
WheatHead 988.0 415.0 1024.0 480.0
WheatHead 931.0 496.0 976.0 577.0
WheatHead 917.0 354.0 978.0 449.0
WheatHead 882.0 220.0 970.0 313.0
WheatHead 958.0 53.0 1024.0 134.0
WheatHead 904.0 866.0 950.0 950.0
