WheatHead 0.0 906.0 85.0 988.0
WheatHead 361.0 698.0 426.0 754.0
WheatHead 540.0 664.0 790.0 728.0
WheatHead 521.0 777.0 693.0 880.0
WheatHead 128.0 168.0 281.0 301.0
WheatHead 970.0 69.0 1024.0 153.0
WheatHead 782.0 979.0 881.0 1024.0
WheatHead 24.0 945.0 100.0 1008.0
WheatHead 203.0 663.0 274.0 732.0
WheatHead 80.0 795.0 181.0 898.0
WheatHead 0.0 161.0 68.0 231.0
WheatHead 16.0 749.0 139.0 813.0
WheatHead 867.0 658.0 1008.0 762.0
WheatHead 657.0 793.0 775.0 865.0
WheatHead 874.0 0.0 969.0 69.0
WheatHead 571.0 735.0 697.0 828.0
WheatHead 787.0 429.0 849.0 484.0
WheatHead 151.0 0.0 215.0 72.0
WheatHead 857.0 404.0 915.0 455.0
WheatHead 995.0 638.0 1024.0 710.0
