WheatHead 83.0 249.0 193.0 337.0
WheatHead 618.0 480.0 711.0 547.0
WheatHead 944.0 165.0 1006.0 262.0
WheatHead 225.0 94.0 314.0 173.0
WheatHead 633.0 0.0 742.0 61.0
WheatHead 589.0 643.0 716.0 718.0
WheatHead 648.0 376.0 761.0 487.0
WheatHead 17.0 587.0 139.0 660.0
WheatHead 0.0 128.0 88.0 202.0
WheatHead 215.0 386.0 342.0 450.0
WheatHead 651.0 427.0 715.0 512.0
WheatHead 283.0 604.0 382.0 660.0
WheatHead 348.0 95.0 466.0 177.0
WheatHead 34.0 121.0 141.0 174.0
WheatHead 783.0 469.0 927.0 547.0
WheatHead 551.0 878.0 664.0 937.0
WheatHead 453.0 182.0 567.0 221.0
WheatHead 717.0 604.0 792.0 649.0
WheatHead 477.0 652.0 577.0 705.0
WheatHead 956.0 788.0 1024.0 854.0
WheatHead 371.0 807.0 471.0 848.0
WheatHead 499.0 883.0 599.0 948.0
WheatHead 805.0 512.0 888.0 585.0
WheatHead 137.0 379.0 302.0 487.0
WheatHead 460.0 710.0 574.0 753.0
WheatHead 495.0 928.0 633.0 995.0
WheatHead 786.0 688.0 882.0 722.0
WheatHead 449.0 623.0 547.0 659.0
WheatHead 951.0 166.0 1024.0 212.0
WheatHead 73.0 914.0 133.0 961.0
WheatHead 679.0 54.0 752.0 96.0
WheatHead 446.0 80.0 593.0 174.0
WheatHead 346.0 546.0 503.0 623.0
WheatHead 31.0 39.0 110.0 76.0
WheatHead 857.0 651.0 962.0 696.0
WheatHead 662.0 323.0 735.0 370.0
WheatHead 263.0 0.0 324.0 24.0
WheatHead 950.0 574.0 1024.0 644.0
WheatHead 244.0 282.0 392.0 390.0
WheatHead 842.0 933.0 899.0 981.0
WheatHead 546.0 159.0 629.0 211.0
WheatHead 2.0 23.0 86.0 131.0
WheatHead 876.0 948.0 1010.0 995.0
WheatHead 643.0 737.0 737.0 779.0
WheatHead 233.0 210.0 314.0 263.0
WheatHead 883.0 569.0 932.0 666.0
WheatHead 102.0 668.0 205.0 722.0
WheatHead 31.0 653.0 157.0 785.0
WheatHead 334.0 255.0 397.0 288.0
WheatHead 820.0 0.0 864.0 30.0
WheatHead 532.0 289.0 596.0 345.0
WheatHead 13.0 749.0 109.0 774.0
WheatHead 392.0 991.0 529.0 1024.0
WheatHead 346.0 614.0 445.0 655.0
WheatHead 596.0 769.0 683.0 812.0
WheatHead 984.0 65.0 1024.0 103.0
WheatHead 804.0 330.0 900.0 383.0
WheatHead 129.0 72.0 208.0 98.0
WheatHead 107.0 784.0 192.0 834.0
WheatHead 953.0 324.0 1017.0 368.0
WheatHead 312.0 715.0 466.0 782.0
WheatHead 320.0 546.0 376.0 606.0
WheatHead 268.0 731.0 330.0 794.0
WheatHead 830.0 643.0 961.0 702.0
WheatHead 576.0 449.0 648.0 486.0
WheatHead 890.0 76.0 948.0 131.0
WheatHead 4.0 350.0 157.0 439.0
WheatHead 17.0 839.0 79.0 873.0
WheatHead 438.0 692.0 539.0 734.0
