WheatHead 943.0 0.0 1016.0 48.0
WheatHead 699.0 0.0 807.0 35.0
WheatHead 396.0 11.0 478.0 82.0
WheatHead 290.0 0.0 351.0 58.0
WheatHead 254.0 2.0 317.0 89.0
WheatHead 155.0 0.0 258.0 92.0
WheatHead 12.0 967.0 80.0 1024.0
WheatHead 46.0 882.0 116.0 940.0
WheatHead 88.0 904.0 168.0 983.0
WheatHead 150.0 974.0 227.0 1024.0
WheatHead 239.0 934.0 323.0 1019.0
WheatHead 623.0 952.0 695.0 1017.0
WheatHead 408.0 926.0 475.0 995.0
WheatHead 456.0 904.0 562.0 968.0
WheatHead 498.0 864.0 599.0 927.0
WheatHead 775.0 818.0 836.0 873.0
WheatHead 868.0 557.0 985.0 678.0
WheatHead 889.0 291.0 967.0 367.0
WheatHead 850.0 467.0 906.0 524.0
WheatHead 775.0 423.0 856.0 496.0
WheatHead 718.0 464.0 788.0 537.0
WheatHead 541.0 428.0 614.0 488.0
WheatHead 272.0 405.0 352.0 490.0
WheatHead 159.0 445.0 242.0 518.0
WheatHead 0.0 335.0 46.0 421.0
WheatHead 68.0 395.0 143.0 446.0
WheatHead 0.0 419.0 72.0 490.0
WheatHead 141.0 532.0 205.0 589.0
WheatHead 0.0 486.0 55.0 543.0
WheatHead 0.0 706.0 84.0 785.0
WheatHead 94.0 783.0 155.0 837.0
WheatHead 22.0 375.0 93.0 442.0
