WheatHead 0.0 75.0 47.0 190.0
WheatHead 11.0 176.0 86.0 253.0
WheatHead 8.0 231.0 107.0 302.0
WheatHead 139.0 208.0 206.0 339.0
WheatHead 202.0 280.0 272.0 346.0
WheatHead 355.0 242.0 494.0 326.0
WheatHead 397.0 120.0 473.0 208.0
WheatHead 137.0 38.0 221.0 104.0
WheatHead 302.0 18.0 387.0 93.0
WheatHead 397.0 0.0 478.0 49.0
WheatHead 553.0 10.0 684.0 79.0
WheatHead 520.0 179.0 583.0 254.0
WheatHead 679.0 135.0 777.0 220.0
WheatHead 817.0 189.0 905.0 316.0
WheatHead 631.0 272.0 699.0 322.0
WheatHead 508.0 290.0 586.0 378.0
WheatHead 453.0 425.0 593.0 493.0
WheatHead 478.0 467.0 530.0 572.0
WheatHead 249.0 496.0 350.0 580.0
WheatHead 413.0 632.0 494.0 727.0
WheatHead 512.0 613.0 591.0 697.0
WheatHead 630.0 702.0 724.0 841.0
WheatHead 731.0 722.0 823.0 823.0
WheatHead 836.0 690.0 925.0 774.0
WheatHead 680.0 493.0 770.0 571.0
WheatHead 623.0 590.0 705.0 686.0
WheatHead 854.0 410.0 946.0 496.0
WheatHead 956.0 642.0 1020.0 737.0
WheatHead 920.0 190.0 989.0 290.0
WheatHead 920.0 6.0 989.0 81.0
WheatHead 256.0 768.0 336.0 896.0
WheatHead 539.0 879.0 683.0 952.0
WheatHead 680.0 874.0 795.0 959.0
WheatHead 911.0 822.0 1009.0 901.0
WheatHead 112.0 615.0 180.0 695.0
WheatHead 152.0 590.0 279.0 668.0
WheatHead 0.0 456.0 66.0 537.0
WheatHead 49.0 311.0 100.0 387.0
WheatHead 217.0 322.0 278.0 395.0
WheatHead 464.0 63.0 542.0 131.0
WheatHead 333.0 971.0 404.0 1020.0
