WheatHead 0.0 9.0 110.0 56.0
WheatHead 397.0 0.0 546.0 37.0
WheatHead 471.0 20.0 577.0 77.0
WheatHead 736.0 16.0 828.0 62.0
WheatHead 952.0 0.0 1024.0 50.0
WheatHead 900.0 25.0 939.0 62.0
WheatHead 315.0 52.0 471.0 83.0
WheatHead 640.0 56.0 756.0 94.0
WheatHead 323.0 257.0 400.0 301.0
WheatHead 184.0 284.0 251.0 324.0
WheatHead 73.0 324.0 173.0 386.0
WheatHead 82.0 384.0 201.0 424.0
WheatHead 204.0 365.0 285.0 414.0
WheatHead 278.0 345.0 380.0 396.0
WheatHead 401.0 355.0 519.0 389.0
WheatHead 683.0 302.0 755.0 349.0
WheatHead 672.0 352.0 733.0 401.0
WheatHead 866.0 372.0 925.0 430.0
WheatHead 818.0 496.0 958.0 523.0
WheatHead 878.0 465.0 911.0 508.0
WheatHead 784.0 507.0 958.0 543.0
WheatHead 446.0 455.0 510.0 495.0
WheatHead 195.0 417.0 327.0 461.0
WheatHead 180.0 479.0 291.0 525.0
WheatHead 94.0 534.0 205.0 567.0
WheatHead 137.0 550.0 287.0 592.0
WheatHead 381.0 543.0 459.0 651.0
WheatHead 208.0 760.0 333.0 819.0
WheatHead 176.0 802.0 299.0 851.0
WheatHead 7.0 815.0 117.0 884.0
WheatHead 160.0 885.0 237.0 915.0
WheatHead 156.0 919.0 272.0 995.0
WheatHead 260.0 922.0 312.0 984.0
WheatHead 553.0 763.0 655.0 815.0
WheatHead 514.0 813.0 580.0 867.0
WheatHead 460.0 818.0 570.0 886.0
WheatHead 602.0 952.0 639.0 1024.0
WheatHead 581.0 994.0 690.0 1024.0
WheatHead 754.0 861.0 851.0 916.0
WheatHead 815.0 801.0 882.0 871.0
WheatHead 862.0 843.0 960.0 894.0
WheatHead 956.0 869.0 1024.0 919.0
WheatHead 1015.0 952.0 1024.0 997.0
WheatHead 925.0 978.0 1007.0 1024.0
WheatHead 949.0 586.0 1024.0 663.0
WheatHead 678.0 515.0 737.0 550.0
WheatHead 743.0 336.0 780.0 368.0
WheatHead 76.0 345.0 181.0 378.0
WheatHead 389.0 327.0 442.0 377.0
