WheatHead 792.0 158.0 869.0 242.0
WheatHead 258.0 244.0 345.0 345.0
WheatHead 376.0 395.0 460.0 473.0
WheatHead 734.0 1.0 804.0 65.0
WheatHead 587.0 327.0 673.0 416.0
WheatHead 438.0 307.0 543.0 386.0
WheatHead 512.0 208.0 615.0 316.0
WheatHead 897.0 19.0 963.0 87.0
WheatHead 592.0 117.0 688.0 195.0
WheatHead 453.0 226.0 539.0 296.0
WheatHead 661.0 940.0 737.0 1002.0
WheatHead 81.0 527.0 134.0 571.0
WheatHead 254.0 708.0 347.0 787.0
WheatHead 219.0 147.0 294.0 260.0
WheatHead 390.0 206.0 457.0 289.0
WheatHead 274.0 87.0 356.0 158.0
WheatHead 84.0 692.0 163.0 742.0
WheatHead 311.0 40.0 378.0 140.0
WheatHead 973.0 468.0 1024.0 524.0
WheatHead 208.0 457.0 332.0 518.0
WheatHead 344.0 821.0 428.0 868.0
WheatHead 597.0 580.0 676.0 643.0
WheatHead 12.0 923.0 98.0 986.0
WheatHead 712.0 517.0 785.0 574.0
WheatHead 455.0 854.0 530.0 903.0
WheatHead 955.0 101.0 1013.0 193.0
WheatHead 623.0 790.0 716.0 845.0
WheatHead 978.0 1.0 1024.0 55.0
WheatHead 723.0 764.0 825.0 829.0
WheatHead 506.0 469.0 601.0 525.0
WheatHead 160.0 800.0 252.0 877.0
WheatHead 708.0 574.0 785.0 626.0
WheatHead 456.0 371.0 517.0 435.0
WheatHead 719.0 251.0 779.0 299.0
WheatHead 935.0 897.0 1005.0 957.0
WheatHead 0.0 808.0 77.0 847.0
WheatHead 273.0 582.0 382.0 640.0
WheatHead 845.0 824.0 905.0 880.0
WheatHead 285.0 850.0 377.0 893.0
WheatHead 795.0 979.0 862.0 1024.0
WheatHead 396.0 2.0 461.0 48.0
WheatHead 217.0 540.0 312.0 581.0
WheatHead 802.0 453.0 865.0 509.0
WheatHead 488.0 809.0 569.0 846.0
WheatHead 761.0 517.0 831.0 568.0
WheatHead 718.0 464.0 768.0 516.0
WheatHead 256.0 158.0 326.0 223.0
WheatHead 860.0 578.0 926.0 628.0
WheatHead 602.0 526.0 694.0 579.0
WheatHead 0.0 568.0 62.0 612.0
WheatHead 689.0 884.0 754.0 920.0
WheatHead 610.0 470.0 686.0 507.0
WheatHead 583.0 897.0 643.0 932.0
WheatHead 942.0 780.0 991.0 834.0
WheatHead 536.0 363.0 593.0 443.0
WheatHead 827.0 569.0 891.0 625.0
WheatHead 86.0 0.0 162.0 22.0
WheatHead 115.0 757.0 180.0 803.0
WheatHead 742.0 469.0 820.0 516.0
WheatHead 63.0 798.0 111.0 834.0
WheatHead 709.0 915.0 802.0 953.0
WheatHead 737.0 654.0 800.0 687.0
WheatHead 0.0 473.0 45.0 512.0
WheatHead 319.0 210.0 376.0 257.0
WheatHead 190.0 942.0 257.0 990.0
WheatHead 842.0 466.0 905.0 546.0
WheatHead 504.0 497.0 539.0 534.0
WheatHead 420.0 547.0 521.0 592.0
WheatHead 403.0 947.0 488.0 989.0
WheatHead 382.0 42.0 450.0 101.0
WheatHead 249.0 951.0 338.0 994.0
WheatHead 779.0 971.0 858.0 1011.0
WheatHead 45.0 503.0 95.0 558.0
WheatHead 414.0 0.0 466.0 30.0
