WheatHead 17.0 57.0 108.0 153.0
WheatHead 58.0 83.0 171.0 177.0
WheatHead 251.0 22.0 316.0 94.0
WheatHead 373.0 84.0 433.0 159.0
WheatHead 653.0 0.0 722.0 28.0
WheatHead 996.0 0.0 1024.0 13.0
WheatHead 968.0 13.0 1024.0 96.0
WheatHead 846.0 3.0 923.0 69.0
WheatHead 778.0 33.0 828.0 103.0
WheatHead 932.0 131.0 1019.0 206.0
WheatHead 4.0 230.0 49.0 280.0
WheatHead 52.0 217.0 105.0 283.0
WheatHead 188.0 198.0 287.0 286.0
WheatHead 337.0 168.0 401.0 225.0
WheatHead 477.0 170.0 540.0 252.0
WheatHead 305.0 284.0 367.0 403.0
WheatHead 263.0 301.0 302.0 345.0
WheatHead 96.0 349.0 183.0 435.0
WheatHead 123.0 316.0 186.0 363.0
WheatHead 198.0 411.0 279.0 497.0
WheatHead 301.0 439.0 400.0 498.0
WheatHead 0.0 550.0 56.0 615.0
WheatHead 0.0 657.0 38.0 750.0
WheatHead 0.0 873.0 86.0 942.0
WheatHead 0.0 780.0 99.0 854.0
WheatHead 130.0 774.0 302.0 1024.0
WheatHead 342.0 726.0 414.0 804.0
WheatHead 409.0 594.0 478.0 713.0
WheatHead 309.0 527.0 417.0 602.0
WheatHead 436.0 475.0 550.0 558.0
WheatHead 567.0 374.0 635.0 484.0
WheatHead 640.0 364.0 734.0 427.0
WheatHead 778.0 393.0 840.0 480.0
WheatHead 837.0 465.0 885.0 521.0
WheatHead 763.0 501.0 881.0 575.0
WheatHead 504.0 534.0 694.0 665.0
WheatHead 608.0 641.0 686.0 706.0
WheatHead 612.0 721.0 678.0 814.0
WheatHead 579.0 950.0 669.0 1024.0
WheatHead 718.0 912.0 809.0 985.0
WheatHead 736.0 626.0 808.0 695.0
WheatHead 680.0 557.0 742.0 636.0
WheatHead 804.0 680.0 862.0 778.0
WheatHead 858.0 734.0 937.0 834.0
WheatHead 974.0 730.0 1019.0 790.0
WheatHead 846.0 957.0 903.0 1019.0
WheatHead 372.0 344.0 442.0 400.0
WheatHead 716.0 304.0 782.0 351.0
