WheatHead 775.0 565.0 921.0 663.0
WheatHead 289.0 0.0 409.0 110.0
WheatHead 12.0 48.0 79.0 133.0
WheatHead 732.0 488.0 826.0 555.0
WheatHead 332.0 284.0 419.0 412.0
WheatHead 40.0 460.0 204.0 517.0
WheatHead 704.0 860.0 760.0 1006.0
WheatHead 0.0 138.0 81.0 268.0
WheatHead 58.0 954.0 189.0 1024.0
WheatHead 417.0 0.0 550.0 140.0
WheatHead 156.0 686.0 422.0 785.0
WheatHead 76.0 69.0 156.0 128.0
WheatHead 171.0 417.0 325.0 488.0
WheatHead 831.0 743.0 996.0 972.0
WheatHead 145.0 151.0 330.0 250.0
WheatHead 801.0 151.0 862.0 215.0
WheatHead 332.0 163.0 396.0 284.0
WheatHead 634.0 343.0 772.0 444.0
WheatHead 640.0 220.0 806.0 378.0
WheatHead 463.0 0.0 552.0 46.0
WheatHead 573.0 76.0 645.0 158.0
WheatHead 762.0 865.0 842.0 934.0
WheatHead 366.0 793.0 458.0 1000.0
WheatHead 601.0 558.0 734.0 637.0
WheatHead 632.0 919.0 706.0 1003.0
WheatHead 64.0 235.0 179.0 353.0
WheatHead 665.0 0.0 773.0 102.0
WheatHead 122.0 209.0 220.0 399.0
WheatHead 506.0 184.0 581.0 368.0
WheatHead 174.0 785.0 276.0 860.0
WheatHead 125.0 12.0 202.0 74.0
WheatHead 640.0 0.0 818.0 50.0
WheatHead 94.0 130.0 158.0 202.0
WheatHead 286.0 888.0 355.0 967.0
WheatHead 473.0 775.0 560.0 1024.0
WheatHead 99.0 156.0 194.0 253.0
WheatHead 556.0 806.0 673.0 1019.0
WheatHead 537.0 0.0 616.0 76.0
WheatHead 949.0 87.0 1024.0 217.0
WheatHead 33.0 327.0 276.0 450.0
WheatHead 586.0 145.0 647.0 263.0
WheatHead 614.0 53.0 734.0 107.0
WheatHead 788.0 962.0 893.0 1024.0
WheatHead 368.0 606.0 445.0 732.0
WheatHead 0.0 972.0 46.0 1024.0
WheatHead 542.0 199.0 614.0 309.0
WheatHead 609.0 501.0 683.0 578.0
WheatHead 453.0 0.0 545.0 199.0
WheatHead 307.0 952.0 373.0 1024.0
WheatHead 974.0 771.0 1022.0 920.0
WheatHead 947.0 419.0 1011.0 519.0
WheatHead 729.0 248.0 814.0 396.0
WheatHead 48.0 117.0 122.0 168.0
WheatHead 87.0 924.0 304.0 1013.0
WheatHead 128.0 911.0 202.0 962.0
WheatHead 701.0 954.0 752.0 1024.0
WheatHead 652.0 993.0 704.0 1024.0
WheatHead 499.0 677.0 550.0 726.0
WheatHead 445.0 903.0 499.0 1024.0
WheatHead 256.0 826.0 320.0 921.0
WheatHead 893.0 737.0 996.0 889.0
WheatHead 785.0 791.0 844.0 865.0
WheatHead 778.0 829.0 949.0 967.0
WheatHead 143.0 586.0 204.0 706.0
WheatHead 209.0 524.0 273.0 711.0
WheatHead 253.0 593.0 350.0 660.0
WheatHead 248.0 650.0 302.0 714.0
WheatHead 320.0 629.0 417.0 783.0
WheatHead 591.0 568.0 757.0 696.0
WheatHead 954.0 540.0 1024.0 665.0
WheatHead 363.0 632.0 414.0 691.0
WheatHead 353.0 412.0 473.0 599.0
WheatHead 488.0 442.0 629.0 560.0
WheatHead 422.0 422.0 568.0 529.0
WheatHead 481.0 442.0 552.0 496.0
WheatHead 936.0 212.0 1024.0 286.0
