WheatHead 40.0 805.0 143.0 866.0
WheatHead 2.0 154.0 119.0 239.0
WheatHead 0.0 893.0 126.0 961.0
WheatHead 0.0 749.0 92.0 794.0
WheatHead 655.0 856.0 780.0 923.0
WheatHead 644.0 562.0 718.0 625.0
WheatHead 518.0 249.0 637.0 310.0
WheatHead 367.0 68.0 451.0 157.0
WheatHead 94.0 567.0 199.0 625.0
WheatHead 417.0 371.0 505.0 417.0
WheatHead 61.0 405.0 170.0 485.0
WheatHead 736.0 846.0 827.0 916.0
WheatHead 753.0 24.0 875.0 68.0
WheatHead 892.0 537.0 992.0 620.0
WheatHead 850.0 0.0 932.0 42.0
WheatHead 136.0 292.0 243.0 332.0
WheatHead 940.0 436.0 1004.0 499.0
WheatHead 936.0 501.0 1010.0 555.0
WheatHead 461.0 256.0 548.0 301.0
WheatHead 591.0 69.0 696.0 166.0
WheatHead 13.0 285.0 137.0 320.0
WheatHead 339.0 407.0 467.0 465.0
WheatHead 214.0 649.0 334.0 703.0
WheatHead 218.0 262.0 318.0 305.0
WheatHead 649.0 447.0 715.0 531.0
WheatHead 421.0 461.0 563.0 537.0
WheatHead 953.0 985.0 1010.0 1024.0
WheatHead 202.0 955.0 316.0 1004.0
WheatHead 981.0 255.0 1024.0 293.0
WheatHead 625.0 0.0 707.0 39.0
WheatHead 454.0 309.0 529.0 342.0
WheatHead 645.0 739.0 707.0 771.0
WheatHead 506.0 812.0 570.0 850.0
WheatHead 895.0 173.0 959.0 233.0
WheatHead 682.0 638.0 761.0 663.0
WheatHead 378.0 522.0 454.0 559.0
WheatHead 907.0 876.0 1002.0 930.0
WheatHead 106.0 359.0 176.0 387.0
WheatHead 0.0 558.0 86.0 613.0
WheatHead 534.0 640.0 641.0 699.0
WheatHead 415.0 566.0 545.0 613.0
WheatHead 936.0 271.0 1024.0 340.0
WheatHead 30.0 974.0 115.0 1005.0
WheatHead 974.0 806.0 1024.0 828.0
WheatHead 243.0 512.0 301.0 558.0
WheatHead 862.0 234.0 940.0 289.0
WheatHead 752.0 727.0 797.0 770.0
WheatHead 387.0 475.0 454.0 516.0
WheatHead 688.0 521.0 827.0 581.0
WheatHead 607.0 621.0 690.0 637.0
WheatHead 402.0 710.0 511.0 752.0
WheatHead 241.0 321.0 328.0 355.0
WheatHead 533.0 909.0 637.0 959.0
WheatHead 308.0 539.0 367.0 573.0
WheatHead 281.0 166.0 337.0 225.0
WheatHead 0.0 845.0 77.0 878.0
WheatHead 275.0 587.0 465.0 636.0
WheatHead 157.0 65.0 273.0 181.0
WheatHead 120.0 9.0 165.0 69.0
WheatHead 332.70001220703125 286.0 455.8999938964844 344.70001220703125
WheatHead 782.0 564.0 888.0 609.0
WheatHead 31.0 698.0 98.0 747.0
WheatHead 730.0 570.0 823.0 623.0
WheatHead 49.0 653.0 141.0 702.0
WheatHead 872.0 924.0 985.0 972.0
WheatHead 823.0 901.0 884.0 944.0
WheatHead 498.0 926.0 579.0 968.0
