WheatHead 180.0 56.0 225.0 92.0
WheatHead 269.0 0.0 327.0 33.0
WheatHead 316.0 15.0 376.0 65.0
WheatHead 439.0 0.0 509.0 33.0
WheatHead 741.0 0.0 787.0 38.0
WheatHead 778.0 126.0 839.0 229.0
WheatHead 778.0 38.0 839.0 72.0
WheatHead 656.0 98.0 692.0 173.0
WheatHead 627.0 130.0 668.0 167.0
WheatHead 941.0 391.0 979.0 431.0
WheatHead 977.0 583.0 1024.0 658.0
WheatHead 788.0 783.0 871.0 827.0
WheatHead 903.0 940.0 949.0 1000.0
WheatHead 852.0 451.0 896.0 498.0
WheatHead 827.0 389.0 858.0 437.0
WheatHead 572.0 421.0 636.0 467.0
WheatHead 468.0 424.0 544.0 476.0
WheatHead 367.0 360.0 419.0 419.0
WheatHead 357.0 302.0 418.0 343.0
WheatHead 428.0 514.0 486.0 581.0
WheatHead 374.0 574.0 425.0 643.0
WheatHead 502.0 632.0 586.0 705.0
WheatHead 578.0 559.0 653.0 619.0
WheatHead 660.0 552.0 693.0 607.0
WheatHead 786.0 641.0 849.0 709.0
WheatHead 750.0 956.0 809.0 1011.0
WheatHead 480.0 922.0 550.0 976.0
WheatHead 640.0 918.0 679.0 1015.0
WheatHead 438.0 769.0 525.0 811.0
WheatHead 54.0 340.0 115.0 388.0
WheatHead 47.0 385.0 140.0 444.0
WheatHead 67.0 442.0 122.0 478.0
WheatHead 56.0 921.0 114.0 1000.0
WheatHead 0.0 952.0 74.0 997.0
WheatHead 88.0 937.0 207.0 980.0
WheatHead 194.0 897.0 278.0 973.0
WheatHead 96.0 984.0 195.0 1024.0
WheatHead 232.0 576.0 267.0 622.0
WheatHead 130.0 544.0 207.0 611.0
WheatHead 0.0 586.0 31.0 663.0
