WheatHead 501.0 794.0 562.0 878.0
WheatHead 509.0 312.0 604.0 422.0
WheatHead 527.0 498.0 615.0 573.0
WheatHead 712.0 1.0 809.0 69.0
WheatHead 62.0 80.0 150.0 174.0
WheatHead 865.0 742.0 969.0 827.0
WheatHead 909.0 327.0 991.0 422.0
WheatHead 483.0 21.0 550.0 131.0
WheatHead 674.0 70.0 785.0 166.0
WheatHead 206.0 161.0 278.0 294.0
WheatHead 19.0 103.0 97.0 177.0
WheatHead 724.0 804.0 840.0 872.0
WheatHead 244.0 483.0 339.0 541.0
WheatHead 141.0 561.0 265.0 620.0
WheatHead 477.0 151.0 548.0 248.0
WheatHead 268.0 354.0 367.0 433.0
WheatHead 847.0 169.0 934.0 225.0
WheatHead 103.0 4.0 219.0 92.0
WheatHead 993.0 364.0 1024.0 476.0
WheatHead 701.0 630.0 789.0 669.0
WheatHead 678.0 163.0 796.0 228.0
WheatHead 653.0 749.0 726.0 827.0
WheatHead 843.0 776.0 941.0 836.0
WheatHead 689.0 462.0 797.0 525.0
WheatHead 865.0 933.0 912.0 1024.0
WheatHead 761.0 716.0 819.0 787.0
WheatHead 413.0 23.0 485.0 119.0
WheatHead 613.0 864.0 686.0 915.0
WheatHead 643.0 558.0 803.0 621.0
WheatHead 447.0 373.0 565.0 432.0
WheatHead 380.0 894.0 467.0 922.0
WheatHead 940.0 868.0 969.0 921.0
WheatHead 173.0 520.0 298.0 572.0
WheatHead 413.0 162.0 510.0 232.0
WheatHead 947.0 36.0 1024.0 140.0
WheatHead 763.0 93.0 834.0 181.0
WheatHead 133.0 488.0 221.0 528.0
WheatHead 382.0 578.0 484.0 636.0
WheatHead 192.0 8.0 292.0 81.0
WheatHead 827.0 116.0 891.0 156.0
WheatHead 26.0 931.0 138.0 991.0
WheatHead 118.0 959.0 234.0 1024.0
WheatHead 569.0 923.0 659.0 961.0
WheatHead 496.0 907.0 546.0 959.0
WheatHead 495.0 639.0 569.0 687.0
WheatHead 537.0 597.0 675.0 650.0
WheatHead 354.0 106.0 483.0 177.0
WheatHead 384.0 314.0 517.0 437.0
