WheatHead 944.0 10.0 1024.0 192.0
WheatHead 778.0 125.0 997.0 306.0
WheatHead 858.0 279.0 1014.0 389.0
WheatHead 99.0 9.0 169.0 99.0
WheatHead 8.0 0.0 75.0 80.0
WheatHead 360.0 157.0 440.0 269.0
WheatHead 483.0 230.0 572.0 384.0
WheatHead 596.0 309.0 675.0 389.0
WheatHead 611.0 230.0 729.0 318.0
WheatHead 544.0 33.0 630.0 154.0
WheatHead 615.0 0.0 751.0 65.0
WheatHead 663.0 77.0 775.0 279.0
WheatHead 504.0 463.0 601.0 615.0
WheatHead 591.0 450.0 687.0 686.0
WheatHead 777.0 532.0 888.0 741.0
WheatHead 353.0 401.0 422.0 576.0
WheatHead 243.0 502.0 316.0 656.0
WheatHead 294.0 713.0 363.0 819.0
WheatHead 137.0 692.0 211.0 775.0
WheatHead 28.0 404.0 97.0 571.0
WheatHead 115.0 158.0 178.0 221.0
WheatHead 178.0 167.0 248.0 422.0
WheatHead 238.0 192.0 302.0 373.0
WheatHead 551.0 751.0 705.0 1006.0
WheatHead 610.0 744.0 672.0 834.0
WheatHead 432.0 681.0 538.0 946.0
WheatHead 357.0 651.0 407.0 705.0
WheatHead 96.0 754.0 162.0 816.0
WheatHead 0.0 662.0 105.0 852.0
WheatHead 0.0 833.0 98.0 892.0
WheatHead 128.0 914.0 233.0 1024.0
WheatHead 814.0 750.0 879.0 1016.0
WheatHead 925.0 762.0 1024.0 993.0
WheatHead 973.0 875.0 1024.0 935.0
WheatHead 541.0 0.0 614.0 33.0
WheatHead 398.0 958.0 572.0 1024.0
