WheatHead 632.0 663.0 711.0 755.0
WheatHead 366.0 921.0 473.0 1013.0
WheatHead 849.0 378.0 939.0 460.0
WheatHead 535.0 663.0 645.0 732.0
WheatHead 814.0 291.0 880.0 368.0
WheatHead 337.0 783.0 430.0 911.0
WheatHead 422.0 596.0 614.0 680.0
WheatHead 913.0 174.0 1003.0 304.0
WheatHead 7.0 389.0 133.0 488.0
WheatHead 762.0 112.0 906.0 268.0
WheatHead 675.0 20.0 796.0 189.0
WheatHead 23.0 496.0 89.0 583.0
WheatHead 465.0 222.0 558.0 417.0
WheatHead 64.0 71.0 194.0 176.0
WheatHead 591.0 381.0 834.0 486.0
WheatHead 634.0 798.0 796.0 934.0
WheatHead 17.0 744.0 128.0 829.0
WheatHead 184.0 432.0 268.0 570.0
WheatHead 273.0 2.0 394.0 186.0
WheatHead 166.0 117.0 248.0 245.0
WheatHead 166.0 291.0 394.0 455.0
WheatHead 898.0 788.0 998.0 901.0
WheatHead 87.0 842.0 156.0 934.0
WheatHead 402.0 737.0 559.0 896.0
WheatHead 25.0 665.0 125.0 750.0
WheatHead 332.0 2.0 529.0 145.0
WheatHead 752.0 773.0 811.0 839.0
WheatHead 983.0 768.0 1024.0 839.0
WheatHead 834.0 693.0 947.0 793.0
WheatHead 398.0 448.0 490.0 548.0
WheatHead 903.0 28.0 1021.0 153.0
WheatHead 360.0 256.0 440.0 337.0
WheatHead 609.0 92.0 744.0 266.0
WheatHead 591.0 517.0 698.0 596.0
WheatHead 642.0 560.0 839.0 629.0
WheatHead 688.0 757.0 762.0 852.0
WheatHead 926.0 670.0 980.0 739.0
WheatHead 242.0 481.0 317.0 620.0
WheatHead 931.0 494.0 983.0 547.0
WheatHead 12.0 780.0 84.0 883.0
WheatHead 2.0 145.0 56.0 345.0
WheatHead 115.0 166.0 192.0 276.0
WheatHead 345.0 407.0 424.0 535.0
WheatHead 133.0 847.0 263.0 916.0
WheatHead 0.0 942.0 34.0 1011.0
WheatHead 880.0 762.0 944.0 842.0
WheatHead 609.0 611.0 711.0 663.0
WheatHead 76.0 540.0 171.0 611.0
WheatHead 732.0 2.0 791.0 94.0
WheatHead 536.0 0.0 634.0 39.0
WheatHead 665.0 312.0 747.0 424.0
WheatHead 586.0 148.0 645.0 238.0
WheatHead 499.0 885.0 544.0 928.0
WheatHead 655.0 760.0 716.0 808.0
