WheatHead 182.0 35.0 256.0 104.0
WheatHead 76.0 89.0 155.0 154.0
WheatHead 116.0 146.0 195.0 218.0
WheatHead 38.0 263.0 133.0 363.0
WheatHead 0.0 369.0 87.0 476.0
WheatHead 118.0 434.0 176.0 491.0
WheatHead 226.0 415.0 293.0 477.0
WheatHead 426.0 349.0 488.0 414.0
WheatHead 391.0 407.0 468.0 469.0
WheatHead 445.0 483.0 560.0 547.0
WheatHead 533.0 432.0 602.0 493.0
WheatHead 585.0 376.0 670.0 469.0
WheatHead 665.0 395.0 730.0 465.0
WheatHead 719.0 399.0 774.0 467.0
WheatHead 780.0 372.0 838.0 440.0
WheatHead 821.0 394.0 889.0 466.0
WheatHead 873.0 394.0 926.0 456.0
WheatHead 224.0 567.0 321.0 630.0
WheatHead 305.0 544.0 396.0 608.0
WheatHead 516.0 623.0 585.0 691.0
WheatHead 12.0 798.0 108.0 887.0
WheatHead 2.0 877.0 64.0 939.0
WheatHead 7.0 962.0 87.0 1024.0
WheatHead 147.0 943.0 219.0 1016.0
WheatHead 209.0 781.0 283.0 864.0
WheatHead 306.0 732.0 398.0 827.0
WheatHead 433.0 843.0 498.0 918.0
WheatHead 489.0 844.0 566.0 916.0
WheatHead 401.0 857.0 445.0 923.0
WheatHead 674.0 749.0 743.0 814.0
WheatHead 500.0 920.0 607.0 1007.0
WheatHead 623.0 936.0 697.0 1003.0
WheatHead 906.0 988.0 992.0 1024.0
WheatHead 951.0 771.0 1024.0 849.0
WheatHead 984.0 580.0 1024.0 660.0
WheatHead 724.0 564.0 809.0 633.0
WheatHead 640.0 590.0 706.0 649.0
WheatHead 779.0 498.0 857.0 570.0
WheatHead 849.0 505.0 909.0 575.0
WheatHead 980.0 507.0 1024.0 572.0
WheatHead 892.0 178.0 959.0 234.0
WheatHead 641.0 146.0 719.0 206.0
WheatHead 421.0 139.0 501.0 203.0
WheatHead 432.0 67.0 515.0 139.0
WheatHead 495.0 33.0 567.0 111.0
WheatHead 650.0 77.0 741.0 143.0
WheatHead 890.0 49.0 957.0 114.0
WheatHead 525.0 0.0 609.0 68.0
WheatHead 570.0 0.0 637.0 34.0
WheatHead 642.0 0.0 697.0 33.0
WheatHead 10.0 288.0 60.0 340.0
WheatHead 540.0 1010.0 572.0 1024.0
WheatHead 361.0 994.0 462.0 1023.0
WheatHead 309.0 997.0 363.0 1024.0
WheatHead 959.0 87.0 1003.0 136.0
WheatHead 74.0 422.0 117.0 491.0
WheatHead 533.0 854.0 585.0 902.0
WheatHead 206.0 572.0 244.0 630.0
