WheatHead 685.0 0.0 825.0 71.0
WheatHead 251.0 136.0 419.0 227.0
WheatHead 470.0 130.0 588.0 226.0
WheatHead 500.0 222.0 606.0 291.0
WheatHead 388.0 247.0 541.0 330.0
WheatHead 388.0 321.0 488.0 395.0
WheatHead 85.0 258.0 251.0 333.0
WheatHead 499.0 362.0 657.0 478.0
WheatHead 31.0 517.0 226.0 667.0
WheatHead 131.0 755.0 254.0 836.0
WheatHead 266.0 743.0 345.0 815.0
WheatHead 335.0 614.0 518.0 705.0
WheatHead 494.0 640.0 581.0 843.0
WheatHead 424.0 801.0 485.0 875.0
WheatHead 354.0 833.0 423.0 906.0
WheatHead 249.0 897.0 331.0 995.0
WheatHead 0.0 868.0 134.0 988.0
WheatHead 333.0 954.0 411.0 1024.0
WheatHead 815.0 873.0 893.0 986.0
WheatHead 910.0 842.0 996.0 930.0
WheatHead 756.0 780.0 902.0 874.0
WheatHead 682.0 834.0 748.0 895.0
WheatHead 645.0 556.0 751.0 738.0
WheatHead 647.0 486.0 733.0 571.0
WheatHead 766.0 539.0 853.0 644.0
WheatHead 743.0 484.0 917.0 565.0
WheatHead 684.0 407.0 879.0 474.0
WheatHead 965.0 347.0 1024.0 446.0
WheatHead 909.0 389.0 966.0 454.0
WheatHead 759.0 240.0 849.0 337.0
WheatHead 845.0 230.0 926.0 328.0
WheatHead 881.0 126.0 938.0 191.0
WheatHead 982.0 166.0 1024.0 264.0
WheatHead 342.0 388.0 404.0 470.0
WheatHead 22.0 686.0 108.0 781.0
WheatHead 470.0 40.0 543.0 139.0
WheatHead 491.0 683.0 604.0 763.0
