WheatHead 0.0 489.0 20.0 596.0
WheatHead 0.0 846.0 169.0 993.0
WheatHead 0.0 316.0 26.0 450.0
WheatHead 0.0 0.0 38.0 163.0
WheatHead 266.0 0.0 442.0 36.0
WheatHead 244.0 0.0 388.0 81.0
WheatHead 120.0 2.0 248.0 180.0
WheatHead 239.0 133.0 309.0 250.0
WheatHead 150.0 199.0 234.0 311.0
WheatHead 285.0 353.0 382.0 528.0
WheatHead 161.0 460.0 267.0 689.0
WheatHead 100.0 571.0 223.0 705.0
WheatHead 73.0 501.0 159.0 568.0
WheatHead 60.0 696.0 237.0 852.0
WheatHead 38.0 783.0 230.0 1016.0
WheatHead 312.0 941.0 379.0 1024.0
WheatHead 248.0 545.0 350.0 791.0
WheatHead 361.0 634.0 504.0 766.0
WheatHead 641.0 945.0 747.0 1024.0
WheatHead 826.0 962.0 892.0 1024.0
WheatHead 390.0 507.0 523.0 646.0
WheatHead 482.0 653.0 594.0 799.0
WheatHead 617.0 517.0 671.0 622.0
WheatHead 683.0 393.0 813.0 636.0
WheatHead 769.0 552.0 841.0 762.0
WheatHead 967.0 636.0 1024.0 697.0
WheatHead 634.0 143.0 721.0 358.0
WheatHead 476.0 215.0 592.0 357.0
WheatHead 473.0 47.0 552.0 152.0
WheatHead 606.0 0.0 687.0 128.0
WheatHead 516.0 415.0 712.0 487.0
WheatHead 817.0 751.0 984.0 826.0
