WheatHead 940.0 57.0 1024.0 151.0
WheatHead 657.0 450.0 778.0 524.0
WheatHead 837.0 71.0 939.0 158.0
WheatHead 647.0 791.0 762.0 875.0
WheatHead 652.0 637.0 747.0 693.0
WheatHead 640.0 289.0 732.0 419.0
WheatHead 131.0 953.0 223.0 1024.0
WheatHead 312.0 901.0 389.0 988.0
WheatHead 96.0 335.0 144.0 398.0
WheatHead 576.0 66.0 643.0 190.0
WheatHead 450.0 142.0 529.0 267.0
WheatHead 727.0 864.0 888.0 924.0
WheatHead 555.0 304.0 640.0 381.0
WheatHead 79.0 537.0 153.0 604.0
WheatHead 422.0 17.0 496.0 120.0
WheatHead 360.0 144.0 437.0 230.0
WheatHead 535.0 890.0 670.0 1006.0
WheatHead 406.0 744.0 487.0 799.0
WheatHead 898.0 803.0 1016.0 860.0
WheatHead 0.0 335.0 35.0 432.0
WheatHead 899.0 908.0 984.0 975.0
WheatHead 460.0 537.0 535.0 609.0
WheatHead 732.0 921.0 880.0 985.0
WheatHead 569.0 240.0 624.0 308.0
WheatHead 12.0 164.0 93.0 252.0
WheatHead 2.0 271.0 87.0 340.0
WheatHead 23.0 337.0 84.0 394.0
WheatHead 704.0 314.0 796.0 391.0
WheatHead 40.0 190.0 120.0 268.0
WheatHead 601.0 59.0 692.0 192.0
WheatHead 105.0 326.0 187.0 415.0
