WheatHead 307.0 258.0 401.0 368.0
WheatHead 220.0 688.0 309.0 765.0
WheatHead 112.0 878.0 204.0 942.0
WheatHead 1.0 133.0 117.0 221.0
WheatHead 396.0 903.0 476.0 962.0
WheatHead 84.0 581.0 174.0 660.0
WheatHead 514.0 634.0 645.0 706.0
WheatHead 58.0 780.0 202.0 857.0
WheatHead 0.0 624.0 61.0 701.0
WheatHead 783.0 609.0 919.0 673.0
WheatHead 20.0 983.0 135.0 1024.0
WheatHead 207.0 596.0 317.0 663.0
WheatHead 0.0 43.0 10.0 140.0
WheatHead 0.0 491.0 64.0 573.0
WheatHead 0.0 901.0 71.0 980.0
WheatHead 386.0 524.0 455.0 588.0
WheatHead 529.0 849.0 647.0 929.0
WheatHead 719.0 348.0 829.0 419.0
WheatHead 133.0 302.0 243.0 376.0
WheatHead 524.0 35.0 704.0 117.0
WheatHead 243.0 837.0 332.0 916.0
WheatHead 578.0 317.0 744.0 440.0
WheatHead 642.0 709.0 768.0 780.0
WheatHead 616.0 483.0 765.0 555.0
WheatHead 156.0 140.0 271.0 240.0
WheatHead 637.0 647.0 737.0 721.0
WheatHead 437.0 980.0 558.0 1024.0
WheatHead 668.0 552.0 791.0 614.0
WheatHead 0.0 38.0 71.0 150.0
WheatHead 721.0 509.0 855.0 573.0
WheatHead 48.0 345.0 156.0 430.0
WheatHead 614.0 890.0 757.0 949.0
WheatHead 64.0 389.0 168.0 465.0
WheatHead 540.0 430.0 665.0 499.0
WheatHead 179.0 209.0 286.0 273.0
WheatHead 0.0 852.0 71.0 939.0
WheatHead 45.0 0.0 110.0 135.0
WheatHead 296.0 148.0 371.0 209.0
WheatHead 581.0 355.0 657.0 414.0
WheatHead 616.0 307.0 701.0 396.0
WheatHead 915.0 288.0 1017.0 359.0
WheatHead 91.0 1.0 167.0 111.0
