WheatHead 96.0 0.0 245.0 37.0
WheatHead 291.0 0.0 381.0 97.0
WheatHead 0.0 18.0 52.0 73.0
WheatHead 29.0 437.0 111.0 490.0
WheatHead 75.0 556.0 127.0 666.0
WheatHead 138.0 561.0 209.0 684.0
WheatHead 313.0 221.0 391.0 290.0
WheatHead 307.0 307.0 410.0 378.0
WheatHead 111.0 400.0 193.0 466.0
WheatHead 208.0 455.0 290.0 529.0
WheatHead 413.0 415.0 602.0 512.0
WheatHead 381.0 438.0 444.0 488.0
WheatHead 639.0 333.0 710.0 406.0
WheatHead 671.0 395.0 737.0 616.0
WheatHead 960.0 119.0 1024.0 193.0
WheatHead 955.0 0.0 1024.0 78.0
WheatHead 348.0 129.0 468.0 179.0
WheatHead 639.0 631.0 722.0 701.0
WheatHead 473.0 544.0 598.0 628.0
WheatHead 342.0 597.0 438.0 647.0
WheatHead 372.0 668.0 468.0 736.0
WheatHead 795.0 672.0 878.0 737.0
WheatHead 946.0 627.0 1024.0 687.0
WheatHead 899.0 743.0 1024.0 842.0
WheatHead 834.0 751.0 903.0 823.0
WheatHead 899.0 858.0 961.0 937.0
WheatHead 365.0 799.0 456.0 859.0
WheatHead 441.0 841.0 514.0 893.0
WheatHead 88.0 697.0 145.0 785.0
WheatHead 0.0 859.0 43.0 946.0
WheatHead 114.0 964.0 198.0 1024.0
WheatHead 126.0 852.0 194.0 948.0
WheatHead 112.0 803.0 189.0 879.0
WheatHead 216.0 837.0 320.0 899.0
WheatHead 219.0 890.0 347.0 949.0
WheatHead 367.0 919.0 471.0 1002.0
WheatHead 530.0 993.0 610.0 1024.0
WheatHead 176.0 120.0 240.0 211.0
WheatHead 169.0 956.0 296.0 1011.0
