WheatHead 0.0 722.0 19.0 846.0
WheatHead 0.0 368.0 82.0 557.0
WheatHead 0.0 130.0 157.0 200.0
WheatHead 188.0 220.0 326.0 377.0
WheatHead 248.0 431.0 307.0 563.0
WheatHead 161.0 509.0 258.0 673.0
WheatHead 96.0 348.0 173.0 516.0
WheatHead 303.0 393.0 379.0 516.0
WheatHead 405.0 466.0 598.0 606.0
WheatHead 423.0 559.0 529.0 681.0
WheatHead 134.0 664.0 308.0 780.0
WheatHead 133.0 830.0 364.0 914.0
WheatHead 687.0 722.0 898.0 801.0
WheatHead 784.0 883.0 920.0 961.0
WheatHead 813.0 945.0 910.0 1024.0
WheatHead 929.0 893.0 1017.0 1024.0
WheatHead 889.0 681.0 998.0 813.0
WheatHead 884.0 635.0 1024.0 717.0
WheatHead 584.0 360.0 732.0 502.0
WheatHead 746.0 340.0 1008.0 519.0
WheatHead 720.0 427.0 835.0 518.0
WheatHead 954.0 374.0 1024.0 446.0
WheatHead 262.0 0.0 375.0 110.0
WheatHead 714.0 4.0 805.0 104.0
WheatHead 919.0 35.0 1024.0 100.0
WheatHead 858.0 37.0 923.0 114.0
WheatHead 464.0 765.0 543.0 891.0
WheatHead 0.0 949.0 97.0 1024.0
WheatHead 697.0 727.0 1024.0 875.0
WheatHead 633.0 706.0 722.0 775.0
WheatHead 296.0 881.0 405.0 957.0
WheatHead 463.0 268.0 518.0 355.0
