WheatHead 576.0 5.0 675.0 99.0
WheatHead 972.0 849.0 1024.0 957.0
WheatHead 196.0 963.0 267.0 1024.0
WheatHead 289.0 477.0 423.0 533.0
WheatHead 36.0 858.0 125.0 942.0
WheatHead 834.0 1.0 906.0 91.0
WheatHead 161.0 214.0 251.0 271.0
WheatHead 569.0 537.0 647.0 612.0
WheatHead 907.0 344.0 974.0 419.0
WheatHead 617.0 315.0 749.0 374.0
WheatHead 671.0 653.0 719.0 748.0
WheatHead 888.0 94.0 968.0 155.0
WheatHead 590.0 504.0 643.0 601.0
WheatHead 235.0 89.0 334.0 194.0
WheatHead 293.0 196.0 390.0 253.0
WheatHead 195.0 292.0 301.0 346.0
WheatHead 658.0 790.0 715.0 871.0
WheatHead 495.0 150.0 524.0 243.0
WheatHead 531.0 196.0 608.0 253.0
WheatHead 36.0 790.0 96.0 847.0
WheatHead 0.0 215.0 38.0 273.0
WheatHead 653.0 162.0 774.0 252.0
WheatHead 139.0 88.0 230.0 177.0
WheatHead 873.0 630.0 948.0 674.0
WheatHead 713.0 408.0 768.0 487.0
WheatHead 548.0 968.0 602.0 1024.0
WheatHead 780.0 720.0 857.0 763.0
WheatHead 520.0 567.0 584.0 630.0
WheatHead 946.0 525.0 1024.0 559.0
WheatHead 701.0 563.0 745.0 628.0
WheatHead 448.0 363.0 524.0 411.0
WheatHead 15.0 172.0 106.0 240.0
WheatHead 629.0 106.0 740.0 193.0
WheatHead 869.0 935.0 942.0 962.0
WheatHead 390.0 857.0 464.0 892.0
WheatHead 640.0 995.0 712.0 1024.0
WheatHead 368.0 781.0 451.0 821.0
WheatHead 815.0 983.0 868.0 1024.0
WheatHead 438.0 912.0 464.0 978.0
WheatHead 14.0 587.0 91.0 638.0
WheatHead 331.0 98.0 380.0 135.0
WheatHead 955.0 0.0 1003.0 50.0
WheatHead 472.0 968.0 516.0 1021.0
WheatHead 20.0 133.0 88.0 167.0
WheatHead 23.0 266.0 80.0 329.0
WheatHead 322.0 279.0 418.0 327.0
WheatHead 849.0 984.0 898.0 1017.0
WheatHead 184.0 80.0 255.0 154.0
WheatHead 749.0 981.0 808.0 1017.0
WheatHead 938.0 294.0 1019.0 339.0
WheatHead 207.0 837.0 277.0 873.0
WheatHead 491.0 281.0 595.0 310.0
WheatHead 196.0 760.0 278.0 787.0
WheatHead 345.0 707.0 539.0 766.0
WheatHead 25.0 884.0 73.0 954.0
WheatHead 776.0 944.0 856.0 980.0
WheatHead 225.0 720.0 317.0 770.0
WheatHead 974.0 711.0 1024.0 759.0
WheatHead 878.0 265.0 948.0 309.0
WheatHead 99.0 95.0 163.0 139.0
WheatHead 296.0 689.0 360.0 719.0
WheatHead 196.0 902.0 266.0 968.0
WheatHead 376.0 936.0 436.0 972.0
WheatHead 0.0 46.0 13.0 60.0
WheatHead 891.0 395.0 922.0 466.0
WheatHead 512.0 735.0 577.0 784.0
WheatHead 611.0 284.0 706.0 346.0
WheatHead 394.0 616.0 506.0 659.0
WheatHead 417.0 652.0 466.0 700.0
