WheatHead 0.0 595.0 59.0 680.0
WheatHead 3.0 722.0 72.0 815.0
WheatHead 0.0 803.0 116.0 875.0
WheatHead 131.0 782.0 251.0 836.0
WheatHead 0.0 1001.0 60.0 1024.0
WheatHead 0.0 873.0 45.0 926.0
WheatHead 78.0 898.0 135.0 988.0
WheatHead 116.0 956.0 181.0 1024.0
WheatHead 0.0 932.0 67.0 997.0
WheatHead 669.0 909.0 802.0 1024.0
WheatHead 476.0 926.0 672.0 1024.0
WheatHead 534.0 813.0 627.0 909.0
WheatHead 408.0 863.0 480.0 942.0
WheatHead 191.0 900.0 335.0 998.0
WheatHead 244.0 854.0 312.0 916.0
WheatHead 290.0 826.0 371.0 913.0
WheatHead 474.0 610.0 567.0 693.0
WheatHead 559.0 549.0 643.0 675.0
WheatHead 536.0 510.0 624.0 585.0
WheatHead 342.0 442.0 413.0 531.0
WheatHead 210.0 498.0 358.0 583.0
WheatHead 165.0 643.0 327.0 695.0
WheatHead 187.0 677.0 258.0 747.0
WheatHead 662.0 605.0 853.0 659.0
WheatHead 786.0 780.0 919.0 841.0
WheatHead 923.0 777.0 1024.0 826.0
WheatHead 873.0 697.0 1024.0 755.0
WheatHead 825.0 641.0 974.0 697.0
WheatHead 973.0 446.0 1024.0 509.0
WheatHead 560.0 318.0 636.0 371.0
WheatHead 691.0 298.0 823.0 352.0
WheatHead 685.0 375.0 769.0 431.0
WheatHead 784.0 269.0 832.0 404.0
WheatHead 97.0 259.0 241.0 348.0
WheatHead 0.0 191.0 39.0 297.0
WheatHead 0.0 122.0 99.0 223.0
WheatHead 132.0 162.0 192.0 221.0
WheatHead 226.0 130.0 347.0 190.0
WheatHead 129.0 82.0 223.0 163.0
WheatHead 367.0 64.0 455.0 133.0
WheatHead 438.0 3.0 529.0 76.0
WheatHead 487.0 163.0 587.0 244.0
WheatHead 566.0 80.0 650.0 181.0
WheatHead 751.0 109.0 799.0 220.0
WheatHead 893.0 140.0 1018.0 213.0
WheatHead 662.0 26.0 741.0 92.0
WheatHead 718.0 48.0 781.0 98.0
WheatHead 589.0 0.0 668.0 71.0
WheatHead 936.0 8.0 1020.0 64.0
