WheatHead 74.0 796.0 171.0 879.0
WheatHead 433.0 46.0 515.0 139.0
WheatHead 623.0 537.0 711.0 625.0
WheatHead 210.0 60.0 300.0 152.0
WheatHead 704.0 129.0 764.0 217.0
WheatHead 472.0 155.0 601.0 231.0
WheatHead 3.0 435.0 90.0 519.0
WheatHead 102.0 182.0 187.0 267.0
WheatHead 247.0 46.0 358.0 134.0
WheatHead 318.0 161.0 409.0 229.0
WheatHead 356.0 469.0 450.0 537.0
WheatHead 44.0 205.0 149.0 316.0
WheatHead 4.0 587.0 91.0 640.0
WheatHead 972.0 69.0 1018.0 138.0
WheatHead 681.0 274.0 783.0 322.0
WheatHead 899.0 815.0 981.0 978.0
WheatHead 797.0 128.0 907.0 184.0
WheatHead 156.0 101.0 237.0 186.0
WheatHead 60.0 441.0 131.0 499.0
WheatHead 38.0 882.0 75.0 926.0
WheatHead 689.0 491.0 749.0 546.0
WheatHead 658.0 428.0 716.0 503.0
WheatHead 0.0 202.0 71.0 256.0
WheatHead 669.0 903.0 764.0 964.0
WheatHead 746.0 356.0 819.0 460.0
WheatHead 737.0 442.0 826.0 499.0
WheatHead 915.0 566.0 962.0 633.0
WheatHead 84.0 111.0 224.0 194.0
WheatHead 386.0 993.0 439.0 1024.0
WheatHead 39.0 761.0 99.0 799.0
WheatHead 49.0 532.0 118.0 574.0
WheatHead 192.0 526.0 260.0 576.0
WheatHead 42.0 153.0 112.0 221.0
WheatHead 647.0 843.0 722.0 908.0
WheatHead 425.0 719.0 491.0 760.0
WheatHead 844.0 83.0 950.0 161.0
WheatHead 438.0 901.0 517.0 944.0
WheatHead 465.0 467.0 513.0 558.0
WheatHead 1.0 975.0 112.0 1024.0
WheatHead 718.0 794.0 789.0 836.0
WheatHead 890.0 136.0 1024.0 260.0
WheatHead 0.0 81.0 83.0 162.0
WheatHead 844.0 575.0 905.0 637.0
WheatHead 421.0 143.0 472.0 241.0
WheatHead 225.0 409.0 284.0 546.0
WheatHead 226.0 959.0 283.0 986.0
WheatHead 963.0 293.0 1015.0 339.0
WheatHead 539.0 956.0 596.0 989.0
WheatHead 107.0 0.0 138.0 76.0
WheatHead 524.0 585.0 598.0 652.0
WheatHead 417.0 563.0 526.0 635.0
WheatHead 95.0 538.0 162.0 569.0
WheatHead 128.0 49.0 167.0 111.0
WheatHead 512.0 571.0 595.0 628.0
WheatHead 0.0 494.0 25.0 536.0
WheatHead 244.0 846.0 376.0 881.0
WheatHead 642.0 169.0 704.0 230.0
WheatHead 727.0 611.0 783.0 660.0
WheatHead 60.0 951.0 151.0 986.0
WheatHead 190.0 656.0 285.0 691.0
WheatHead 774.0 860.0 826.0 892.0
WheatHead 211.0 947.0 267.0 973.0
WheatHead 213.0 620.0 289.0 666.0
WheatHead 48.0 853.0 134.0 957.0
WheatHead 0.0 926.0 65.0 961.0
WheatHead 540.0 15.0 593.0 117.0
WheatHead 710.0 772.0 792.0 829.0
WheatHead 150.0 805.0 237.0 858.0
WheatHead 978.0 911.0 1024.0 952.0
WheatHead 301.0 172.0 344.0 227.0
WheatHead 779.0 972.0 826.0 1018.0
WheatHead 240.0 880.0 296.0 915.0
WheatHead 0.0 114.0 47.0 179.0
WheatHead 358.0 553.0 468.0 588.0
WheatHead 0.0 720.0 47.0 799.0
WheatHead 117.0 1002.0 203.0 1024.0
WheatHead 307.0 855.0 377.0 929.0
WheatHead 392.0 814.0 460.0 863.0
WheatHead 0.0 707.0 120.0 787.0
WheatHead 759.0 847.0 794.0 873.0
WheatHead 516.0 551.0 604.0 582.0
WheatHead 668.0 110.0 710.0 161.0
