WheatHead 896.0 130.0 1005.0 194.0
WheatHead 878.0 68.0 935.0 159.0
WheatHead 863.0 234.0 933.0 307.0
WheatHead 926.0 236.0 1016.0 303.0
WheatHead 718.0 272.0 833.0 336.0
WheatHead 774.0 397.0 869.0 486.0
WheatHead 608.0 295.0 665.0 421.0
WheatHead 677.0 486.0 746.0 552.0
WheatHead 610.0 485.0 681.0 576.0
WheatHead 484.0 357.0 583.0 460.0
WheatHead 430.0 355.0 497.0 414.0
WheatHead 287.0 235.0 415.0 326.0
WheatHead 347.0 89.0 436.0 224.0
WheatHead 115.0 1.0 225.0 38.0
WheatHead 67.0 77.0 157.0 191.0
WheatHead 82.0 178.0 160.0 267.0
WheatHead 232.0 171.0 296.0 266.0
WheatHead 692.0 141.0 762.0 244.0
WheatHead 768.0 59.0 841.0 161.0
WheatHead 990.0 667.0 1024.0 759.0
WheatHead 949.0 560.0 1013.0 624.0
WheatHead 961.0 369.0 1024.0 449.0
WheatHead 957.0 784.0 1024.0 858.0
WheatHead 819.0 627.0 911.0 722.0
WheatHead 803.0 541.0 882.0 612.0
WheatHead 740.0 641.0 799.0 712.0
WheatHead 488.0 574.0 585.0 646.0
WheatHead 605.0 609.0 691.0 684.0
WheatHead 418.0 742.0 535.0 830.0
WheatHead 374.0 587.0 456.0 691.0
WheatHead 559.0 802.0 664.0 849.0
WheatHead 118.0 728.0 245.0 836.0
WheatHead 217.0 651.0 365.0 729.0
WheatHead 208.0 597.0 296.0 750.0
WheatHead 737.0 874.0 814.0 941.0
WheatHead 699.0 961.0 821.0 1024.0
WheatHead 490.0 916.0 582.0 980.0
WheatHead 63.0 967.0 149.0 1024.0
WheatHead 359.0 873.0 441.0 971.0
WheatHead 298.0 894.0 441.0 948.0
WheatHead 277.0 417.0 429.0 526.0
WheatHead 400.0 481.0 496.0 598.0
WheatHead 858.0 173.0 918.0 244.0
WheatHead 689.0 349.0 744.0 399.0
WheatHead 682.0 673.0 777.0 754.0
WheatHead 613.0 728.0 667.0 861.0
WheatHead 930.0 375.0 1001.0 467.0
WheatHead 221.0 118.0 286.0 187.0
WheatHead 292.0 171.0 339.0 324.0
