WheatHead 0.0 956.0 35.0 1024.0
WheatHead 0.0 728.0 105.0 819.0
WheatHead 54.0 960.0 124.0 1014.0
WheatHead 102.0 911.0 201.0 961.0
WheatHead 135.0 950.0 256.0 1016.0
WheatHead 320.0 979.0 453.0 1024.0
WheatHead 312.0 820.0 415.0 912.0
WheatHead 0.0 477.0 55.0 618.0
WheatHead 58.0 503.0 113.0 585.0
WheatHead 115.0 203.0 180.0 260.0
WheatHead 17.0 0.0 73.0 206.0
WheatHead 135.0 0.0 268.0 95.0
WheatHead 217.0 18.0 265.0 115.0
WheatHead 367.0 1.0 444.0 129.0
WheatHead 328.0 220.0 399.0 359.0
WheatHead 267.0 184.0 324.0 250.0
WheatHead 201.0 240.0 310.0 316.0
WheatHead 155.0 368.0 231.0 460.0
WheatHead 22.0 272.0 100.0 443.0
WheatHead 288.0 572.0 372.0 662.0
WheatHead 634.0 39.0 719.0 106.0
WheatHead 440.0 111.0 524.0 197.0
WheatHead 526.0 0.0 595.0 68.0
WheatHead 791.0 0.0 897.0 109.0
WheatHead 598.0 385.0 729.0 456.0
WheatHead 483.0 412.0 553.0 563.0
WheatHead 432.0 720.0 517.0 802.0
WheatHead 567.0 850.0 649.0 927.0
WheatHead 769.0 806.0 868.0 897.0
WheatHead 860.0 645.0 931.0 722.0
WheatHead 473.0 889.0 689.0 1007.0
WheatHead 923.0 497.0 1022.0 620.0
WheatHead 874.0 399.0 1019.0 500.0
WheatHead 903.0 455.0 979.0 523.0
