WheatHead 0.0 684.0 85.0 755.0
WheatHead 0.0 755.0 51.0 809.0
WheatHead 65.0 819.0 128.0 889.0
WheatHead 127.0 615.0 209.0 693.0
WheatHead 167.0 572.0 231.0 635.0
WheatHead 0.0 996.0 51.0 1024.0
WheatHead 0.0 179.0 31.0 257.0
WheatHead 0.0 338.0 19.0 408.0
WheatHead 12.0 335.0 88.0 395.0
WheatHead 112.0 340.0 190.0 418.0
WheatHead 116.0 219.0 192.0 283.0
WheatHead 324.0 194.0 389.0 249.0
WheatHead 336.0 244.0 411.0 302.0
WheatHead 223.0 275.0 293.0 355.0
WheatHead 517.0 204.0 585.0 276.0
WheatHead 434.0 314.0 535.0 399.0
WheatHead 560.0 418.0 627.0 482.0
WheatHead 475.0 450.0 560.0 531.0
WheatHead 395.0 836.0 456.0 902.0
WheatHead 343.0 712.0 430.0 773.0
WheatHead 622.0 783.0 684.0 847.0
WheatHead 619.0 844.0 682.0 904.0
WheatHead 502.0 850.0 577.0 942.0
WheatHead 527.0 769.0 591.0 828.0
WheatHead 544.0 891.0 602.0 949.0
WheatHead 764.0 762.0 850.0 860.0
WheatHead 859.0 760.0 944.0 839.0
WheatHead 401.0 637.0 458.0 692.0
WheatHead 583.0 667.0 642.0 731.0
WheatHead 640.0 643.0 707.0 708.0
WheatHead 697.0 532.0 788.0 624.0
WheatHead 918.0 625.0 987.0 698.0
WheatHead 898.0 694.0 1010.0 792.0
WheatHead 993.0 421.0 1024.0 551.0
WheatHead 963.0 314.0 1024.0 388.0
WheatHead 772.0 387.0 880.0 464.0
WheatHead 627.0 309.0 703.0 378.0
WheatHead 613.0 368.0 688.0 422.0
WheatHead 592.0 197.0 662.0 261.0
WheatHead 770.0 201.0 848.0 282.0
WheatHead 913.0 156.0 1008.0 246.0
WheatHead 945.0 0.0 1024.0 34.0
WheatHead 1001.0 13.0 1024.0 75.0
WheatHead 741.0 379.0 800.0 443.0
