WheatHead 0.0 267.0 89.0 349.0
WheatHead 92.0 178.0 202.0 261.0
WheatHead 48.0 11.0 122.0 139.0
WheatHead 315.0 168.0 429.0 251.0
WheatHead 394.0 116.0 457.0 162.0
WheatHead 627.0 96.0 713.0 158.0
WheatHead 699.0 95.0 770.0 150.0
WheatHead 0.0 401.0 217.0 482.0
WheatHead 12.0 476.0 119.0 530.0
WheatHead 41.0 686.0 133.0 841.0
WheatHead 196.0 678.0 386.0 807.0
WheatHead 130.0 534.0 254.0 613.0
WheatHead 452.0 435.0 529.0 666.0
WheatHead 399.0 509.0 461.0 698.0
WheatHead 588.0 560.0 670.0 631.0
WheatHead 636.0 0.0 716.0 50.0
WheatHead 525.0 205.0 680.0 349.0
WheatHead 591.0 316.0 671.0 365.0
WheatHead 545.0 312.0 785.0 439.0
WheatHead 606.0 951.0 721.0 1024.0
WheatHead 550.0 939.0 635.0 1024.0
WheatHead 329.0 964.0 402.0 1024.0
WheatHead 194.0 864.0 308.0 1024.0
WheatHead 373.0 951.0 528.0 1024.0
WheatHead 0.0 909.0 154.0 972.0
WheatHead 117.0 965.0 175.0 1024.0
WheatHead 925.0 807.0 1024.0 982.0
WheatHead 773.0 720.0 861.0 870.0
WheatHead 822.0 883.0 899.0 1018.0
WheatHead 861.0 635.0 948.0 817.0
WheatHead 978.0 531.0 1024.0 668.0
WheatHead 985.0 464.0 1024.0 546.0
WheatHead 887.0 493.0 979.0 542.0
WheatHead 751.0 436.0 847.0 555.0
WheatHead 806.0 281.0 884.0 456.0
WheatHead 806.0 0.0 893.0 165.0
WheatHead 992.0 11.0 1024.0 73.0
WheatHead 883.0 991.0 970.0 1024.0
