WheatHead 204.0 314.0 286.0 401.0
WheatHead 417.0 294.0 506.0 366.0
WheatHead 583.0 220.0 657.0 299.0
WheatHead 862.0 261.0 965.0 343.0
WheatHead 706.0 742.0 816.0 834.0
WheatHead 588.0 117.0 693.0 209.0
WheatHead 919.0 724.0 1016.0 814.0
WheatHead 79.0 412.0 156.0 491.0
WheatHead 591.0 332.0 686.0 417.0
WheatHead 478.0 527.0 558.0 652.0
WheatHead 115.0 186.0 189.0 256.0
WheatHead 401.0 670.0 491.0 760.0
WheatHead 337.0 38.0 419.0 176.0
WheatHead 355.0 593.0 445.0 686.0
WheatHead 427.0 468.0 496.0 555.0
WheatHead 286.0 404.0 363.0 499.0
WheatHead 560.0 796.0 652.0 924.0
WheatHead 535.0 724.0 616.0 824.0
WheatHead 821.0 775.0 906.0 860.0
WheatHead 64.0 519.0 179.0 596.0
WheatHead 952.0 919.0 1024.0 1006.0
WheatHead 158.0 680.0 227.0 765.0
WheatHead 279.0 634.0 358.0 778.0
WheatHead 273.0 747.0 360.0 855.0
WheatHead 199.0 494.0 276.0 568.0
WheatHead 422.0 883.0 499.0 998.0
WheatHead 957.0 442.0 1017.0 504.0
WheatHead 222.0 220.0 304.0 296.0
WheatHead 890.0 33.0 947.0 92.0
WheatHead 345.0 230.0 445.0 309.0
WheatHead 99.0 547.0 225.0 634.0
WheatHead 417.0 803.0 488.0 901.0
WheatHead 314.0 696.0 373.0 778.0
WheatHead 202.0 957.0 281.0 1024.0
WheatHead 353.0 936.0 432.0 1018.0
WheatHead 0.0 331.0 32.0 409.0
WheatHead 828.0 960.0 919.0 1022.0
