WheatHead 1008.0 0.0 1024.0 73.0
WheatHead 542.0 0.0 634.0 102.0
WheatHead 335.0 19.0 429.0 118.0
WheatHead 709.0 225.0 790.0 331.0
WheatHead 723.0 444.0 841.0 546.0
WheatHead 845.0 587.0 956.0 760.0
WheatHead 614.0 595.0 721.0 749.0
WheatHead 596.0 835.0 698.0 998.0
WheatHead 470.0 335.0 581.0 425.0
WheatHead 257.0 223.0 348.0 309.0
WheatHead 438.0 215.0 521.0 297.0
WheatHead 288.0 591.0 386.0 687.0
WheatHead 350.0 860.0 433.0 1009.0
WheatHead 240.0 698.0 346.0 800.0
WheatHead 0.0 879.0 174.0 1020.0
WheatHead 688.0 0.0 757.0 40.0
WheatHead 0.0 0.0 93.0 51.0
WheatHead 0.0 87.0 62.0 190.0
WheatHead 840.0 219.0 924.0 281.0
WheatHead 918.0 0.0 1023.0 80.0
WheatHead 612.0 395.0 703.0 450.0
WheatHead 342.0 474.0 419.0 530.0
WheatHead 223.0 371.0 292.0 420.0
WheatHead 131.0 363.0 198.0 419.0
WheatHead 7.0 337.0 99.0 414.0
WheatHead 0.0 484.0 65.0 546.0
WheatHead 399.0 603.0 464.0 662.0
WheatHead 492.0 520.0 591.0 655.0
WheatHead 925.0 646.0 1001.0 747.0
WheatHead 690.0 865.0 738.0 924.0
WheatHead 747.0 905.0 860.0 988.0
WheatHead 948.0 907.0 1024.0 967.0
WheatHead 918.0 960.0 1024.0 1024.0
WheatHead 233.0 860.0 298.0 910.0
WheatHead 1.0 823.0 80.0 884.0
WheatHead 825.0 137.0 873.0 169.0
WheatHead 460.0 140.0 519.0 187.0
