WheatHead 19.0 892.0 152.0 965.0
WheatHead 45.0 866.0 159.0 923.0
WheatHead 111.0 688.0 291.0 759.0
WheatHead 195.0 580.0 288.0 620.0
WheatHead 292.0 474.0 388.0 550.0
WheatHead 325.0 408.0 385.0 473.0
WheatHead 200.0 410.0 277.0 477.0
WheatHead 36.0 463.0 144.0 541.0
WheatHead 0.0 337.0 32.0 410.0
WheatHead 105.0 355.0 176.0 408.0
WheatHead 8.0 145.0 64.0 215.0
WheatHead 90.0 97.0 178.0 178.0
WheatHead 45.0 30.0 109.0 94.0
WheatHead 103.0 0.0 180.0 58.0
WheatHead 21.0 0.0 145.0 19.0
WheatHead 283.0 0.0 377.0 82.0
WheatHead 295.0 27.0 433.0 149.0
WheatHead 366.0 176.0 433.0 261.0
WheatHead 290.0 186.0 354.0 309.0
WheatHead 239.0 232.0 311.0 329.0
WheatHead 344.0 337.0 414.0 399.0
WheatHead 515.0 268.0 582.0 342.0
WheatHead 612.0 261.0 686.0 369.0
WheatHead 580.0 393.0 653.0 474.0
WheatHead 654.0 179.0 788.0 236.0
WheatHead 636.0 213.0 732.0 280.0
WheatHead 658.0 75.0 832.0 174.0
WheatHead 919.0 174.0 986.0 264.0
WheatHead 990.0 187.0 1024.0 250.0
WheatHead 570.0 0.0 675.0 18.0
WheatHead 677.0 557.0 729.0 628.0
WheatHead 703.0 548.0 787.0 612.0
WheatHead 859.0 514.0 926.0 606.0
WheatHead 873.0 635.0 989.0 701.0
WheatHead 772.0 694.0 858.0 789.0
WheatHead 807.0 751.0 886.0 832.0
WheatHead 507.0 675.0 574.0 770.0
WheatHead 359.0 642.0 466.0 710.0
WheatHead 366.0 714.0 468.0 796.0
WheatHead 317.0 818.0 370.0 863.0
WheatHead 216.0 758.0 298.0 817.0
WheatHead 156.0 798.0 227.0 859.0
WheatHead 590.0 863.0 677.0 923.0
WheatHead 560.0 807.0 620.0 855.0
WheatHead 571.0 681.0 636.0 744.0
WheatHead 833.0 822.0 986.0 912.0
WheatHead 811.0 894.0 882.0 948.0
WheatHead 770.0 862.0 818.0 919.0
WheatHead 957.0 740.0 1020.0 806.0
WheatHead 691.0 941.0 770.0 1021.0
WheatHead 404.0 914.0 504.0 1024.0
WheatHead 347.0 1002.0 413.0 1024.0
WheatHead 271.0 934.0 321.0 1005.0
WheatHead 886.0 373.0 983.0 445.0
WheatHead 937.0 316.0 1024.0 364.0
WheatHead 0.0 680.0 37.0 740.0
WheatHead 201.0 92.0 256.0 148.0
WheatHead 444.0 135.0 508.0 191.0
WheatHead 774.0 232.0 825.0 288.0
WheatHead 548.0 467.0 608.0 527.0
WheatHead 477.0 899.0 534.0 970.0
WheatHead 518.0 836.0 582.0 929.0
WheatHead 937.0 249.0 1011.0 305.0
WheatHead 321.0 108.0 373.0 163.0
