WheatHead 70.0 229.0 188.0 292.0
WheatHead 443.0 2.0 543.0 79.0
WheatHead 771.0 697.0 853.0 771.0
WheatHead 458.0 118.0 589.0 185.0
WheatHead 431.0 61.0 537.0 117.0
WheatHead 398.0 387.0 501.0 447.0
WheatHead 293.0 365.0 385.0 424.0
WheatHead 0.0 548.0 114.0 641.0
WheatHead 189.0 75.0 318.0 132.0
WheatHead 0.0 486.0 105.0 546.0
WheatHead 531.0 290.0 636.0 350.0
WheatHead 585.0 696.0 678.0 757.0
WheatHead 450.0 600.0 543.0 671.0
WheatHead 477.0 222.0 573.0 296.0
WheatHead 804.0 607.0 890.0 673.0
WheatHead 648.0 623.0 745.0 670.0
WheatHead 678.0 972.0 755.0 1024.0
WheatHead 875.0 771.0 959.0 821.0
WheatHead 228.0 456.0 348.0 499.0
WheatHead 0.0 773.0 121.0 808.0
WheatHead 699.0 38.0 809.0 99.0
WheatHead 140.0 787.0 245.0 835.0
WheatHead 690.0 549.0 779.0 599.0
WheatHead 128.0 137.0 213.0 190.0
WheatHead 877.0 686.0 965.0 723.0
WheatHead 0.0 402.0 79.0 449.0
WheatHead 2.0 980.0 80.0 1024.0
WheatHead 948.0 158.0 1024.0 230.0
WheatHead 1006.0 372.0 1024.0 430.0
WheatHead 415.0 260.0 492.0 293.0
WheatHead 547.0 931.0 638.0 985.0
WheatHead 757.0 782.0 855.0 820.0
WheatHead 974.0 285.0 1024.0 345.0
WheatHead 2.0 1.0 76.0 54.0
WheatHead 0.0 345.0 73.0 400.0
WheatHead 125.0 730.0 233.0 783.0
WheatHead 535.0 338.0 614.0 390.0
WheatHead 256.0 436.0 371.0 487.0
WheatHead 316.0 65.0 381.0 104.0
WheatHead 251.0 829.0 368.0 877.0
WheatHead 795.0 516.0 872.0 556.0
WheatHead 400.0 969.0 512.0 1024.0
WheatHead 922.0 62.0 1004.0 131.0
WheatHead 278.0 775.0 349.0 832.0
WheatHead 960.0 755.0 1024.0 806.0
WheatHead 514.0 664.0 574.0 704.0
WheatHead 600.0 983.0 699.0 1017.0
WheatHead 262.0 139.0 378.0 205.0
WheatHead 771.0 333.0 830.0 379.0
WheatHead 662.0 423.0 798.0 468.0
WheatHead 649.0 876.0 716.0 920.0
WheatHead 139.0 34.0 303.0 94.0
WheatHead 0.0 425.0 47.0 465.0
WheatHead 582.0 755.0 670.0 790.0
WheatHead 109.0 844.0 259.0 887.0
WheatHead 843.0 415.0 935.0 474.0
WheatHead 653.0 807.0 749.0 854.0
WheatHead 274.0 873.0 395.0 908.0
WheatHead 705.0 379.0 797.0 440.0
WheatHead 924.0 972.0 990.0 1006.0
WheatHead 539.0 573.0 631.0 601.0
WheatHead 993.0 122.0 1024.0 177.0
WheatHead 976.0 1003.0 1015.0 1024.0
WheatHead 989.0 0.0 1024.0 38.0
WheatHead 977.0 900.0 1024.0 932.0
WheatHead 196.0 416.0 258.0 453.0
WheatHead 598.0 1002.0 649.0 1024.0
WheatHead 772.0 1004.0 809.0 1024.0
WheatHead 797.0 821.0 871.0 849.0
WheatHead 114.0 463.0 218.0 499.0
WheatHead 942.0 422.0 991.0 473.0
WheatHead 0.0 728.0 98.0 772.0
WheatHead 86.0 735.0 167.0 788.0
WheatHead 521.0 819.0 586.0 854.0
WheatHead 133.0 943.0 246.0 994.0
WheatHead 19.0 841.0 174.0 914.0
WheatHead 723.0 695.0 806.0 746.0
WheatHead 780.0 850.0 847.0 882.0
WheatHead 673.0 455.0 783.0 477.0
