WheatHead 0.0 157.0 72.0 258.0
WheatHead 149.0 377.0 220.0 446.0
WheatHead 297.0 86.0 409.0 226.0
WheatHead 460.0 0.0 565.0 188.0
WheatHead 449.0 179.0 523.0 269.0
WheatHead 584.0 155.0 667.0 279.0
WheatHead 681.0 149.0 740.0 232.0
WheatHead 709.0 0.0 754.0 13.0
WheatHead 0.0 710.0 106.0 779.0
WheatHead 175.0 854.0 240.0 951.0
WheatHead 214.0 821.0 305.0 954.0
WheatHead 123.0 545.0 214.0 681.0
WheatHead 46.0 565.0 118.0 671.0
WheatHead 388.0 377.0 466.0 494.0
WheatHead 374.0 281.0 415.0 346.0
WheatHead 514.0 334.0 572.0 421.0
WheatHead 709.0 352.0 811.0 456.0
WheatHead 661.0 295.0 734.0 401.0
WheatHead 551.0 423.0 651.0 659.0
WheatHead 362.0 570.0 439.0 837.0
WheatHead 208.0 581.0 354.0 732.0
WheatHead 441.0 547.0 507.0 618.0
WheatHead 366.0 852.0 468.0 1024.0
WheatHead 465.0 817.0 563.0 969.0
WheatHead 525.0 799.0 612.0 891.0
WheatHead 608.0 825.0 734.0 891.0
WheatHead 630.0 854.0 740.0 933.0
WheatHead 616.0 919.0 783.0 1012.0
WheatHead 779.0 675.0 889.0 828.0
WheatHead 848.0 555.0 919.0 687.0
WheatHead 864.0 472.0 925.0 545.0
WheatHead 949.0 401.0 1024.0 525.0
WheatHead 868.0 125.0 972.0 303.0
WheatHead 907.0 825.0 1024.0 965.0
WheatHead 243.0 0.0 317.0 25.0
WheatHead 851.0 975.0 937.0 1024.0
WheatHead 856.0 39.0 904.0 104.0
