WheatHead 8.0 251.0 170.0 301.0
WheatHead 33.0 158.0 193.0 197.0
WheatHead 0.0 0.0 81.0 38.0
WheatHead 19.0 86.0 95.0 121.0
WheatHead 109.0 0.0 241.0 120.0
WheatHead 229.0 69.0 348.0 159.0
WheatHead 331.0 101.0 452.0 156.0
WheatHead 315.0 8.0 482.0 91.0
WheatHead 262.0 0.0 382.0 39.0
WheatHead 516.0 176.0 580.0 246.0
WheatHead 635.0 176.0 711.0 224.0
WheatHead 545.0 0.0 669.0 95.0
WheatHead 635.0 25.0 756.0 73.0
WheatHead 667.0 0.0 737.0 39.0
WheatHead 728.0 0.0 803.0 64.0
WheatHead 822.0 0.0 935.0 58.0
WheatHead 812.0 4.0 890.0 68.0
WheatHead 944.0 129.0 990.0 160.0
WheatHead 956.0 201.0 1022.0 254.0
WheatHead 887.0 214.0 997.0 260.0
WheatHead 985.0 290.0 1024.0 331.0
WheatHead 984.0 65.0 1024.0 109.0
WheatHead 976.0 486.0 1024.0 554.0
WheatHead 907.0 524.0 1023.0 596.0
WheatHead 966.0 576.0 1024.0 624.0
WheatHead 943.0 663.0 1024.0 707.0
WheatHead 927.0 677.0 1019.0 741.0
WheatHead 773.0 602.0 899.0 643.0
WheatHead 779.0 557.0 815.0 626.0
WheatHead 636.0 560.0 784.0 646.0
WheatHead 545.0 466.0 650.0 567.0
WheatHead 67.0 587.0 176.0 643.0
WheatHead 49.0 553.0 205.0 612.0
WheatHead 223.0 647.0 415.0 689.0
WheatHead 257.0 673.0 422.0 724.0
WheatHead 352.0 711.0 419.0 740.0
WheatHead 420.0 709.0 550.0 743.0
WheatHead 92.0 672.0 237.0 726.0
WheatHead 83.0 715.0 246.0 792.0
WheatHead 842.0 789.0 949.0 834.0
WheatHead 848.0 734.0 898.0 788.0
WheatHead 743.0 757.0 861.0 794.0
WheatHead 680.0 783.0 793.0 847.0
WheatHead 433.0 828.0 536.0 867.0
WheatHead 222.0 946.0 353.0 1012.0
WheatHead 48.0 961.0 247.0 1000.0
WheatHead 131.0 746.0 228.0 805.0
WheatHead 960.0 748.0 1024.0 783.0
