WheatHead 77.0 539.0 153.0 617.0
WheatHead 62.0 702.0 124.0 764.0
WheatHead 167.0 690.0 241.0 752.0
WheatHead 233.0 767.0 305.0 819.0
WheatHead 110.0 897.0 215.0 977.0
WheatHead 29.0 989.0 133.0 1024.0
WheatHead 354.0 958.0 434.0 1024.0
WheatHead 369.0 692.0 434.0 765.0
WheatHead 543.0 575.0 625.0 642.0
WheatHead 528.0 638.0 595.0 714.0
WheatHead 573.0 698.0 649.0 784.0
WheatHead 590.0 825.0 672.0 952.0
WheatHead 660.0 717.0 735.0 781.0
WheatHead 716.0 791.0 776.0 864.0
WheatHead 776.0 817.0 830.0 906.0
WheatHead 717.0 927.0 796.0 1024.0
WheatHead 807.0 980.0 868.0 1024.0
WheatHead 870.0 961.0 917.0 1024.0
WheatHead 783.0 708.0 874.0 766.0
WheatHead 796.0 596.0 883.0 673.0
WheatHead 693.0 573.0 776.0 644.0
WheatHead 896.0 624.0 964.0 686.0
WheatHead 924.0 773.0 1007.0 843.0
WheatHead 918.0 443.0 984.0 579.0
WheatHead 784.0 421.0 851.0 535.0
WheatHead 392.0 397.0 463.0 508.0
WheatHead 463.0 369.0 544.0 459.0
WheatHead 554.0 273.0 643.0 349.0
WheatHead 392.0 269.0 456.0 333.0
WheatHead 314.0 220.0 382.0 293.0
WheatHead 435.0 164.0 505.0 216.0
WheatHead 152.0 264.0 234.0 401.0
WheatHead 166.0 166.0 236.0 249.0
WheatHead 181.0 55.0 285.0 154.0
WheatHead 200.0 0.0 274.0 65.0
WheatHead 337.0 29.0 427.0 118.0
WheatHead 479.0 3.0 568.0 83.0
WheatHead 556.0 92.0 632.0 175.0
WheatHead 705.0 202.0 797.0 269.0
WheatHead 797.0 45.0 906.0 148.0
WheatHead 895.0 196.0 990.0 268.0
WheatHead 854.0 274.0 924.0 335.0
WheatHead 176.0 751.0 239.0 803.0
WheatHead 107.0 490.0 187.0 565.0
WheatHead 835.0 394.0 892.0 483.0
WheatHead 999.0 522.0 1024.0 582.0
WheatHead 989.0 669.0 1024.0 733.0
WheatHead 980.0 983.0 1024.0 1024.0
WheatHead 454.0 1008.0 497.0 1024.0
WheatHead 160.0 1000.0 206.0 1024.0
WheatHead 630.0 751.0 705.0 831.0
WheatHead 613.0 598.0 665.0 648.0
