WheatHead 915.0 56.0 989.0 128.0
WheatHead 823.0 101.0 912.0 177.0
WheatHead 719.0 49.0 792.0 133.0
WheatHead 689.0 10.0 756.0 66.0
WheatHead 618.0 41.0 703.0 122.0
WheatHead 583.0 24.0 627.0 85.0
WheatHead 565.0 106.0 656.0 194.0
WheatHead 298.0 26.0 403.0 143.0
WheatHead 439.0 71.0 535.0 133.0
WheatHead 461.0 133.0 527.0 199.0
WheatHead 112.0 152.0 203.0 227.0
WheatHead 257.0 157.0 321.0 209.0
WheatHead 448.0 304.0 535.0 371.0
WheatHead 200.0 336.0 279.0 432.0
WheatHead 238.0 397.0 328.0 469.0
WheatHead 180.0 441.0 276.0 521.0
WheatHead 299.0 512.0 390.0 575.0
WheatHead 561.0 500.0 638.0 569.0
WheatHead 665.0 502.0 749.0 567.0
WheatHead 887.0 314.0 977.0 421.0
WheatHead 924.0 443.0 998.0 512.0
WheatHead 930.0 581.0 989.0 652.0
WheatHead 652.0 602.0 716.0 677.0
WheatHead 388.0 569.0 458.0 636.0
WheatHead 364.0 535.0 414.0 600.0
WheatHead 400.0 604.0 479.0 687.0
WheatHead 364.0 652.0 436.0 725.0
WheatHead 395.0 725.0 485.0 811.0
WheatHead 495.0 708.0 568.0 787.0
WheatHead 571.0 709.0 668.0 786.0
WheatHead 643.0 748.0 716.0 800.0
WheatHead 619.0 812.0 678.0 866.0
WheatHead 307.0 900.0 411.0 982.0
WheatHead 457.0 940.0 572.0 1015.0
WheatHead 903.0 953.0 967.0 1005.0
WheatHead 873.0 743.0 979.0 817.0
WheatHead 929.0 691.0 981.0 746.0
WheatHead 779.0 683.0 856.0 771.0
WheatHead 729.0 658.0 798.0 730.0
WheatHead 760.0 758.0 834.0 822.0
WheatHead 159.0 619.0 238.0 698.0
WheatHead 88.0 655.0 160.0 711.0
WheatHead 1.0 556.0 47.0 644.0
WheatHead 79.0 751.0 166.0 845.0
WheatHead 1011.0 649.0 1024.0 677.0
WheatHead 906.0 550.0 949.0 600.0
