WheatHead 122.0 844.0 207.0 1006.0
WheatHead 468.0 296.0 563.0 404.0
WheatHead 643.0 582.0 769.0 679.0
WheatHead 893.0 130.0 988.0 284.0
WheatHead 312.0 811.0 560.0 1024.0
WheatHead 23.0 642.0 271.0 788.0
WheatHead 414.0 599.0 550.0 765.0
WheatHead 179.0 2.0 317.0 273.0
WheatHead 419.0 23.0 588.0 302.0
WheatHead 99.0 330.0 373.0 422.0
WheatHead 916.0 688.0 1024.0 829.0
WheatHead 122.0 248.0 276.0 350.0
WheatHead 602.0 10.0 919.0 276.0
WheatHead 12.0 532.0 209.0 650.0
WheatHead 970.0 616.0 1024.0 737.0
WheatHead 773.0 424.0 1024.0 637.0
WheatHead 560.0 744.0 811.0 1024.0
WheatHead 550.0 762.0 762.0 890.0
WheatHead 627.0 596.0 924.0 936.0
WheatHead 5.0 371.0 110.0 596.0
WheatHead 110.0 394.0 399.0 483.0
WheatHead 581.0 22.0 669.0 166.0
WheatHead 2.0 273.0 107.0 368.0
