WheatHead 0.0 339.0 60.0 425.0
WheatHead 0.0 423.0 41.0 499.0
WheatHead 68.0 353.0 131.0 535.0
WheatHead 175.0 353.0 246.0 486.0
WheatHead 41.0 499.0 118.0 650.0
WheatHead 0.0 621.0 72.0 687.0
WheatHead 0.0 720.0 74.0 805.0
WheatHead 0.0 965.0 31.0 1013.0
WheatHead 218.0 858.0 389.0 958.0
WheatHead 363.0 943.0 407.0 1008.0
WheatHead 327.0 681.0 437.0 744.0
WheatHead 404.0 477.0 491.0 623.0
WheatHead 549.0 722.0 640.0 824.0
WheatHead 481.0 794.0 581.0 913.0
WheatHead 448.0 311.0 543.0 500.0
WheatHead 502.0 375.0 573.0 459.0
WheatHead 622.0 460.0 741.0 621.0
WheatHead 579.0 513.0 641.0 688.0
WheatHead 659.0 699.0 760.0 822.0
WheatHead 727.0 680.0 784.0 765.0
WheatHead 122.0 143.0 216.0 295.0
WheatHead 0.0 8.0 38.0 140.0
WheatHead 34.0 64.0 148.0 110.0
WheatHead 148.0 0.0 223.0 141.0
WheatHead 314.0 0.0 403.0 72.0
WheatHead 492.0 0.0 634.0 66.0
WheatHead 567.0 0.0 716.0 88.0
WheatHead 714.0 159.0 798.0 264.0
WheatHead 925.0 3.0 1020.0 81.0
WheatHead 973.0 94.0 1024.0 158.0
WheatHead 866.0 124.0 928.0 186.0
WheatHead 772.0 311.0 850.0 364.0
WheatHead 851.0 392.0 946.0 449.0
WheatHead 788.0 394.0 857.0 451.0
WheatHead 768.0 446.0 842.0 576.0
WheatHead 686.0 392.0 754.0 448.0
WheatHead 982.0 520.0 1024.0 608.0
WheatHead 999.0 610.0 1024.0 690.0
WheatHead 866.0 694.0 1024.0 791.0
WheatHead 990.0 691.0 1024.0 814.0
WheatHead 956.0 905.0 1024.0 983.0
WheatHead 862.0 951.0 969.0 1024.0
WheatHead 797.0 741.0 851.0 796.0
WheatHead 0.0 818.0 37.0 870.0
