WheatHead 266.0 463.0 401.0 522.0
WheatHead 250.0 924.0 427.0 1021.0
WheatHead 796.0 299.0 916.0 384.0
WheatHead 209.0 15.0 345.0 133.0
WheatHead 289.0 163.0 384.0 227.0
WheatHead 69.0 314.0 209.0 448.0
WheatHead 143.0 793.0 261.0 906.0
WheatHead 1.0 228.0 74.0 320.0
WheatHead 363.0 783.0 460.0 891.0
WheatHead 444.0 170.0 599.0 248.0
WheatHead 898.0 180.0 1020.0 278.0
WheatHead 312.0 409.0 440.0 501.0
WheatHead 163.0 506.0 248.0 642.0
WheatHead 30.0 84.0 110.0 148.0
WheatHead 844.0 894.0 960.0 997.0
WheatHead 862.0 770.0 1003.0 870.0
WheatHead 184.0 40.0 314.0 158.0
