WheatHead 655.0 445.0 737.0 578.0
WheatHead 877.0 644.0 974.0 739.0
WheatHead 838.0 124.0 979.0 234.0
WheatHead 112.0 688.0 227.0 826.0
WheatHead 903.0 286.0 1024.0 401.0
WheatHead 844.0 849.0 965.0 957.0
WheatHead 701.0 683.0 837.0 806.0
WheatHead 512.0 358.0 634.0 481.0
WheatHead 840.0 386.0 930.0 475.0
WheatHead 56.0 153.0 151.0 261.0
WheatHead 796.0 934.0 908.0 1024.0
WheatHead 94.0 312.0 238.0 455.0
WheatHead 555.0 207.0 665.0 312.0
WheatHead 151.0 975.0 250.0 1024.0
WheatHead 125.0 0.0 191.0 79.0
WheatHead 524.0 120.0 624.0 232.0
WheatHead 878.0 5.0 970.0 84.0
WheatHead 2.0 294.0 43.0 453.0
WheatHead 155.0 220.0 185.0 289.0
WheatHead 47.0 600.0 91.0 692.0
