0 0.208984375 0.1650390625 0.1494140625 0.0986328125
0 0.525390625 0.2724609375 0.08984375 0.080078125
0 0.423828125 0.869140625 0.1201171875 0.107421875
0 0.900390625 0.13671875 0.09765625 0.0908203125
0 0.1435546875 0.6318359375 0.1552734375 0.1865234375
0 0.3125 0.9091796875 0.1201171875 0.1103515625
0 0.4453125 0.7939453125 0.1396484375 0.0966796875
0 0.509765625 0.9248046875 0.0947265625 0.1005859375
0 0.9375 0.4091796875 0.1123046875 0.2041015625
0 0.046875 0.1416015625 0.0947265625 0.232421875
0 0.125 0.4130859375 0.2314453125 0.103515625
0 0.03125 0.2470703125 0.0625 0.0859375
0 0.404296875 0.986328125 0.119140625 0.02734375
0 0.1552734375 0.5224609375 0.15234375 0.169921875
0 0.63671875 0.9580078125 0.1240234375 0.0830078125
0 0.306640625 0.9716796875 0.0986328125 0.056640625
0 0.865234375 0.529296875 0.1865234375 0.111328125
0 0.755859375 0.7939453125 0.1376953125 0.18359375
0 0.5 0.1884765625 0.119140625 0.1337890625
0 0.84375 0.32421875 0.16796875 0.146484375
0 0.4833984375 0.64453125 0.10546875 0.1533203125
0 0.1513671875 0.0986328125 0.189453125 0.0791015625
0 0.982421875 0.345703125 0.0341796875 0.1806640625
0 0.626953125 0.6396484375 0.1298828125 0.1826171875
0 0.224609375 0.986328125 0.10546875 0.0263671875
0 0.126953125 0.9658203125 0.19921875 0.0673828125
0 0.1865234375 0.25390625 0.19921875 0.142578125
0 0.2080078125 0.287109375 0.212890625 0.0859375
0 0.234375 0.349609375 0.1689453125 0.103515625
