0 0.1328125 0.0673828125 0.056640625 0.1025390625
0 0.2080078125 0.94140625 0.0810546875 0.0830078125
0 0.7861328125 0.26953125 0.07421875 0.0986328125
0 0.0341796875 0.4765625 0.068359375 0.06640625
0 0.1884765625 0.4443359375 0.0673828125 0.0908203125
0 0.8046875 0.4521484375 0.0478515625 0.0751953125
0 0.5791015625 0.42578125 0.0673828125 0.076171875
0 0.6767578125 0.7177734375 0.0478515625 0.091796875
0 0.05078125 0.7099609375 0.0732421875 0.0556640625
0 0.7685546875 0.123046875 0.0556640625 0.076171875
0 0.4609375 0.3310546875 0.0439453125 0.0615234375
0 0.0087890625 0.1708984375 0.0185546875 0.0751953125
0 0.3017578125 0.458984375 0.0390625 0.0693359375
0 0.1201171875 0.4169921875 0.052734375 0.08203125
0 0.349609375 0.302734375 0.0380859375 0.10546875
0 0.8564453125 0.1220703125 0.0419921875 0.080078125
0 0.30859375 0.5126953125 0.033203125 0.072265625
0 0.9853515625 0.4384765625 0.029296875 0.0859375
0 0.291015625 0.3466796875 0.078125 0.0517578125
0 0.541015625 0.43359375 0.0673828125 0.0537109375
0 0.1435546875 0.3251953125 0.0380859375 0.0732421875
0 0.19921875 0.5322265625 0.04306641221046448 0.064453125
0 0.1708984375 0.958984375 0.076171875 0.033203125
0 0.7421875 0.48828125 0.0302734375 0.0771484375
0 0.966796875 0.7119140625 0.0537109375 0.068359375
0 0.0478515625 0.41796875 0.046875 0.05859375
0 0.36455076932907104 0.581738293170929 0.061230480670928955 0.034472644329071045
0 0.8955078125 0.7412109375 0.0859375 0.060546875
0 0.5166015625 0.7197265625 0.0556640625 0.0458984375
0 0.109375 0.3154296875 0.0693359375 0.091796875
0 0.6767578125 0.2236328125 0.05859375 0.052734375
0 0.0556640625 0.7587890625 0.0361328125 0.0859375
0 0.3671875 0.169921875 0.046875 0.037109375
0 0.7294921875 0.388671875 0.02734375 0.06640625
0 0.220703125 0.3447265625 0.04296875 0.0732421875
0 0.7685546875 0.951171875 0.0419921875 0.09375
0 0.02734375 0.1171875 0.0517578125 0.0576171875
0 0.2021484375 0.8056640625 0.0732421875 0.033203125
0 0.697265625 0.806640625 0.05859375 0.0625
0 0.3935546875 0.52734375 0.0263671875 0.05078125
0 0.3837890625 0.478515625 0.046875 0.048828125
0 0.1552734375 0.1474609375 0.080078125 0.0830078125
0 0.05078125 0.09765625 0.08203125 0.048828125
0 0.27734375 0.7353515625 0.03125 0.05859375
0 0.015625 0.5517578125 0.03125 0.037109375
0 0.824902355670929 0.099609375 0.037402331829071045 0.11552734673023224
0 0.6826171875 0.1806640625 0.041015625 0.0556640625
0 0.9873046875 0.791015625 0.025390625 0.0693359375
0 0.759765625 0.1708984375 0.029296875 0.0771484375
0 0.5546875 0.1669921875 0.048828125 0.046875
0 0.2734375 0.798828125 0.041015625 0.0322265625
0 0.904296875 0.5 0.060546875 0.0361328125
0 0.7578125 0.859375 0.0400390625 0.0576171875
0 0.0693359375 0.3603515625 0.0546875 0.123046875
0 0.7392578125 0.8212890625 0.044921875 0.0576171875
0 0.37109375 0.2099609375 0.0263671875 0.05859375
0 0.125 0.4619140625 0.0380859375 0.0439453125
0 0.865234375 0.896484375 0.0595703125 0.0400390625
0 0.9814453125 0.8896484375 0.0361328125 0.0244140625
0 0.8955078125 0.4736328125 0.037109375 0.0419921875
0 0.044921875 0.98828125 0.0302734375 0.0234375
0 0.5849609375 0.912109375 0.0498046875 0.037109375
0 0.4140625 0.8505859375 0.0283203125 0.0390625
0 0.669921875 0.4072265625 0.0439453125 0.0869140625
0 0.7060546875 0.4716796875 0.064453125 0.11328125
0 0.8466796875 0.4521484375 0.044921875 0.0546875
0 0.9501953125 0.408203125 0.0673828125 0.0693359375
0 0.9755859375 0.54296875 0.048828125 0.0419921875
