0 0.01953125 0.3203125 0.033203125 0.0810546875
0 0.0673828125 0.33984375 0.068359375 0.095703125
0 0.14453125 0.2353515625 0.076171875 0.1240234375
0 0.265625 0.1611328125 0.0732421875 0.134765625
0 0.349609375 0.1572265625 0.064453125 0.146484375
0 0.1337890625 0.029296875 0.0654296875 0.05859375
0 0.0703125 0.0322265625 0.0771484375 0.064453125
0 0.0283203125 0.958984375 0.056640625 0.08203125
0 0.1328125 0.8994140625 0.107421875 0.0693359375
0 0.267578125 0.9677734375 0.0703125 0.0634765625
0 0.4228515625 0.814453125 0.0791015625 0.0927734375
0 0.251953125 0.6572265625 0.083984375 0.1416015625
0 0.154296875 0.6572265625 0.0712890625 0.0830078125
0 0.2255859375 0.42578125 0.103515625 0.15234375
0 0.41796875 0.548828125 0.150390625 0.076171875
0 0.5205078125 0.544921875 0.109375 0.0615234375
0 0.7353515625 0.4560546875 0.1279296875 0.06640625
0 0.541015625 0.3955078125 0.1123046875 0.08203125
0 0.5546875 0.2568359375 0.0908203125 0.1572265625
0 0.7890625 0.158203125 0.1259765625 0.1279296875
0 0.6982421875 0.021484375 0.076171875 0.0439453125
0 0.4912109375 0.0263671875 0.0654296875 0.0537109375
0 0.8994140625 0.1396484375 0.0732421875 0.1572265625
0 0.9677734375 0.1845703125 0.0634765625 0.0712890625
0 0.958984375 0.322265625 0.08203125 0.09765625
0 0.970703125 0.5009765625 0.05859375 0.1259765625
0 0.775390625 0.5283203125 0.1162109375 0.0869140625
0 0.8212890625 0.642578125 0.1201171875 0.0849609375
0 0.697265625 0.642578125 0.1123046875 0.0751953125
0 0.79296875 0.7060546875 0.1279296875 0.076171875
0 0.9052734375 0.810546875 0.0908203125 0.087890625
0 0.962890625 0.9599609375 0.07421875 0.0673828125
0 0.5234375 0.8359375 0.1064453125 0.064453125
0 0.455078125 0.9072265625 0.0927734375 0.087890625
0 0.330078125 0.9228515625 0.0732421875 0.0947265625
0 0.7109375 0.513671875 0.0693359375 0.068359375
0 0.681640625 0.41015625 0.0712890625 0.0556640625
0 0.5166015625 0.6806640625 0.09375 0.06640625
0 0.439453125 0.765625 0.0634765625 0.076171875
0 0.310546875 0.869140625 0.0703125 0.0732421875
0 0.853515625 0.5234375 0.0849609375 0.044921875
0 0.5283203125 0.609375 0.0439453125 0.0244140625
0 0.896484375 0.078125 0.078125 0.11328125
