0 0.771484375 0.0556640625 0.0693359375 0.111328125
0 0.6455078125 0.0419921875 0.107421875 0.0732421875
0 0.71875 0.251953125 0.0693359375 0.1064453125
0 0.833984375 0.28515625 0.0869140625 0.0830078125
0 0.9609375 0.439453125 0.078125 0.09765625
0 0.6298828125 0.2958984375 0.0810546875 0.0849609375
0 0.580078125 0.17578125 0.0810546875 0.11328125
0 0.501953125 0.2353515625 0.076171875 0.119140625
0 0.3994140625 0.134765625 0.0625 0.1083984375
0 0.4423828125 0.025390625 0.060546875 0.0517578125
0 0.1083984375 0.0693359375 0.1005859375 0.1357421875
0 0.236328125 0.1005859375 0.0947265625 0.126953125
0 0.3291015625 0.091796875 0.091796875 0.1435546875
0 0.3349609375 0.2587890625 0.0654296875 0.0947265625
0 0.3486328125 0.37109375 0.068359375 0.06640625
0 0.302734375 0.3984375 0.087890625 0.0703125
0 0.0400390625 0.345703125 0.080078125 0.0517578125
0 0.6533203125 0.533203125 0.06640625 0.1015625
0 0.6337890625 0.6201171875 0.0712890625 0.052734375
0 0.384765625 0.578125 0.1650390625 0.1044921875
0 0.3759765625 0.6337890625 0.1025390625 0.06640625
0 0.6064453125 0.7119140625 0.0703125 0.05859375
0 0.7431640625 0.7802734375 0.0869140625 0.0595703125
0 0.677734375 0.822265625 0.095703125 0.0966796875
0 0.580078125 0.8134765625 0.1025390625 0.1025390625
0 0.541015625 0.873046875 0.1005859375 0.0595703125
0 0.1982421875 0.748046875 0.078125 0.06640625
0 0.1103515625 0.6611328125 0.083984375 0.076171875
0 0.0498046875 0.80078125 0.0546875 0.078125
0 0.078125 0.8291015625 0.0615234375 0.0771484375
0 0.1240234375 0.904296875 0.0810546875 0.087890625
0 0.0732421875 0.9775390625 0.0810546875 0.044921875
0 0.205078125 0.9453125 0.08984375 0.109375
0 0.369140625 0.958984375 0.0771484375 0.08203125
0 0.3427734375 0.8662109375 0.0654296875 0.0751953125
0 0.861328125 0.919921875 0.1025390625 0.0537109375
0 0.9423828125 0.6904296875 0.1142578125 0.087890625
0 0.9609375 0.7001953125 0.078125 0.0986328125
