0 0.81640625 0.3974609375 0.0556640625 0.08984375
0 0.7529296875 0.185546875 0.0576171875 0.1142578125
0 0.8173828125 0.6171875 0.0771484375 0.0732421875
0 0.685546875 0.541015625 0.1083984375 0.0888671875
0 0.57421875 0.7763671875 0.1064453125 0.0966796875
0 0.2099609375 0.60546875 0.0771484375 0.083984375
0 0.5078125 0.4931640625 0.080078125 0.06640625
0 0.4912109375 0.5908203125 0.091796875 0.0703125
0 0.8623046875 0.9599609375 0.064453125 0.080078125
0 0.390625 0.234375 0.0693359375 0.0927734375
0 0.4658203125 0.9560546875 0.09765625 0.087890625
0 0.33984375 0.859375 0.134765625 0.056640625
0 0.37109375 0.037109375 0.0751953125 0.0732421875
0 0.8642578125 0.185546875 0.0703125 0.068359375
0 0.4423828125 0.5224609375 0.103515625 0.072265625
0 0.1181640625 0.55859375 0.1396484375 0.091796875
0 0.4716796875 0.4091796875 0.0927734375 0.0595703125
0 0.2255859375 0.951171875 0.1142578125 0.0625
0 0.73046875 0.4921875 0.041015625 0.125
0 0.578125 0.2900390625 0.0869140625 0.0810546875
0 0.4736328125 0.0380859375 0.0341796875 0.072265625
0 0.0302734375 0.9677734375 0.0380859375 0.0615234375
0 0.8134765625 0.875 0.099609375 0.05859375
0 0.134765625 0.1826171875 0.21484375 0.146484375
0 0.5625 0.6640625 0.0517578125 0.0859375
0 0.31640625 0.599609375 0.1025390625 0.1171875
0 0.8095703125 0.3017578125 0.048828125 0.0625
0 0.9609375 0.7724609375 0.078125 0.0712890625
0 0.873046875 0.6982421875 0.0546875 0.0361328125
0 0.37890625 0.6455078125 0.0771484375 0.052734375
0 0.6533203125 0.9677734375 0.046875 0.0595703125
0 0.4638671875 0.451171875 0.1171875 0.037109375
0 0.095703125 0.826171875 0.083984375 0.060546875
0 0.775390625 0.9755859375 0.0517578125 0.048828125
0 0.9609375 0.275390625 0.0498046875 0.064453125
0 0.8076171875 0.4794921875 0.087890625 0.087890625
0 0.91015625 0.9384765625 0.0439453125 0.123046875
0 0.9091796875 0.8564453125 0.091796875 0.048828125
0 0.38671875 0.4501953125 0.0654296875 0.06640625
0 0.119140625 0.494140625 0.0966796875 0.0546875
0 0.4287109375 0.7626953125 0.041015625 0.0791015625
0 0.9775390625 0.90625 0.044921875 0.16015625
0 0.2294921875 0.099609375 0.099609375 0.2001953125
0 0.7939453125 0.83203125 0.04296875 0.0625
0 0.689453125 0.2470703125 0.1650390625 0.134765625
0 0.8427734375 0.126953125 0.0673828125 0.0927734375
0 0.0263671875 0.404296875 0.0537109375 0.0546875
0 0.923828125 0.2490234375 0.05078125 0.095703125
0 0.5224609375 0.3017578125 0.0439453125 0.0771484375
0 0.9208984375 0.5732421875 0.0712890625 0.046875
0 0.5810546875 0.41015625 0.1484375 0.0498046875
0 0.423828125 0.2353515625 0.1103515625 0.052734375
0 0.408203125 0.92578125 0.056640625 0.05859375
0 0.0205078125 0.361328125 0.041015625 0.033203125
0 0.12890625 0.099609375 0.0537109375 0.1611328125
0 0.2041015625 0.97265625 0.052734375 0.0537109375
0 0.1318359375 0.4892578125 0.10546875 0.0400390625
0 0.8681640625 0.546875 0.1220703125 0.0458984375
0 0.6181640625 0.9150390625 0.0654296875 0.1689453125
0 0.55078125 0.236328125 0.0546875 0.0341796875
0 0.2724609375 0.884765625 0.0791015625 0.0478515625
0 0.166015625 0.0234375 0.05078125 0.044921875
0 0.9462890625 0.6796875 0.0546875 0.0517578125
0 0.654296875 0.0126953125 0.0302734375 0.0263671875
0 0.5439453125 0.220703125 0.0595703125 0.0283203125
0 0.1806640625 0.5185546875 0.1279296875 0.037109375
0 0.0888671875 0.1123046875 0.0576171875 0.0693359375
0 0.0556640625 0.76953125 0.080078125 0.0908203125
0 0.8623046875 0.5009765625 0.037109375 0.0703125
0 0.697265625 0.0263671875 0.046875 0.04296875
0 0.076171875 0.0166015625 0.0703125 0.033203125
0 0.9140625 0.6142578125 0.03515625 0.1103515625
0 0.822265625 0.587890625 0.0380859375 0.0390625
0 0.3798828125 0.7783203125 0.0966796875 0.0322265625
0 0.0283203125 0.662109375 0.0576171875 0.0380859375
0 0.4833984375 0.2958984375 0.044921875 0.05859375
0 0.1396484375 0.4619140625 0.125 0.04296875
0 0.3583984375 0.400390625 0.037109375 0.0966796875
0 0.203125 0.9384765625 0.162109375 0.0625
0 0.25 0.59375 0.0703125 0.048828125
0 0.31640625 0.5810546875 0.111328125 0.1201171875
