0 0.6357421875 0.3017578125 0.0947265625 0.0908203125
0 0.8330078125 0.419921875 0.087890625 0.0791015625
0 0.806640625 0.0966796875 0.0693359375 0.1240234375
0 0.876953125 0.32421875 0.0791015625 0.0908203125
0 0.3740234375 0.4052734375 0.0966796875 0.0859375
0 0.94921875 0.7841796875 0.080078125 0.060546875
0 0.4404296875 0.259765625 0.0712890625 0.1171875
0 0.8408203125 0.333984375 0.109375 0.1162109375
0 0.1806640625 0.73828125 0.0869140625 0.0888671875
0 0.5693359375 0.974609375 0.0927734375 0.05078125
0 0.865234375 0.408203125 0.0693359375 0.0634765625
0 0.48828125 0.353515625 0.0751953125 0.064453125
0 0.703125 0.541015625 0.109375 0.07421875
0 0.126953125 0.314453125 0.0986328125 0.11328125
0 0.083984375 0.3720703125 0.1103515625 0.08203125
0 0.73046875 0.7275390625 0.0654296875 0.064453125
0 0.0615234375 0.1513671875 0.1201171875 0.0517578125
0 0.5888671875 0.494140625 0.0654296875 0.064453125
0 0.2783203125 0.181640625 0.0947265625 0.041015625
0 0.5830078125 0.6904296875 0.0830078125 0.0546875
0 0.0810546875 0.33203125 0.1396484375 0.0908203125
0 0.6787109375 0.6923828125 0.0654296875 0.0771484375
0 0.556640625 0.8408203125 0.080078125 0.0439453125
0 0.857421875 0.8203125 0.0771484375 0.0537109375
0 0.9677734375 0.8740234375 0.0634765625 0.0517578125
0 0.6845703125 0.4140625 0.1064453125 0.044921875
0 0.046875 0.841796875 0.0947265625 0.0556640625
0 0.28515625 0.3955078125 0.0810546875 0.0576171875
0 0.51171875 0.4052734375 0.0810546875 0.046875
0 0.2392578125 0.919921875 0.103515625 0.1591796875
0 0.916015625 0.59765625 0.1279296875 0.0419921875
0 0.447265625 0.4833984375 0.1015625 0.0478515625
0 0.7783203125 0.1455078125 0.072265625 0.056640625
0 0.517578125 0.869140625 0.111328125 0.037109375
0 0.7138671875 0.208984375 0.06640625 0.052734375
0 0.9736328125 0.5615234375 0.052734375 0.033203125
0 0.0322265625 0.703125 0.064453125 0.0390625
0 0.2890625 0.8603515625 0.107421875 0.046875
0 0.6728515625 0.2607421875 0.1474609375 0.0458984375
0 0.990234375 0.40234375 0.01953125 0.0673828125
0 0.3857421875 0.0263671875 0.0615234375 0.0537109375
0 0.4462890625 0.068359375 0.072265625 0.0849609375
0 0.3203125 0.1279296875 0.111328125 0.0478515625
0 0.5361328125 0.16015625 0.0615234375 0.0634765625
0 0.248046875 0.5458984375 0.115234375 0.05078125
0 0.6123046875 0.1875 0.0771484375 0.0400390625
0 0.328125 0.77734375 0.0615234375 0.0400390625
0 0.9755859375 0.4404296875 0.048828125 0.0458984375
0 0.6376953125 0.75 0.0859375 0.0517578125
0 0.1201171875 0.12109375 0.154296875 0.0751953125
0 0.513671875 0.546875 0.10546875 0.0419921875
0 0.4404296875 0.5107421875 0.0849609375 0.03515625
0 0.986328125 0.7861328125 0.02734375 0.0322265625
0 0.6337890625 0.734375 0.1044921875 0.0595703125
0 0.7314453125 0.455078125 0.06640625 0.05859375
0 0.7177734375 0.888671875 0.0966796875 0.0380859375
0 0.826171875 0.9873046875 0.0830078125 0.0244140625
0 0.0244140625 0.98828125 0.048828125 0.0234375
0 0.6591796875 0.8955078125 0.06640625 0.0390625
