0 0.0576171875 0.3642578125 0.0908203125 0.103515625
0 0.6650390625 0.373046875 0.09375 0.0712890625
0 0.0283203125 0.3076171875 0.0576171875 0.1103515625
0 0.1962890625 0.8134765625 0.0859375 0.0673828125
0 0.4765625 0.1767578125 0.1611328125 0.1279296875
0 0.09765625 0.021484375 0.0546875 0.04296875
0 0.697265625 0.3154296875 0.0947265625 0.1005859375
0 0.646484375 0.556640625 0.1328125 0.08984375
0 0.3603515625 0.5908203125 0.1044921875 0.103515625
0 0.40234375 0.9013671875 0.1279296875 0.04296875
0 0.140625 0.103515625 0.0791015625 0.103515625
0 0.025390625 0.900390625 0.05078125 0.1171875
0 0.619140625 0.98046875 0.0654296875 0.0390625
0 0.14453125 0.513671875 0.1142578125 0.080078125
0 0.484375 0.76953125 0.0791015625 0.05078125
0 0.77734375 0.494140625 0.0791015625 0.12890625
0 0.2060546875 0.732421875 0.0908203125 0.083984375
0 0.392578125 0.8671875 0.115234375 0.0537109375
0 0.0615234375 0.8017578125 0.07421875 0.068359375
0 0.03515625 0.5546875 0.068359375 0.080078125
0 0.03125 0.5078125 0.0625 0.060546875
0 0.626953125 0.1787109375 0.05859375 0.0595703125
0 0.02734375 0.0283203125 0.05078125 0.052734375
0 0.6142578125 0.4580078125 0.146484375 0.080078125
0 0.703125 0.4814453125 0.0625 0.0703125
0 0.4560546875 0.71875 0.06640625 0.07421875
