0 0.2314453125 0.0322265625 0.095703125 0.0654296875
0 0.576171875 0.0478515625 0.1201171875 0.095703125
0 0.91015625 0.0849609375 0.1044921875 0.1494140625
0 0.892578125 0.5615234375 0.1318359375 0.115234375
0 0.6669921875 0.2734375 0.125 0.1357421875
0 0.369140625 0.29296875 0.1650390625 0.1015625
0 0.3125 0.1923828125 0.1123046875 0.0810546875
0 0.3623046875 0.572265625 0.103515625 0.16015625
0 0.5009765625 0.48828125 0.1318359375 0.1611328125
0 0.072265625 0.4736328125 0.1416015625 0.126953125
0 0.138671875 0.615234375 0.1484375 0.1357421875
0 0.56640625 0.6572265625 0.1201171875 0.1845703125
0 0.013671875 0.595703125 0.02734375 0.125
0 0.154296875 0.095703125 0.095703125 0.1005859375
0 0.01953125 0.0712890625 0.0390625 0.1064453125
0 0.041015625 0.1923828125 0.0830078125 0.0888671875
0 0.119140625 0.1865234375 0.06640625 0.0830078125
0 0.0263671875 0.7275390625 0.052734375 0.0791015625
0 0.06640625 0.8291015625 0.0380859375 0.046875
0 0.1953125 0.2822265625 0.0390625 0.04296875
0 0.6259765625 0.01171875 0.07421875 0.0234375
0 0.47265625 0.10546875 0.107421875 0.0791015625
0 0.697265625 0.544921875 0.0673828125 0.1259765625
0 0.6767578125 0.8232421875 0.0947265625 0.1953125
0 0.4814453125 0.6328125 0.1103515625 0.1533203125
0 0.36328125 0.76171875 0.0537109375 0.078125
0 0.3134765625 0.8388671875 0.068359375 0.115234375
0 0.4140625 0.8134765625 0.0634765625 0.1162109375
0 0.4189453125 0.943359375 0.06640625 0.107421875
0 0.1650390625 0.8984375 0.126953125 0.109375
0 0.265625 0.96875 0.0546875 0.0615234375
0 0.3564453125 0.951171875 0.044921875 0.0927734375
0 0.9150390625 0.2958984375 0.0703125 0.0712890625
0 0.9453125 0.380859375 0.0908203125 0.1494140625
0 0.9052734375 0.2080078125 0.091796875 0.0693359375
0 0.732421875 0.904296875 0.0634765625 0.119140625
