0 0.515625 0.5439453125 0.0634765625 0.09765625
0 0.720703125 0.5419921875 0.0615234375 0.095703125
0 0.5625 0.40234375 0.0517578125 0.0751953125
0 0.1787109375 0.490234375 0.056640625 0.103515625
0 0.34765625 0.18359375 0.056640625 0.0810546875
0 0.2490234375 0.14453125 0.0537109375 0.0849609375
0 0.2978515625 0.484375 0.0478515625 0.1123046875
0 0.0986328125 0.8740234375 0.046875 0.0986328125
0 0.138671875 0.1689453125 0.0908203125 0.0673828125
0 0.25390625 0.5185546875 0.080078125 0.0693359375
0 0.5673828125 0.5546875 0.0654296875 0.076171875
0 0.232421875 0.548828125 0.046875 0.078125
0 0.3583984375 0.0654296875 0.0732421875 0.0751953125
0 0.623046875 0.185546875 0.0322265625 0.0986328125
0 0.455078125 0.8134765625 0.041015625 0.0693359375
0 0.154296875 0.6416015625 0.095703125 0.0712890625
0 0.19140625 0.333984375 0.037109375 0.072265625
0 0.77734375 0.048828125 0.064453125 0.09765625
0 0.646484375 0.6103515625 0.025390625 0.05859375
0 0.6572265625 0.27734375 0.025390625 0.0947265625
0 0.88525390625 0.2978515625 0.03369140625 0.09042969346046448
0 0.9072265625 0.5224609375 0.0263671875 0.0732421875
0 0.8359375 0.947265625 0.0517578125 0.060546875
0 0.33203125 0.9228515625 0.0478515625 0.0458984375
0 0.314453125 0.0556640625 0.0546875 0.072265625
0 0.7041015625 0.2236328125 0.025390625 0.0791015625
0 0.9248046875 0.1142578125 0.04296875 0.10546875
0 0.96875 0.666015625 0.052734375 0.04296875
0 0.361328125 0.26171875 0.0400390625 0.0537109375
0 0.169921875 0.2490234375 0.04296875 0.06640625
0 0.9296875 0.251953125 0.0390625 0.0625
0 0.2841796875 0.6494140625 0.048828125 0.0615234375
0 0.658203125 0.8779296875 0.052734375 0.0556640625
0 0.9736328125 0.453125 0.0263671875 0.05859375
0 0.763671875 0.4443359375 0.029296875 0.1337890625
0 0.0283203125 0.43359375 0.0458984375 0.099609375
0 0.6748046875 0.4833984375 0.033203125 0.072265625
0 0.3544921875 0.5771484375 0.0302734375 0.06640625
0 0.2392578125 0.3583984375 0.044921875 0.0419921875
0 0.71484375 0.814453125 0.02734375 0.05078125
0 0.798828125 0.9462890625 0.0361328125 0.0615234375
0 0.345703125 0.0224609375 0.0302734375 0.0458984375
0 0.845703125 0.115234375 0.033203125 0.0546875
0 0.31640625 0.0166015625 0.0322265625 0.033203125
0 0.798828125 0.66015625 0.06640625 0.037109375
0 0.333984375 0.7138671875 0.0712890625 0.0556640625
0 0.98046875 0.2001953125 0.0380859375 0.068359375
0 0.6708984375 0.0380859375 0.025390625 0.0693359375
0 0.275390625 0.02734375 0.046875 0.0546875
0 0.990234375 0.1484375 0.0185546875 0.0703125
0 0.7158203125 0.4453125 0.048828125 0.046875
0 0.880859375 0.009765625 0.0341796875 0.0205078125
0 0.3359375 0.7900390625 0.052734375 0.04296875
0 0.0126953125 0.6416015625 0.0263671875 0.046875
0 0.9482421875 0.2060546875 0.0595703125 0.0947265625
0 0.3427734375 0.625 0.0556640625 0.0517578125
