0 0.767578125 0.0185546875 0.13671875 0.0380859375
0 0.654296875 0.0224609375 0.0810546875 0.0458984375
0 0.4638671875 0.0458984375 0.099609375 0.0302734375
0 0.4794921875 0.060546875 0.1103515625 0.0400390625
0 0.6015625 0.09765625 0.076171875 0.0625
0 0.62890625 0.142578125 0.1669921875 0.06640625
0 0.2802734375 0.111328125 0.11328125 0.0751953125
0 0.21875 0.126953125 0.126953125 0.044921875
0 0.099609375 0.126953125 0.1533203125 0.0537109375
0 0.048828125 0.189453125 0.060546875 0.03515625
0 0.09765625 0.21875 0.0458984375 0.0673828125
0 0.1796875 0.25 0.109375 0.0517578125
0 0.1943359375 0.271484375 0.0791015625 0.0556640625
0 0.2060546875 0.36328125 0.091796875 0.0341796875
0 0.12890625 0.3779296875 0.09765625 0.0537109375
0 0.2060546875 0.4111328125 0.126953125 0.06640625
0 0.5009765625 0.3046875 0.111328125 0.0947265625
0 0.5302734375 0.341796875 0.080078125 0.0830078125
0 0.47265625 0.486328125 0.1337890625 0.0400390625
0 0.798828125 0.3095703125 0.1298828125 0.0556640625
0 0.8369140625 0.3349609375 0.1123046875 0.087890625
0 0.8896484375 0.21875 0.0458984375 0.068359375
0 0.900390625 0.154296875 0.0771484375 0.0908203125
0 0.9345703125 0.2236328125 0.0908203125 0.0224609375
0 0.9423828125 0.26171875 0.056640625 0.0458984375
0 0.9765625 0.69921875 0.046875 0.0556640625
0 0.974609375 0.630859375 0.05078125 0.04296875
0 0.8623046875 0.482421875 0.076171875 0.0419921875
0 0.798828125 0.4326171875 0.0654296875 0.0390625
0 0.732421875 0.5166015625 0.0966796875 0.0458984375
0 0.8369140625 0.5712890625 0.0390625 0.029296875
0 0.6318359375 0.5732421875 0.0849609375 0.052734375
0 0.5185546875 0.5732421875 0.1240234375 0.0458984375
0 0.3134765625 0.54296875 0.11328125 0.0322265625
0 0.3359375 0.611328125 0.0673828125 0.0478515625
0 0.40625 0.6591796875 0.0732421875 0.0517578125
0 0.6884765625 0.6767578125 0.0703125 0.0458984375
0 0.76171875 0.7197265625 0.05078125 0.046875
0 0.875 0.744140625 0.1083984375 0.0361328125
0 0.84375 0.9853515625 0.09375 0.029296875
0 0.89453125 0.90625 0.056640625 0.048828125
0 0.8642578125 0.8671875 0.068359375 0.08203125
0 0.712890625 0.89453125 0.087890625 0.0517578125
0 0.7021484375 0.765625 0.1044921875 0.03125
0 0.66796875 0.7734375 0.09765625 0.08203125
0 0.6767578125 0.8447265625 0.1005859375 0.0263671875
0 0.5693359375 0.8271484375 0.0791015625 0.0478515625
0 0.546875 0.759765625 0.0859375 0.0537109375
0 0.591796875 0.7138671875 0.091796875 0.03125
0 0.546875 0.90234375 0.1044921875 0.064453125
0 0.375 0.953125 0.111328125 0.0546875
0 0.2763671875 0.9453125 0.078125 0.0595703125
0 0.322265625 0.8125 0.076171875 0.0771484375
0 0.2021484375 0.841796875 0.0615234375 0.0498046875
0 0.2216796875 0.78515625 0.0849609375 0.0458984375
0 0.0595703125 0.83203125 0.1201171875 0.0673828125
0 0.0478515625 0.9189453125 0.0966796875 0.0361328125
0 0.033203125 0.7421875 0.0673828125 0.0791015625
0 0.0302734375 0.6298828125 0.060546875 0.04296875
0 0.072265625 0.5126953125 0.109375 0.080078125
0 0.158203125 0.697265625 0.0908203125 0.056640625
