0 0.1904296875 0.9755859375 0.0771484375 0.0478515625
0 0.1259765625 0.9326171875 0.123046875 0.1044921875
0 0.072265625 0.833984375 0.103515625 0.1162109375
0 0.0224609375 0.64453125 0.0458984375 0.078125
0 0.185546875 0.6318359375 0.0810546875 0.0673828125
0 0.26171875 0.7861328125 0.0810546875 0.1572265625
0 0.1943359375 0.822265625 0.0810546875 0.0693359375
0 0.1435546875 0.8662109375 0.1005859375 0.1591796875
0 0.3291015625 0.861328125 0.091796875 0.11328125
0 0.3271484375 0.6279296875 0.169921875 0.2373046875
0 0.4130859375 0.7890625 0.0947265625 0.056640625
0 0.0654296875 0.4619140625 0.0810546875 0.0830078125
0 0.029296875 0.3125 0.05859375 0.0908203125
0 0.1611328125 0.384765625 0.0849609375 0.083984375
0 0.130859375 0.048828125 0.080078125 0.0859375
0 0.3623046875 0.251953125 0.0810546875 0.0849609375
0 0.390625 0.3779296875 0.07421875 0.1162109375
0 0.26953125 0.091796875 0.0615234375 0.07421875
0 0.181640625 0.1162109375 0.06640625 0.060546875
0 0.494140625 0.02734375 0.0986328125 0.0546875
0 0.6806640625 0.0849609375 0.083984375 0.068359375
0 0.7685546875 0.0625 0.0615234375 0.0888671875
0 0.5 0.505859375 0.12109375 0.0771484375
0 0.6298828125 0.4482421875 0.0732421875 0.076171875
0 0.701171875 0.466796875 0.095703125 0.0615234375
0 0.66796875 0.5654296875 0.0751953125 0.1005859375
0 0.736328125 0.6123046875 0.08984375 0.11328125
0 0.720703125 0.509765625 0.0693359375 0.06640625
0 0.876953125 0.50390625 0.0576171875 0.05078125
0 0.9677734375 0.8359375 0.064453125 0.1328125
0 0.830078125 0.8173828125 0.0908203125 0.12890625
0 0.7177734375 0.81640625 0.06640625 0.07421875
0 0.642578125 0.7880859375 0.13671875 0.119140625
0 0.8212890625 0.9775390625 0.0712890625 0.044921875
0 0.94921875 0.0302734375 0.1005859375 0.0615234375
0 0.0693359375 0.3427734375 0.0380859375 0.0771484375
0 0.1611328125 0.01953125 0.111328125 0.0400390625
0 0.9892578125 0.4296875 0.0205078125 0.0712890625
0 0.8955078125 0.4443359375 0.1513671875 0.099609375
0 0.720703125 0.5615234375 0.0673828125 0.0634765625
0 0.7548828125 0.990234375 0.064453125 0.01953125
