0 0.0810546875 0.955078125 0.0732421875 0.0849609375
0 0.380859375 0.087890625 0.0810546875 0.1083984375
0 0.3134765625 0.4423828125 0.0703125 0.0888671875
0 0.21484375 0.95703125 0.0703125 0.0751953125
0 0.5302734375 0.7421875 0.0595703125 0.07421875
0 0.185546875 0.7841796875 0.1123046875 0.0546875
0 0.572265625 0.7607421875 0.046875 0.0732421875
0 0.708984375 0.6220703125 0.0439453125 0.09375
0 0.85546875 0.9560546875 0.044921875 0.0830078125
0 0.01953125 0.431640625 0.0390625 0.0732421875
0 0.4189453125 0.8349609375 0.048828125 0.0830078125
0 0.1181640625 0.341796875 0.0654296875 0.091796875
0 0.298828125 0.3037109375 0.060546875 0.0947265625
0 0.75 0.41015625 0.0615234375 0.0791015625
0 0.109375 0.392578125 0.0908203125 0.1171875
0 0.2021484375 0.3916015625 0.0556640625 0.099609375
0 0.357421875 0.7177734375 0.0966796875 0.0615234375
0 0.978515625 0.046875 0.0419921875 0.0908203125
0 0.6513671875 0.4384765625 0.044921875 0.1376953125
0 0.0849609375 0.037109375 0.0419921875 0.072265625
0 0.7822265625 0.328125 0.060546875 0.0947265625
0 0.0322265625 0.8876953125 0.064453125 0.087890625
0 0.146484375 0.486328125 0.0419921875 0.0947265625
0 0.8720703125 0.4443359375 0.0625 0.0673828125
0 0.5029296875 0.2705078125 0.0322265625 0.0810546875
0 0.033203125 0.580078125 0.06640625 0.0478515625
0 0.0751953125 0.4365234375 0.0693359375 0.0625
0 0.732421875 0.5244140625 0.0419921875 0.0693359375
0 0.595703125 0.4560546875 0.044921875 0.12890625
0 0.8193359375 0.83984375 0.0830078125 0.060546875
0 0.4765625 0.4306640625 0.0615234375 0.0654296875
0 0.4150390625 0.48828125 0.0341796875 0.0673828125
0 0.4453125 0.072265625 0.037109375 0.0927734375
0 0.2607421875 0.48828125 0.064453125 0.0478515625
0 0.7939453125 0.765625 0.1513671875 0.06640625
0 0.1357421875 0.287109375 0.064453125 0.06640625
0 0.904296875 0.0263671875 0.0244140625 0.052734375
0 0.515625 0.4755859375 0.052734375 0.037109375
0 0.431640625 0.712890625 0.0419921875 0.064453125
0 0.75 0.9736328125 0.0234375 0.052734375
0 0.5830078125 0.044921875 0.0908203125 0.0380859375
0 0.1083984375 0.8330078125 0.0712890625 0.0634765625
0 0.962890625 0.59765625 0.0341796875 0.0634765625
0 0.849609375 0.7080078125 0.0380859375 0.083984375
0 0.5986328125 0.587890625 0.0478515625 0.05078125
0 0.1650390625 0.384765625 0.0361328125 0.078125
0 0.2001953125 0.3310546875 0.12890625 0.0478515625
0 0.373046875 0.982421875 0.0341796875 0.0341796875
0 0.294921875 0.359375 0.06777343153953552 0.05751952528953552
0 0.7099609375 0.037109375 0.0263671875 0.0546875
0 0.5166015625 0.0400390625 0.0625 0.0810546875
0 0.3369140625 0.5810546875 0.0576171875 0.0419921875
0 0.96875 0.4853515625 0.0517578125 0.0478515625
0 0.2978515625 0.6533203125 0.0576171875 0.0302734375
0 0.07421875 0.0361328125 0.04296875 0.0693359375
0 0.744140625 0.830078125 0.064453125 0.0517578125
0 0.9443359375 0.826171875 0.0673828125 0.0703125
0 0.5146484375 0.5595703125 0.10546875 0.0439453125
0 0.3388671875 0.09765625 0.0390625 0.0546875
0 0.3798828125 0.841796875 0.068359375 0.0341796875
0 0.7861328125 0.650390625 0.064453125 0.0244140625
0 0.8798828125 0.166015625 0.0283203125 0.0615234375
0 0.060546875 0.806640625 0.0458984375 0.033203125
0 0.6630859375 0.0185546875 0.0380859375 0.0380859375
0 0.9677734375 0.8388671875 0.064453125 0.04296875
0 0.0185546875 0.388671875 0.037109375 0.0693359375
0 0.91015625 0.263671875 0.044921875 0.04296875
0 0.6708984375 0.2744140625 0.056640625 0.0673828125
0 0.8701171875 0.5771484375 0.060546875 0.025390625
0 0.8720703125 0.51171875 0.0693359375 0.0302734375
0 0.534960925579071 0.9471679925918579 0.06044924259185791 0.04111325740814209
0 0.3037109375 0.84375 0.060546875 0.05078125
