0 0.8701171875 0.279296875 0.0830078125 0.1103515625
0 0.96484375 0.173828125 0.0703125 0.0849609375
0 0.2880859375 0.6806640625 0.107421875 0.1123046875
0 0.6630859375 0.568359375 0.08203125 0.08203125
0 0.2041015625 0.8671875 0.1142578125 0.080078125
0 0.87109375 0.970703125 0.09765625 0.0576171875
0 0.3779296875 0.6015625 0.0927734375 0.1494140625
0 0.359375 0.2314453125 0.0703125 0.0693359375
0 0.6533203125 0.8046875 0.08203125 0.060546875
0 0.330078125 0.3427734375 0.0751953125 0.0927734375
0 0.9736328125 0.6298828125 0.052734375 0.0673828125
0 0.802734375 0.904296875 0.0869140625 0.0703125
0 0.67578125 0.71875 0.087890625 0.1201171875
0 0.5009765625 0.0556640625 0.09765625 0.107421875
0 0.203125 0.5302734375 0.072265625 0.0771484375
0 0.93359375 0.0849609375 0.072265625 0.1025390625
0 0.814453125 0.546875 0.064453125 0.0703125
0 0.267578125 0.181640625 0.0673828125 0.0693359375
0 0.6435546875 0.916015625 0.0537109375 0.046875
0 0.060546875 0.4580078125 0.08203125 0.087890625
0 0.76171875 0.6806640625 0.0703125 0.08203125
0 0.876953125 0.521484375 0.0703125 0.1044921875
0 0.7958984375 0.3095703125 0.08203125 0.115234375
0 0.296875 0.0517578125 0.080078125 0.099609375
0 0.52734375 0.4267578125 0.0546875 0.0498046875
0 0.6416015625 0.36328125 0.0908203125 0.09765625
0 0.7861328125 0.0322265625 0.0849609375 0.060546875
0 0.056640625 0.7333984375 0.08984375 0.091796875
0 0.052734375 0.2001953125 0.1025390625 0.1025390625
0 0.390625 0.7978515625 0.064453125 0.1181640625
0 0.044921875 0.5478515625 0.0673828125 0.0625
0 0.64453125 0.0888671875 0.07421875 0.1044921875
0 0.3818359375 0.8818359375 0.099609375 0.08984375
0 0.1181640625 0.435546875 0.0673828125 0.072265625
0 0.8701171875 0.412109375 0.0673828125 0.060546875
0 0.3017578125 0.5107421875 0.0595703125 0.056640625
0 0.62890625 0.287109375 0.0693359375 0.099609375
0 0.1787109375 0.0390625 0.0849609375 0.0751953125
0 0.5673828125 0.70703125 0.0390625 0.05859375
0 0.4404296875 0.0419921875 0.0576171875 0.080078125
0 0.9384765625 0.9326171875 0.0771484375 0.0546875
0 0.48046875 0.5908203125 0.0869140625 0.1083984375
0 0.712890625 0.29296875 0.0673828125 0.1025390625
0 0.458984375 0.30078125 0.03515625 0.044921875
0 0.681640625 0.125 0.0595703125 0.0673828125
0 0.9658203125 0.763671875 0.0546875 0.052734375
0 0.4345703125 0.87109375 0.0771484375 0.08203125
0 0.681640625 0.2568359375 0.0556640625 0.08984375
0 0.0419921875 0.0322265625 0.080078125 0.060546875
0 0.6630859375 0.029296875 0.0771484375 0.0546875
0 0.029296875 0.3583984375 0.0546875 0.091796875
0 0.96484375 0.8359375 0.0654296875 0.0556640625
0 0.30859375 0.57421875 0.072265625 0.0751953125
