0 0.888671875 0.947265625 0.0751953125 0.1044921875
0 0.5126953125 0.6279296875 0.0732421875 0.1025390625
0 0.611328125 0.7490234375 0.0751953125 0.1591796875
0 0.7744140625 0.86328125 0.0703125 0.1171875
0 0.216796875 0.7041015625 0.134765625 0.080078125
0 0.56640625 0.2021484375 0.0947265625 0.189453125
0 0.087890625 0.86328125 0.107421875 0.107421875
0 0.095703125 0.60546875 0.087890625 0.09375
0 0.8046875 0.439453125 0.0703125 0.0732421875
0 0.75390625 0.3212890625 0.0693359375 0.1103515625
0 0.2783203125 0.966796875 0.078125 0.0654296875
0 0.5341796875 0.44140625 0.08984375 0.1396484375
0 0.0654296875 0.958984375 0.0771484375 0.0693359375
0 0.8115234375 0.6328125 0.0791015625 0.068359375
0 0.82421875 0.203125 0.0703125 0.1123046875
0 0.84765625 0.517578125 0.0927734375 0.1025390625
0 0.498046875 0.0517578125 0.0478515625 0.099609375
0 0.2734375 0.14453125 0.07421875 0.0673828125
0 0.802734375 0.1630859375 0.0478515625 0.1025390625
0 0.564453125 0.529296875 0.095703125 0.10546875
0 0.1591796875 0.7490234375 0.0595703125 0.0751953125
0 0.83984375 0.0361328125 0.072265625 0.0703125
0 0.12890625 0.8515625 0.0751953125 0.0791015625
