0 0.1630859375 0.337890625 0.083984375 0.05859375
0 0.08984375 0.39453125 0.056640625 0.0673828125
0 0.1806640625 0.39453125 0.1123046875 0.072265625
0 0.2236328125 0.45703125 0.091796875 0.0517578125
0 0.232421875 0.2099609375 0.0888671875 0.099609375
0 0.072265625 0.126953125 0.0849609375 0.0673828125
0 0.1337890625 0.0888671875 0.083984375 0.0712890625
0 0.23828125 0.0791015625 0.0966796875 0.0625
0 0.07421875 0.7099609375 0.068359375 0.091796875
0 0.2158203125 0.6767578125 0.0869140625 0.125
0 0.2080078125 0.8349609375 0.076171875 0.1318359375
0 0.212890625 0.9501953125 0.0654296875 0.095703125
0 0.1484375 0.845703125 0.0751953125 0.048828125
0 0.4208984375 0.7919921875 0.0859375 0.076171875
0 0.6064453125 0.8935546875 0.0498046875 0.052734375
0 0.751953125 0.8642578125 0.0859375 0.0693359375
0 0.68359375 0.939453125 0.0751953125 0.0908203125
0 0.93359375 0.9072265625 0.09375 0.1103515625
0 0.9560546875 0.783203125 0.060546875 0.080078125
0 0.966796875 0.6748046875 0.06640625 0.0869140625
0 0.9658203125 0.326171875 0.068359375 0.1103515625
0 0.884765625 0.283203125 0.12109375 0.0888671875
0 0.0126953125 0.896484375 0.0263671875 0.064453125
0 0.0615234375 0.9814453125 0.064453125 0.0361328125
0 0.326171875 0.9140625 0.087890625 0.0986328125
0 0.3359375 0.7939453125 0.05859375 0.076171875
0 0.9609375 0.1552734375 0.0771484375 0.1064453125
0 0.8173828125 0.0546875 0.1171875 0.1103515625
0 0.013671875 0.0263671875 0.02734375 0.052734375
0 0.1474609375 0.552734375 0.068359375 0.0751953125
0 0.54296875 0.5009765625 0.0458984375 0.0634765625
0 0.80859375 0.6796875 0.0673828125 0.0546875
0 0.796875 0.3974609375 0.060546875 0.0439453125
