0 0.4072265625 0.2001953125 0.0390625 0.064453125
0 0.4501953125 0.1689453125 0.07421875 0.076171875
0 0.4970703125 0.1103515625 0.0673828125 0.0966796875
0 0.6494140625 0.017578125 0.0654296875 0.0361328125
0 0.7138671875 0.140625 0.0673828125 0.1103515625
0 0.90234375 0.0341796875 0.0634765625 0.0693359375
0 0.857421875 0.0966796875 0.056640625 0.060546875
0 0.921875 0.1845703125 0.0498046875 0.1171875
0 0.9501953125 0.2333984375 0.07421875 0.0693359375
0 0.841796875 0.18359375 0.0673828125 0.0537109375
0 0.8408203125 0.232421875 0.0703125 0.0498046875
0 0.703125 0.26953125 0.05078125 0.09375
0 0.6142578125 0.2939453125 0.0537109375 0.087890625
0 0.537109375 0.326171875 0.0751953125 0.0751953125
0 0.47265625 0.400390625 0.0576171875 0.0654296875
0 0.5419921875 0.4365234375 0.068359375 0.05078125
0 0.740234375 0.3388671875 0.05859375 0.0576171875
0 0.76171875 0.4404296875 0.0673828125 0.0751953125
0 0.859375 0.4140625 0.041015625 0.0546875
0 0.9462890625 0.396484375 0.0673828125 0.080078125
0 0.9443359375 0.326171875 0.0576171875 0.0625
0 0.46484375 0.6474609375 0.0625 0.09765625
0 0.568359375 0.6533203125 0.0673828125 0.0986328125
0 0.7587890625 0.572265625 0.0810546875 0.056640625
0 0.8828125 0.486328125 0.05859375 0.0595703125
0 0.787109375 0.6513671875 0.0732421875 0.0517578125
0 0.9384765625 0.7099609375 0.0849609375 0.0947265625
0 0.8115234375 0.767578125 0.0537109375 0.0634765625
0 0.853515625 0.7138671875 0.064453125 0.05859375
0 0.78515625 0.8359375 0.0615234375 0.0615234375
0 0.8642578125 0.8828125 0.0927734375 0.064453125
0 0.716796875 0.9326171875 0.0693359375 0.068359375
0 0.76953125 0.962890625 0.05859375 0.0498046875
0 0.6416015625 0.9697265625 0.0576171875 0.0595703125
0 0.6611328125 0.7236328125 0.099609375 0.0556640625
0 0.6875 0.669921875 0.08203125 0.0517578125
0 0.41796875 0.4716796875 0.068359375 0.0673828125
0 0.326171875 0.63671875 0.064453125 0.0771484375
0 0.390625 0.73828125 0.0849609375 0.060546875
0 0.439453125 0.8642578125 0.0625 0.0791015625
0 0.259765625 0.9609375 0.0673828125 0.0751953125
0 0.2734375 0.849609375 0.0693359375 0.0595703125
0 0.234375 0.7939453125 0.0771484375 0.0478515625
0 0.26953125 0.7470703125 0.078125 0.0439453125
0 0.26953125 0.6767578125 0.0390625 0.0693359375
0 0.2607421875 0.6005859375 0.046875 0.0546875
0 0.1865234375 0.6494140625 0.0634765625 0.072265625
0 0.30078125 0.4404296875 0.0693359375 0.0634765625
0 0.3330078125 0.3671875 0.0771484375 0.06640625
0 0.29296875 0.1142578125 0.046875 0.068359375
0 0.236328125 0.2431640625 0.05078125 0.0732421875
0 0.2646484375 0.34375 0.0654296875 0.076171875
0 0.0556640625 0.435546875 0.0673828125 0.0615234375
0 0.0869140625 0.513671875 0.052734375 0.07421875
0 0.078125 0.6611328125 0.0703125 0.099609375
0 0.1328125 0.962890625 0.0771484375 0.0732421875
0 0.0224609375 0.189453125 0.0458984375 0.078125
0 0.0478515625 0.265625 0.05859375 0.08203125
0 0.0791015625 0.1953125 0.044921875 0.0908203125
0 0.17578125 0.265625 0.0673828125 0.115234375
0 0.03515625 0.12109375 0.0517578125 0.0703125
0 0.1005859375 0.0791015625 0.0546875 0.0546875
0 0.1611328125 0.0302734375 0.05078125 0.060546875
0 0.7861328125 0.1162109375 0.0625 0.060546875
0 0.15234375 0.8115234375 0.0595703125 0.0576171875
