0 0.6494140625 0.96875 0.0986328125 0.0615234375
0 0.5537109375 0.5126953125 0.0888671875 0.056640625
0 0.54638671875 0.706250011920929 0.12763673067092896 0.07587891817092896
0 0.3056640625 0.044921875 0.111328125 0.056640625
0 0.0732421875 0.6748046875 0.0810546875 0.0546875
0 0.46875 0.0576171875 0.08203125 0.111328125
0 0.3349609375 0.412109375 0.125 0.064453125
0 0.1982421875 0.0869140625 0.162109375 0.08203125
0 0.4912109375 0.4091796875 0.109375 0.06640625
0 0.392578125 0.68359375 0.087890625 0.064453125
0 0.4169921875 0.7890625 0.1044921875 0.0556640625
0 0.1923828125 0.3603515625 0.0927734375 0.0419921875
0 0.455078125 0.5224609375 0.099609375 0.05078125
0 0.091796875 0.751953125 0.1435546875 0.048828125
0 0.2021484375 0.0283203125 0.0986328125 0.056640625
0 0.4296875 0.1298828125 0.0966796875 0.05078125
0 0.7626953125 0.388671875 0.0771484375 0.052734375
0 0.4794921875 0.4423828125 0.09765625 0.0380859375
0 0.8994140625 0.705078125 0.154296875 0.095703125
0 0.240234375 0.4130859375 0.12109375 0.064453125
0 0.267578125 0.3408203125 0.0869140625 0.0537109375
0 0.443359375 0.677734375 0.1123046875 0.0751953125
0 0.9677734375 0.6806640625 0.0634765625 0.03515625
0 0.7412109375 0.5185546875 0.109375 0.046875
0 0.72265625 0.1962890625 0.0693359375 0.046875
0 0.6875 0.080078125 0.056640625 0.041015625
0 0.2919921875 0.5546875 0.10546875 0.037109375
0 0.978515625 0.771484375 0.0419921875 0.060546875
0 0.703125 0.4794921875 0.119140625 0.0693359375
0 0.876953125 0.4814453125 0.099609375 0.0439453125
0 0.25390625 0.1455078125 0.0966796875 0.0615234375
0 0.103515625 0.5185546875 0.1474609375 0.033203125
0 0.94921875 0.8056640625 0.091796875 0.0400390625
0 0.041015625 0.1298828125 0.080078125 0.0458984375
0 0.9208984375 0.2099609375 0.0654296875 0.0439453125
0 0.0654296875 0.8349609375 0.0703125 0.052734375
0 0.982421875 0.8642578125 0.0341796875 0.0244140625
0 0.8154296875 0.1376953125 0.107421875 0.0419921875
0 0.1162109375 0.8134765625 0.1181640625 0.044921875
0 0.4755859375 0.8525390625 0.1640625 0.052734375
0 0.1552734375 0.44921875 0.12109375 0.037109375
0 0.052734375 0.431640625 0.095703125 0.05078125
0 0.1708984375 0.1376953125 0.1669921875 0.0712890625
0 0.5263671875 0.1826171875 0.068359375 0.0419921875
0 0.3291015625 0.4677734375 0.083984375 0.0439453125
0 0.3994140625 0.3984375 0.1162109375 0.056640625
0 0.9765625 0.474609375 0.0458984375 0.0380859375
0 0.265625 0.4912109375 0.060546875 0.0322265625
0 0.34765625 0.0244140625 0.0361328125 0.048828125
0 0.119140625 0.408203125 0.1689453125 0.046875
0 0.0478515625 0.5244140625 0.0966796875 0.0341796875
0 0.0419921875 0.8798828125 0.083984375 0.0419921875
0 0.76953125 0.5 0.0751953125 0.03125
0 0.44140625 0.4833984375 0.1201171875 0.0341796875
0 0.06640625 0.1748046875 0.1337890625 0.046875
0 0.3740234375 0.5283203125 0.05859375 0.0419921875
0 0.029296875 0.19921875 0.05859375 0.0322265625
0 0.9267578125 0.79296875 0.1328125 0.0595703125
0 0.341796875 0.51171875 0.2392578125 0.0498046875
0 0.09375 0.4716796875 0.1044921875 0.02734375
0 0.0830078125 0.4912109375 0.126953125 0.044921875
0 0.06640625 0.4677734375 0.1328125 0.046875
0 0.0927734375 0.376953125 0.1123046875 0.048828125
0 0.08203125 0.06640625 0.1650390625 0.1220703125
0 0.9169921875 0.6806640625 0.1337890625 0.0732421875
