0 0.755859375 0.9716796875 0.08203125 0.0556640625
0 0.07421875 0.8154296875 0.13671875 0.11328125
0 0.32421875 0.6220703125 0.123046875 0.1005859375
0 0.0576171875 0.12890625 0.08203125 0.08203125
0 0.1552734375 0.142578125 0.0654296875 0.0947265625
0 0.341796875 0.2470703125 0.0673828125 0.068359375
0 0.2939453125 0.068359375 0.0703125 0.083984375
0 0.4462890625 0.052734375 0.060546875 0.0556640625
0 0.576171875 0.080078125 0.115234375 0.07421875
0 0.6767578125 0.087890625 0.0771484375 0.0888671875
0 0.6884765625 0.0263671875 0.0869140625 0.048828125
0 0.724609375 0.625 0.076171875 0.072265625
0 0.048828125 0.6552734375 0.0576171875 0.0546875
0 0.306640625 0.0302734375 0.0625 0.0576171875
0 0.25 0.0068359375 0.048828125 0.013671875
0 0.935546875 0.01171875 0.052734375 0.0234375
0 0.982421875 0.009765625 0.033203125 0.01953125
0 0.45703125 0.9853515625 0.0634765625 0.025390625
