0 0.59765625 0.4404296875 0.099609375 0.083984375
0 0.7236328125 0.8759765625 0.0908203125 0.0712890625
0 0.1142578125 0.8701171875 0.0810546875 0.0595703125
0 0.0380859375 0.1552734375 0.0771484375 0.08203125
0 0.6484375 0.6201171875 0.09375 0.0849609375
0 0.87890625 0.216796875 0.0966796875 0.11328125
0 0.7041015625 0.5595703125 0.07421875 0.107421875
0 0.58984375 0.666015625 0.1357421875 0.25
0 0.1806640625 0.783203125 0.0908203125 0.0888671875
0 0.751953125 0.712890625 0.111328125 0.25390625
0 0.62109375 0.3857421875 0.0859375 0.0732421875
0 0.076171875 0.078125 0.0849609375 0.1162109375
0 0.6123046875 0.818359375 0.1494140625 0.130859375
0 0.095703125 0.203125 0.078125 0.07421875
0 0.041015625 0.634765625 0.0830078125 0.154296875
0 0.5 0.4072265625 0.1376953125 0.107421875
0 0.794921875 0.072265625 0.09375 0.1455078125
0 0.822265625 0.126953125 0.0830078125 0.083984375
0 0.4921875 0.19921875 0.13671875 0.083984375
0 0.8251953125 0.9658203125 0.08984375 0.0673828125
0 0.38671875 0.9833984375 0.1376953125 0.033203125
0 0.2734375 0.9599609375 0.10546875 0.07421875
0 0.974609375 0.83203125 0.05078125 0.1015625
0 0.4140625 0.76953125 0.1005859375 0.1005859375
0 0.015625 0.0927734375 0.0322265625 0.0703125
0 0.982421875 0.3603515625 0.03515625 0.08984375
0 0.197265625 0.751953125 0.216796875 0.111328125
0 0.6005859375 0.294921875 0.14453125 0.1669921875
0 0.630859375 0.2421875 0.0869140625 0.099609375
0 0.6572265625 0.2080078125 0.060546875 0.146484375
0 0.9013671875 0.1416015625 0.0419921875 0.0830078125
0 0.048828125 0.03125 0.080078125 0.0625
0 0.5966796875 0.9462890625 0.0927734375 0.0849609375
