0 0.82421875 0.1845703125 0.0849609375 0.0947265625
0 0.326171875 0.87890625 0.0517578125 0.0927734375
0 0.857421875 0.7626953125 0.083984375 0.107421875
0 0.8994140625 0.4228515625 0.07421875 0.0849609375
0 0.4580078125 0.1416015625 0.0654296875 0.1142578125
0 0.642578125 0.5498046875 0.0439453125 0.091796875
0 0.77734375 0.669921875 0.0517578125 0.0986328125
0 0.1787109375 0.90625 0.076171875 0.0693359375
0 0.861328125 0.3564453125 0.091796875 0.0556640625
0 0.6943359375 0.6767578125 0.087890625 0.05859375
0 0.1123046875 0.068359375 0.068359375 0.0908203125
0 0.6943359375 0.8974609375 0.1171875 0.126953125
0 0.703125 0.4697265625 0.0830078125 0.1064453125
0 0.6220703125 0.291015625 0.09375 0.142578125
0 0.560546875 0.7451171875 0.091796875 0.095703125
0 0.1015625 0.5888671875 0.0673828125 0.0966796875
0 0.2421875 0.359375 0.095703125 0.0859375
0 0.37890625 0.55859375 0.1416015625 0.083984375
0 0.2880859375 0.0283203125 0.0732421875 0.056640625
0 0.798828125 0.548828125 0.076171875 0.08984375
0 0.1650390625 0.361328125 0.109375 0.1318359375
0 0.32421875 0.6611328125 0.0771484375 0.0517578125
0 0.033203125 0.8193359375 0.0673828125 0.0771484375
0 0.0869140625 0.1298828125 0.0478515625 0.083984375
0 0.6474609375 0.384765625 0.0732421875 0.0625
0 0.1455078125 0.2783203125 0.0830078125 0.0595703125
0 0.5341796875 0.1494140625 0.029296875 0.0849609375
0 0.8525390625 0.5126953125 0.0693359375 0.1064453125
0 0.4736328125 0.5615234375 0.068359375 0.0927734375
0 0.3779296875 0.3603515625 0.0654296875 0.0693359375
0 0.5048828125 0.9375 0.0439453125 0.076171875
0 0.1279296875 0.041015625 0.04296875 0.072265625
0 0.1767578125 0.966796875 0.0673828125 0.0595703125
0 0.49609375 0.966796875 0.068359375 0.0654296875
0 0.5556640625 0.46484375 0.0576171875 0.052734375
0 0.7626953125 0.0546875 0.12109375 0.03125
0 0.125 0.9619140625 0.083984375 0.0380859375
0 0.69140625 0.0244140625 0.05859375 0.048828125
0 0.6611328125 0.5400390625 0.029296875 0.0869140625
0 0.4638671875 0.263671875 0.083984375 0.0732421875
0 0.79296875 0.453125 0.0419921875 0.11328125
0 0.787109375 0.130859375 0.0673828125 0.03515625
0 0.7470703125 0.4482421875 0.0546875 0.078125
0 0.984375 0.2724609375 0.0302734375 0.09765625
0 0.078125 0.9853515625 0.064453125 0.02734375
0 0.171875 0.458984375 0.0703125 0.0673828125
0 0.0146484375 0.826171875 0.0283203125 0.080078125
0 0.6181640625 0.6650390625 0.044921875 0.0517578125
0 0.7431640625 0.8916015625 0.0556640625 0.0419921875
0 0.4580078125 0.978515625 0.0439453125 0.0419921875
0 0.5087890625 0.6220703125 0.048828125 0.0625
0 0.439453125 0.955078125 0.064453125 0.0419921875
0 0.017578125 0.728515625 0.0361328125 0.021484375
0 0.7607421875 0.76171875 0.07421875 0.048828125
0 0.4833984375 0.4375 0.1669921875 0.0732421875
