0 0.025390625 0.2109375 0.05078125 0.1103515625
0 0.09375 0.3759765625 0.0986328125 0.060546875
0 0.037109375 0.5205078125 0.0556640625 0.0771484375
0 0.2744140625 0.501953125 0.109375 0.076171875
0 0.439453125 0.474609375 0.0927734375 0.072265625
0 0.466796875 0.408203125 0.064453125 0.0595703125
0 0.5341796875 0.376953125 0.0712890625 0.091796875
0 0.6748046875 0.431640625 0.0634765625 0.064453125
0 0.623046875 0.462890625 0.0966796875 0.0712890625
0 0.5234375 0.505859375 0.0947265625 0.06640625
0 0.4951171875 0.5673828125 0.1015625 0.064453125
0 0.826171875 0.51171875 0.0859375 0.064453125
0 0.8349609375 0.4248046875 0.0693359375 0.0927734375
0 0.87890625 0.3955078125 0.052734375 0.08203125
0 0.8955078125 0.3095703125 0.0517578125 0.0556640625
0 0.939453125 0.4091796875 0.0712890625 0.0791015625
0 0.8955078125 0.4638671875 0.056640625 0.0771484375
0 0.9443359375 0.7822265625 0.0791015625 0.076171875
0 0.7890625 0.7685546875 0.076171875 0.0712890625
0 0.8818359375 0.875 0.0712890625 0.08203125
0 0.833984375 0.91015625 0.0693359375 0.0771484375
0 0.775390625 0.9189453125 0.056640625 0.0654296875
0 0.658203125 0.9306640625 0.06640625 0.07421875
0 0.58984375 0.916015625 0.05859375 0.0625
0 0.572265625 0.9814453125 0.06640625 0.037109375
0 0.30078125 0.951171875 0.0673828125 0.0576171875
0 0.2607421875 0.8681640625 0.056640625 0.0576171875
0 0.18857422471046448 0.805468738079071 0.05849608778953552 0.050488293170928955
0 0.0546875 0.8193359375 0.068359375 0.048828125
0 0.0859375 0.890625 0.087890625 0.068359375
0 0.0458984375 0.953125 0.0908203125 0.09375
0 0.943359375 0.486328125 0.078125 0.0693359375
0 0.0185546875 0.380859375 0.037109375 0.05078125
0 0.021484375 0.4521484375 0.04296875 0.0634765625
0 0.5732421875 0.4462890625 0.0556640625 0.064453125
