0 0.826171875 0.0458984375 0.0888671875 0.087890625
0 0.68359375 0.21875 0.07421875 0.076171875
0 0.8125 0.3447265625 0.09765625 0.1103515625
0 0.974609375 0.1748046875 0.0498046875 0.1484375
0 0.595703125 0.5537109375 0.1005859375 0.0615234375
0 0.798828125 0.21875 0.134765625 0.0546875
0 0.88671875 0.8154296875 0.02734375 0.07421875
0 0.5087890625 0.2373046875 0.087890625 0.0400390625
0 0.21484375 0.8037109375 0.111328125 0.0361328125
0 0.2119140625 0.23828125 0.12109375 0.04296875
0 0.1357421875 0.318359375 0.109375 0.037109375
0 0.0478515625 0.1689453125 0.0966796875 0.05859375
0 0.9697265625 0.087890625 0.060546875 0.0576171875
0 0.0966796875 0.3544921875 0.1318359375 0.0302734375
0 0.5400390625 0.072265625 0.0908203125 0.052734375
0 0.6708984375 0.8759765625 0.1064453125 0.033203125
0 0.0810546875 0.5576171875 0.1376953125 0.033203125
0 0.2900390625 0.064453125 0.0859375 0.0478515625
0 0.138671875 0.5361328125 0.1669921875 0.0439453125
0 0.69140625 0.3896484375 0.080078125 0.068359375
0 0.3896484375 0.62109375 0.0751953125 0.0361328125
0 0.4970703125 0.7265625 0.11328125 0.05078125
0 0.3232421875 0.5576171875 0.080078125 0.041015625
0 0.353515625 0.6689453125 0.078125 0.0419921875
0 0.3779296875 0.328125 0.0830078125 0.03515625
0 0.36328125 0.5361328125 0.20703125 0.08203125
0 0.34765625 0.07421875 0.0576171875 0.037109375
0 0.63671875 0.03125 0.1396484375 0.05859375
0 0.6845703125 0.5361328125 0.1240234375 0.0771484375
0 0.46875 0.3740234375 0.0615234375 0.021484375
0 0.2158203125 0.6337890625 0.0947265625 0.025390625
0 0.6083984375 0.595703125 0.0615234375 0.03515625
0 0.5654296875 0.103515625 0.0693359375 0.03515625
0 0.9248046875 0.251953125 0.078125 0.025390625
0 0.578125 0.6875 0.1201171875 0.0419921875
0 0.21484375 0.0546875 0.08984375 0.0263671875
0 0.8544921875 0.5478515625 0.1025390625 0.0283203125
0 0.8837890625 0.9873046875 0.115234375 0.025390625
0 0.7861328125 0.8974609375 0.0517578125 0.0263671875
0 0.37890625 0.35546875 0.052734375 0.0302734375
0 0.931640625 0.8857421875 0.130859375 0.0400390625
0 0.7216796875 0.373046875 0.1201171875 0.03515625
0 0.4150390625 0.30859375 0.10595703125 0.025488287210464478
0 0.578125 0.2763671875 0.05859375 0.025390625
0 0.12109375 0.2587890625 0.0869140625 0.0185546875
0 0.4970703125 0.8994140625 0.0849609375 0.0224609375
0 0.57421875 0.9912109375 0.0654296875 0.017578125
0 0.052734375 0.9267578125 0.0986328125 0.025390625
0 0.8271484375 0.603515625 0.1357421875 0.037109375
0 0.6279296875 0.955078125 0.1318359375 0.0517578125
0 0.6298828125 0.7333984375 0.0966796875 0.0263671875
0 0.048828125 0.67578125 0.095703125 0.0380859375
0 0.806640625 0.271484375 0.0703125 0.0224609375
0 0.9658203125 0.39453125 0.0673828125 0.025390625
0 0.619140625 0.525390625 0.083984375 0.0439453125
0 0.6767578125 0.603515625 0.0654296875 0.015625
0 0.0146484375 0.76171875 0.029296875 0.0556640625
0 0.919921875 0.2607421875 0.0693359375 0.0302734375
0 0.419921875 0.7568359375 0.099609375 0.0390625
