0 0.369140625 0.015625 0.0849609375 0.0322265625
0 0.54296875 0.546875 0.0830078125 0.08984375
0 0.7763671875 0.078125 0.1103515625 0.0625
0 0.91015625 0.056640625 0.1181640625 0.0947265625
0 0.7890625 0.3408203125 0.0849609375 0.087890625
0 0.5556640625 0.2177734375 0.09765625 0.0927734375
0 0.6982421875 0.568359375 0.1025390625 0.091796875
0 0.5078125 0.669921875 0.0771484375 0.080078125
0 0.421875 0.2734375 0.0849609375 0.087890625
0 0.5244140625 0.779296875 0.0751953125 0.099609375
0 0.728515625 0.296875 0.087890625 0.115234375
0 0.45703125 0.4404296875 0.10546875 0.0927734375
0 0.6015625 0.1103515625 0.0947265625 0.0830078125
0 0.478515625 0.3212890625 0.08203125 0.0849609375
0 0.7314453125 0.62890625 0.0947265625 0.0849609375
0 0.3798828125 0.744140625 0.0576171875 0.1044921875
0 0.4814453125 0.8623046875 0.0751953125 0.134765625
0 0.830078125 0.86328125 0.0927734375 0.078125
0 0.390625 0.8544921875 0.0595703125 0.0595703125
0 0.3583984375 0.974609375 0.056640625 0.0498046875
