0 0.3447265625 0.9052734375 0.05859375 0.0810546875
0 0.7197265625 0.28125 0.0732421875 0.0810546875
0 0.65234375 0.8017578125 0.1044921875 0.099609375
0 0.6552734375 0.2421875 0.0654296875 0.1005859375
0 0.0478515625 0.7158203125 0.072265625 0.10546875
0 0.6064453125 0.3798828125 0.0380859375 0.1015625
0 0.4853515625 0.5556640625 0.107421875 0.056640625
0 0.2646484375 0.48828125 0.0478515625 0.0927734375
0 0.15625 0.12109375 0.068359375 0.0673828125
0 0.431640625 0.16015625 0.0556640625 0.0947265625
0 0.8212890625 0.09375 0.068359375 0.126953125
0 0.18359375 0.9638671875 0.0673828125 0.0693359375
0 0.0439453125 0.3564453125 0.087890625 0.1171875
0 0.705078125 0.6142578125 0.1005859375 0.078125
0 0.4990234375 0.8046875 0.025390625 0.06640625
0 0.01953125 0.775390625 0.0390625 0.064453125
0 0.5380859375 0.2890625 0.06640625 0.0546875
0 0.74609375 0.392578125 0.083984375 0.0908203125
0 0.140625 0.322265625 0.0810546875 0.130859375
0 0.5712890625 0.5498046875 0.0478515625 0.068359375
0 0.2900390625 0.8544921875 0.064453125 0.072265625
0 0.26171875 0.9716796875 0.091796875 0.0439453125
0 0.412109375 0.578125 0.0244140625 0.06640625
0 0.2998046875 0.4580078125 0.064453125 0.06640625
0 0.7236328125 0.71484375 0.0595703125 0.0634765625
0 0.74755859375 0.569531261920929 0.08935546875 0.060351550579071045
0 0.5126953125 0.2158203125 0.05859375 0.0576171875
0 0.6259765625 0.0673828125 0.0537109375 0.0947265625
0 0.8720703125 0.80859375 0.03125 0.080078125
0 0.5771484375 0.75390625 0.0439453125 0.0751953125
0 0.365234375 0.119140625 0.0390625 0.1044921875
0 0.0107421875 0.546875 0.0224609375 0.0458984375
0 0.6748046875 0.75390625 0.0244140625 0.0693359375
0 0.1328125 0.20703125 0.0732421875 0.044921875
0 0.025390625 0.830078125 0.0517578125 0.0302734375
0 0.60546875 0.4755859375 0.048828125 0.0654296875
0 0.4248046875 0.416015625 0.0498046875 0.08984375
0 0.1884765625 0.701171875 0.0615234375 0.0791015625
0 0.6630859375 0.138671875 0.0419921875 0.0771484375
0 0.111328125 0.2373046875 0.04296875 0.0693359375
0 0.869140625 0.4228515625 0.037109375 0.11328125
0 0.09384765475988388 0.9620116949081421 0.07949218899011612 0.07412111759185791
0 0.796875 0.9482421875 0.056640625 0.0322265625
0 0.2676757872104645 0.9090820550918579 0.05849608778953552 0.03232419490814209
0 0.6083984375 0.869140625 0.04296875 0.072265625
0 0.087890625 0.056640625 0.0390625 0.03515625
0 0.740234375 0.494140625 0.0732421875 0.052734375
0 0.8583984375 0.5478515625 0.083984375 0.0458984375
0 0.4599609375 0.3330078125 0.0771484375 0.048828125
0 0.75 0.919921875 0.0771484375 0.0478515625
0 0.16015625 0.490234375 0.046875 0.056640625
0 0.6767578125 0.9931640625 0.0400390625 0.013671875
0 0.375 0.810546875 0.0771484375 0.05859375
0 0.0166015625 0.5869140625 0.0341796875 0.0615234375
0 0.1640625 0.05859375 0.072265625 0.07421875
0 0.2646484375 0.0107421875 0.052734375 0.021484375
0 0.921875 0.2900390625 0.0498046875 0.060546875
0 0.951171875 0.322265625 0.046875 0.052734375
0 0.177734375 0.5390625 0.078125 0.0634765625
0 0.0244140625 0.3583984375 0.048828125 0.0361328125
