0 0.609375 0.939453125 0.0732421875 0.0859375
0 0.23828125 0.4404296875 0.0751953125 0.0849609375
0 0.884765625 0.1123046875 0.052734375 0.0888671875
0 0.7373046875 0.5068359375 0.0478515625 0.0859375
0 0.0390625 0.1787109375 0.0634765625 0.08984375
0 0.291015625 0.95703125 0.068359375 0.0751953125
0 0.9443359375 0.76171875 0.0537109375 0.078125
0 0.7548828125 0.091796875 0.056640625 0.0966796875
0 0.12109375 0.1689453125 0.06640625 0.0810546875
0 0.8388671875 0.1728515625 0.046875 0.087890625
0 0.9482421875 0.0302734375 0.033203125 0.060546875
0 0.0732421875 0.4541015625 0.0693359375 0.1083984375
0 0.5322265625 0.412109375 0.0556640625 0.099609375
0 0.458984375 0.9345703125 0.0458984375 0.080078125
0 0.8486328125 0.546875 0.0654296875 0.1044921875
0 0.716796875 0.8916015625 0.064453125 0.07421875
0 0.0068359375 0.7763671875 0.0146484375 0.0751953125
0 0.4267578125 0.5927734375 0.0439453125 0.0869140625
0 0.125 0.6103515625 0.0732421875 0.072265625
0 0.1201171875 0.21875 0.0654296875 0.0693359375
0 0.939453125 0.85546875 0.060546875 0.05078125
0 0.6572265625 0.21875 0.0390625 0.078125
0 0.8896484375 0.20703125 0.041015625 0.0771484375
0 0.4794921875 0.8310546875 0.0361328125 0.068359375
0 0.9697265625 0.2880859375 0.0556640625 0.0537109375
0 0.005859375 0.8828125 0.0126953125 0.0478515625
0 0.7724609375 0.21875 0.041015625 0.0654296875
0 0.9677734375 0.2275390625 0.0634765625 0.0791015625
0 0.1669921875 0.8681640625 0.076171875 0.0390625
0 0.515625 0.8056640625 0.0302734375 0.068359375
0 0.984375 0.5126953125 0.03125 0.0517578125
0 0.197265625 0.9287109375 0.0361328125 0.06640625
0 0.31640625 0.5087890625 0.076171875 0.05078125
0 0.6220703125 0.3388671875 0.0517578125 0.0625
0 0.05078125 0.974609375 0.0830078125 0.0185546875
0 0.744140625 0.2216796875 0.052734375 0.060546875
0 0.34375 0.9677734375 0.0673828125 0.0302734375
0 0.3740234375 0.517578125 0.029296875 0.0556640625
0 0.314453125 0.328125 0.0546875 0.041015625
0 0.162109375 0.0615234375 0.0791015625 0.041015625
0 0.9765625 0.9794921875 0.029296875 0.0400390625
0 0.0712890625 0.802734375 0.0361328125 0.0546875
0 0.5908203125 0.16015625 0.048828125 0.0537109375
0 0.6728515625 0.1923828125 0.052734375 0.0673828125
0 0.8974609375 0.896484375 0.03125 0.05078125
0 0.2177734375 0.8974609375 0.041015625 0.0625
0 0.751953125 0.3046875 0.033203125 0.0478515625
0 0.19921875 0.6767578125 0.0693359375 0.02734375
0 0.923828125 0.8759765625 0.0380859375 0.0439453125
0 0.3525390625 0.818359375 0.046875 0.0419921875
0 0.3603515625 0.67626953125 0.08818358182907104 0.050097644329071045
0 0.5390625 0.6396484375 0.048828125 0.02734375
0 0.5517578125 0.197265625 0.05078125 0.029296875
0 0.66015625 0.0546875 0.044921875 0.03125
0 0.435546875 0.7861328125 0.04296875 0.052734375
0 0.53515625 0.3056640625 0.046875 0.0166015625
0 0.0263671875 0.40234375 0.052734375 0.064453125
0 0.189453125 0.9912109375 0.052734375 0.0166015625
0 0.0078125 0.2060546875 0.015625 0.029296875
0 0.26953125 0.708984375 0.0341796875 0.04296875
0 0.365234375 0.5439453125 0.1015625 0.0673828125
0 0.8984375 0.9384765625 0.05078125 0.0400390625
0 0.533203125 0.939453125 0.0419921875 0.0458984375
0 0.2646484375 0.888671875 0.044921875 0.046875
0 0.3818359375 0.875 0.0361328125 0.03515625
0 0.435546875 0.818359375 0.0556640625 0.044921875
0 0.798828125 0.8837890625 0.0498046875 0.0400390625
0 0.6884765625 0.7451171875 0.064453125 0.0556640625
