0 0.279296875 0.16796875 0.1640625 0.0693359375
0 0.1845703125 0.0439453125 0.1025390625 0.087890625
0 0.0732421875 0.0517578125 0.09375 0.0830078125
0 0.6630859375 0.052734375 0.111328125 0.10546875
0 0.7890625 0.2197265625 0.1796875 0.08984375
0 0.9375 0.1904296875 0.125 0.130859375
0 0.9462890625 0.4306640625 0.1064453125 0.1552734375
0 0.70703125 0.552734375 0.0888671875 0.2607421875
0 0.5615234375 0.4033203125 0.1201171875 0.162109375
0 0.384765625 0.5009765625 0.16796875 0.1328125
0 0.255859375 0.515625 0.0712890625 0.109375
0 0.2314453125 0.33203125 0.11328125 0.103515625
0 0.248046875 0.6884765625 0.0869140625 0.1474609375
0 0.1748046875 0.5068359375 0.0634765625 0.1845703125
0 0.0341796875 0.4541015625 0.068359375 0.1484375
0 0.1435546875 0.708984375 0.0732421875 0.0810546875
0 0.0693359375 0.7783203125 0.1396484375 0.0986328125
0 0.0517578125 0.88671875 0.099609375 0.1435546875
0 0.234375 0.9638671875 0.087890625 0.0712890625
0 0.4052734375 0.8896484375 0.126953125 0.142578125
0 0.609375 0.611328125 0.0986328125 0.2626953125
0 0.642578125 0.833984375 0.1591796875 0.1025390625
0 0.7294921875 0.8271484375 0.125 0.125
0 0.9091796875 0.7587890625 0.099609375 0.111328125
0 0.9814453125 0.625 0.037109375 0.1103515625
0 0.958984375 0.8271484375 0.0810546875 0.0634765625
0 0.9384765625 0.8740234375 0.0908203125 0.0576171875
0 0.7275390625 0.97265625 0.11328125 0.0546875
0 0.642578125 0.9814453125 0.0634765625 0.037109375
0 0.34375 0.6689453125 0.087890625 0.0712890625
0 0.2041015625 0.111328125 0.22265625 0.072265625
0 0.1259765625 0.681640625 0.0869140625 0.103515625
