0 0.634765625 0.1328125 0.14453125 0.1123046875
0 0.1630859375 0.5068359375 0.1171875 0.134765625
0 0.595703125 0.78515625 0.15234375 0.1025390625
0 0.2578125 0.6376953125 0.0869140625 0.0869140625
0 0.9228515625 0.8203125 0.1533203125 0.1416015625
0 0.5517578125 0.19140625 0.0849609375 0.1005859375
0 0.0419921875 0.0244140625 0.083984375 0.046875
0 0.310546875 0.423828125 0.107421875 0.1044921875
0 0.310546875 0.3125 0.162109375 0.1474609375
0 0.119140625 0.244140625 0.1044921875 0.0595703125
0 0.9365234375 0.2607421875 0.1201171875 0.08203125
0 0.4140625 0.955078125 0.1044921875 0.0830078125
0 0.869140625 0.8525390625 0.1103515625 0.1025390625
