0 0.45703125 0.884765625 0.0966796875 0.1630859375
0 0.5927734375 0.94921875 0.171875 0.080078125
0 0.578125 0.875 0.162109375 0.080078125
0 0.23828125 0.939453125 0.080078125 0.0556640625
0 0.857421875 0.7451171875 0.1806640625 0.1640625
0 0.763671875 0.89453125 0.0673828125 0.2109375
0 0.650390625 0.8408203125 0.0576171875 0.1416015625
0 0.9453125 0.9404296875 0.1044921875 0.1171875
0 0.884765625 0.892578125 0.1044921875 0.212890625
0 0.83984375 0.9013671875 0.09375 0.1005859375
0 0.70703125 0.9482421875 0.0771484375 0.1025390625
0 0.267578125 0.9833984375 0.0947265625 0.033203125
0 0.7490234375 0.740234375 0.03515625 0.06640625
