0 0.025390625 0.423828125 0.05078125 0.1015625
0 0.1015625 0.458984375 0.0693359375 0.06640625
0 0.0146484375 0.51171875 0.0302734375 0.0703125
0 0.2724609375 0.451171875 0.087890625 0.0830078125
0 0.3505859375 0.423828125 0.068359375 0.048828125
0 0.341796875 0.4677734375 0.068359375 0.0498046875
0 0.4013671875 0.5107421875 0.07421875 0.091796875
0 0.4921875 0.50390625 0.0712890625 0.0986328125
0 0.27734375 0.5625 0.0703125 0.0615234375
0 0.2626953125 0.607421875 0.08203125 0.052734375
0 0.31640625 0.6396484375 0.087890625 0.068359375
0 0.4404296875 0.6005859375 0.0888671875 0.083984375
0 0.3369140625 0.740234375 0.05859375 0.07421875
0 0.580078125 0.42578125 0.083984375 0.0712890625
0 0.6708984375 0.40625 0.056640625 0.0732421875
0 0.66015625 0.4716796875 0.0634765625 0.0703125
0 0.6572265625 0.5673828125 0.0625 0.068359375
0 0.7529296875 0.5 0.0732421875 0.0791015625
0 0.845703125 0.3486328125 0.0595703125 0.07421875
0 0.9658203125 0.4365234375 0.068359375 0.095703125
0 0.908203125 0.4990234375 0.1005859375 0.0654296875
0 0.8564453125 0.5703125 0.06640625 0.060546875
0 0.90625 0.6142578125 0.09375 0.068359375
0 0.84375 0.966796875 0.0546875 0.0654296875
0 0.7216796875 0.912109375 0.068359375 0.07421875
0 0.365234375 0.81640625 0.0634765625 0.078125
0 0.5458984375 0.9228515625 0.1220703125 0.109375
0 0.4921875 0.953125 0.09765625 0.0654296875
0 0.6025390625 0.9755859375 0.091796875 0.046875
0 0.375 0.9130859375 0.0625 0.052734375
0 0.232421875 0.9541015625 0.080078125 0.0908203125
0 0.0361328125 0.9248046875 0.0703125 0.09765625
