0 0.4775390625 0.8037109375 0.048828125 0.083984375
0 0.083984375 0.2353515625 0.060546875 0.0771484375
0 0.255859375 0.79296875 0.0595703125 0.0810546875
0 0.5244140625 0.2353515625 0.076171875 0.0732421875
0 0.2275390625 0.1650390625 0.056640625 0.0732421875
0 0.142578125 0.1416015625 0.0654296875 0.0693359375
0 0.5712890625 0.53515625 0.0556640625 0.1171875
0 0.0078125 0.484375 0.0166015625 0.0546875
0 0.1357421875 0.564453125 0.044921875 0.0712890625
0 0.640625 0.822265625 0.083984375 0.0517578125
0 0.650390625 0.50390625 0.05078125 0.0732421875
0 0.5869140625 0.0517578125 0.0341796875 0.0947265625
0 0.4404296875 0.1923828125 0.0400390625 0.0908203125
0 0.296875 0.2236328125 0.0712890625 0.056640625
0 0.20703125 0.9169921875 0.046875 0.0751953125
0 0.0556640625 0.130859375 0.0439453125 0.091796875
0 0.2001953125 0.740234375 0.07421875 0.048828125
0 0.2294921875 0.4609375 0.0615234375 0.0498046875
0 0.3798828125 0.51171875 0.0576171875 0.06640625
0 0.9462890625 0.1328125 0.05078125 0.064453125
0 0.248046875 0.025390625 0.0478515625 0.0322265625
0 0.2734375 0.6513671875 0.0771484375 0.0361328125
0 0.755859375 0.2734375 0.0546875 0.056640625
0 0.9443359375 0.205078125 0.0263671875 0.072265625
0 0.978515625 0.3525390625 0.0419921875 0.0625
0 0.2685546875 0.5537109375 0.0634765625 0.0625
0 0.294921875 0.3193359375 0.0380859375 0.0615234375
0 0.408203125 0.8447265625 0.103515625 0.0986328125
0 0.4306640625 0.4990234375 0.0771484375 0.0478515625
0 0.8828125 0.462890625 0.056640625 0.0732421875
0 0.98046875 0.5703125 0.0263671875 0.087890625
0 0.6943359375 0.2333984375 0.029296875 0.0654296875
0 0.1181640625 0.484375 0.05078125 0.0322265625
0 0.232421875 0.4990234375 0.0537109375 0.0615234375
0 0.8212890625 0.546875 0.0322265625 0.07421875
0 0.900390625 0.0263671875 0.0380859375 0.0537109375
0 0.07207031175494194 0.8246093988418579 0.0566406287252903 0.04296875
0 0.322265625 0.4833984375 0.0419921875 0.07421875
0 0.271484375 0.9384765625 0.0517578125 0.029296875
0 0.6806640625 0.640625 0.0517578125 0.0546875
0 0.8017578125 0.6875 0.05859375 0.02734375
0 0.03515625 0.755859375 0.0703125 0.0283203125
0 0.96875 0.765625 0.0302734375 0.0751953125
0 0.3388671875 0.451171875 0.0390625 0.0537109375
0 0.919921875 0.9228515625 0.0302734375 0.0615234375
0 0.1455078125 0.8779296875 0.056640625 0.04296875
0 0.5 0.572265625 0.046875 0.060546875
0 0.0283203125 0.486328125 0.0419921875 0.072265625
0 0.3515625 0.5732421875 0.0283203125 0.046875
0 0.654296875 0.9462890625 0.05078125 0.029296875
0 0.0302734375 0.73046875 0.0498046875 0.0517578125
0 0.904296875 0.841796875 0.033203125 0.046875
0 0.0576171875 0.8759765625 0.0400390625 0.025390625
0 0.4033203125 0.0146484375 0.029296875 0.0283203125
0 0.4423828125 0.89453125 0.0458984375 0.0546875
0 0.021484375 0.8046875 0.04296875 0.05859375
0 0.8583984375 0.5546875 0.0400390625 0.04296875
0 0.388671875 0.1572265625 0.0673828125 0.0556640625
0 0.52734375 0.8828125 0.0478515625 0.0361328125
0 0.990234375 0.712890625 0.01953125 0.078125
0 0.04296875 0.9462890625 0.0751953125 0.0478515625
