0 0.01171875 0.4033203125 0.0234375 0.091796875
0 0.34765625 0.5087890625 0.0517578125 0.08203125
0 0.40625 0.4228515625 0.07421875 0.1044921875
0 0.1748046875 0.232421875 0.076171875 0.1005859375
0 0.2744140625 0.404296875 0.0654296875 0.1005859375
0 0.037109375 0.0810546875 0.068359375 0.0986328125
0 0.5498046875 0.169921875 0.05859375 0.1015625
0 0.3681640625 0.45703125 0.0625 0.0888671875
0 0.599609375 0.705078125 0.0732421875 0.0595703125
0 0.8466796875 0.08203125 0.0478515625 0.1318359375
0 0.8994140625 0.0517578125 0.0615234375 0.103515625
0 0.4521484375 0.064453125 0.076171875 0.0927734375
0 0.4853515625 0.029296875 0.0654296875 0.0595703125
0 0.8623046875 0.8271484375 0.044921875 0.0693359375
0 0.181640625 0.0361328125 0.0478515625 0.0703125
0 0.08203125 0.798828125 0.0869140625 0.0458984375
0 0.9755859375 0.5712890625 0.048828125 0.0849609375
0 0.3017578125 0.19921875 0.0556640625 0.076171875
0 0.3828125 0.3466796875 0.076171875 0.0546875
0 0.8173828125 0.3828125 0.076171875 0.0625
0 0.2294921875 0.474609375 0.056640625 0.0966796875
0 0.09765625 0.7607421875 0.03125 0.080078125
0 0.71875 0.5166015625 0.0654296875 0.083984375
0 0.2705078125 0.03125 0.05078125 0.0634765625
0 0.01171875 0.0908203125 0.0234375 0.0771484375
0 0.3056640625 0.8037109375 0.0556640625 0.05078125
0 0.1328125 0.6982421875 0.0791015625 0.03125
0 0.2138671875 0.5205078125 0.0546875 0.046875
0 0.55859375 0.7978515625 0.0576171875 0.0478515625
0 0.18359375 0.5791015625 0.06640625 0.080078125
0 0.7578125 0.4150390625 0.0263671875 0.0556640625
0 0.8798828125 0.3544921875 0.05078125 0.1259765625
0 0.455078125 0.16015625 0.0771484375 0.0703125
0 0.263671875 0.640625 0.0712890625 0.09765625
0 0.529296875 0.2509765625 0.0302734375 0.0556640625
0 0.89453125 0.44921875 0.0576171875 0.1103515625
0 0.5048828125 0.53125 0.04296875 0.078125
0 0.6728515625 0.4345703125 0.056640625 0.125
0 0.2763671875 0.982421875 0.03125 0.03515625
0 0.44140625 0.5390625 0.052734375 0.0478515625
0 0.6142578125 0.509765625 0.052734375 0.0380859375
0 0.3203125 0.017578125 0.04296875 0.03515625
0 0.5458984375 0.9091796875 0.0498046875 0.0673828125
0 0.75 0.0966796875 0.0517578125 0.0693359375
0 0.3203125 0.92578125 0.0390625 0.033203125
0 0.513671875 0.4912109375 0.0537109375 0.0732421875
0 0.431640625 0.658203125 0.0458984375 0.052734375
0 0.6455078125 0.4990234375 0.044921875 0.0693359375
0 0.7568359375 0.1396484375 0.046875 0.0400390625
0 0.978515625 0.6904296875 0.04296875 0.1670898199081421
0 0.7626953125 0.6103515625 0.0888671875 0.0703125
0 0.328125 0.98828125 0.033203125 0.0234375
0 0.9111328125 0.841796875 0.0576171875 0.08203125
0 0.990234375 0.4404296875 0.01953125 0.0830078125
